/*--------------------------------*- C++ -*----------------------------------*\
| =========                 |                                                 |
| \\      /  F ield         | OpenFOAM: The Open Source CFD Toolbox           |
|  \\    /   O peration     | Version:  5.x                                   |
|   \\  /    A nd           | Web:      www.OpenFOAM.org                      |
|    \\/     M anipulation  |                                                 |
\*---------------------------------------------------------------------------*/
FoamFile
{
    version     2.0;
    format      ascii;
    class       volScalarField;
    location    "0.6";
    object      p;
}
// * * * * * * * * * * * * * * * * * * * * * * * * * * * * * * * * * * * * * //

dimensions      [0 2 -2 0 0 0 0];

internalField   nonuniform List<scalar> 
500
(
1.35599e-16
3.85431e-16
5.78288e-16
7.74665e-16
9.78672e-16
1.10725e-15
1.19062e-15
1.17239e-15
1.06565e-15
8.85869e-16
6.97978e-16
4.35736e-16
3.2574e-16
2.35547e-16
-5.40788e-17
-2.10863e-16
-1.4805e-16
-2.1761e-16
-5.04167e-16
-7.13712e-16
-9.41213e-16
-1.15416e-15
-1.42822e-15
-1.74334e-15
-1.59847e-15
-1.37254e-15
-1.31408e-15
-1.21849e-15
-1.27704e-15
-1.41859e-15
-1.45427e-15
-1.23181e-15
-1.15077e-15
-1.00829e-15
-1.11244e-15
-1.52951e-15
-1.55406e-15
-1.54101e-15
-1.63928e-15
-1.71047e-15
-1.93036e-15
-2.06057e-15
-1.76779e-15
-1.31721e-15
-7.78331e-16
-6.69718e-16
-6.70711e-16
-6.30931e-16
-4.41964e-16
-1.38984e-17
2.41025e-16
4.99964e-16
6.6367e-16
8.42806e-16
1.06282e-15
1.16697e-15
1.27224e-15
1.25432e-15
1.14337e-15
9.63857e-16
7.40384e-16
5.19414e-16
3.30038e-16
1.06127e-16
-7.3036e-17
-3.79188e-16
-2.76619e-16
-2.51831e-16
-4.94623e-16
-6.71609e-16
-9.76997e-16
-1.12895e-15
-1.47663e-15
-1.79112e-15
-1.75268e-15
-1.57125e-15
-1.43555e-15
-1.29449e-15
-1.17929e-15
-1.31519e-15
-1.36236e-15
-1.13948e-15
-1.0355e-15
-9.62969e-16
-9.14369e-16
-1.12819e-15
-1.28609e-15
-1.4901e-15
-1.65306e-15
-1.77246e-15
-1.96038e-15
-2.08407e-15
-1.83917e-15
-1.39781e-15
-1.12077e-15
-9.2023e-16
-6.54399e-16
-5.61737e-16
-4.09864e-16
-3.65906e-17
2.4048e-16
5.54601e-16
6.67203e-16
9.07822e-16
1.20042e-15
1.19094e-15
1.33568e-15
1.35211e-15
1.23067e-15
9.22556e-16
7.1141e-16
7.73072e-16
4.45754e-16
-6.57141e-17
-1.41921e-16
-4.85042e-16
-4.56238e-16
-4.12943e-16
-4.97017e-16
-6.28304e-16
-1.14106e-15
-1.2389e-15
-1.41551e-15
-1.77288e-15
-1.88543e-15
-1.74168e-15
-1.60052e-15
-1.2331e-15
-1.01571e-15
-1.21232e-15
-1.22447e-15
-1.14942e-15
-8.62436e-16
-7.39089e-16
-7.86805e-16
-1.06354e-15
-1.23365e-15
-1.3335e-15
-1.64163e-15
-1.74751e-15
-2.07938e-15
-2.09783e-15
-1.88306e-15
-1.63458e-15
-1.30261e-15
-8.70424e-16
-6.64971e-16
-6.62807e-16
-2.67021e-16
8.23301e-17
2.15521e-16
6.32316e-16
8.76382e-16
9.8405e-16
1.30439e-15
1.35072e-15
1.46554e-15
1.45282e-15
1.29615e-15
9.39401e-16
6.80827e-16
8.16142e-16
6.16465e-16
1.98163e-17
-3.25218e-16
-5.56496e-16
-6.46705e-16
-3.78793e-16
-6.50768e-16
-7.03154e-16
-1.26002e-15
-1.48976e-15
-1.56551e-15
-1.8648e-15
-1.92339e-15
-1.71941e-15
-1.5799e-15
-1.41867e-15
-1.10494e-15
-9.98043e-16
-1.06046e-15
-1.0327e-15
-5.74859e-16
-3.14122e-16
-6.70555e-16
-9.06643e-16
-1.00688e-15
-9.86258e-16
-1.53151e-15
-1.8428e-15
-2.08198e-15
-2.1051e-15
-1.89392e-15
-2.1152e-15
-1.34323e-15
-7.12526e-16
-8.31093e-16
-7.57756e-16
-4.03241e-16
-3.71523e-17
4.86465e-16
6.45808e-16
9.68804e-16
1.24417e-15
1.39151e-15
1.39055e-15
1.55711e-15
1.65537e-15
1.40561e-15
1.01929e-15
6.53036e-16
5.92217e-16
3.19061e-16
-6.46516e-17
-1.55061e-16
-3.51987e-16
-4.7093e-16
-4.95623e-16
-6.22293e-16
-1.00378e-15
-1.46593e-15
-1.97777e-15
-1.76854e-15
-1.92347e-15
-1.89887e-15
-1.84786e-15
-1.3929e-15
-1.38137e-15
-1.24581e-15
-9.14189e-16
-7.47124e-16
-6.18987e-16
-2.99715e-16
-1.24135e-16
-2.83236e-16
-2.55857e-16
-6.13194e-16
-8.484e-16
-1.59033e-15
-2.16209e-15
-2.25553e-15
-2.4771e-15
-2.2358e-15
-2.12861e-15
-1.54657e-15
-1.00922e-15
-1.08188e-15
-9.46389e-16
-2.88721e-16
9.42456e-17
2.2416e-16
1.08428e-15
1.55612e-15
1.25725e-15
1.63049e-15
1.78256e-15
1.82458e-15
1.91833e-15
1.59222e-15
1.01143e-15
8.54413e-16
2.63614e-16
-1.11392e-17
-2.70349e-16
-3.93619e-16
-1.56281e-16
-3.54609e-16
-4.52407e-16
-4.85355e-16
-1.09307e-15
-1.47613e-15
-1.79742e-15
-2.20215e-15
-2.09845e-15
-2.07566e-15
-2.08994e-15
-1.87716e-15
-1.66731e-15
-1.47824e-15
-9.39836e-16
-8.23877e-17
-3.61743e-16
8.20799e-17
4.55801e-16
2.86471e-16
1.84509e-16
-3.93097e-16
-8.62196e-16
-1.76639e-15
-2.06941e-15
-2.44865e-15
-2.5953e-15
-2.43527e-15
-2.44317e-15
-2.16131e-15
-1.48482e-15
-7.76374e-16
-5.77962e-16
-7.70455e-16
-2.06427e-16
1.17693e-16
1.02322e-15
1.793e-15
1.58892e-15
2.21505e-15
2.25077e-15
1.93597e-15
1.62654e-15
2.0307e-15
1.2368e-15
7.94211e-16
-1.11183e-16
-2.24173e-16
-5.62221e-16
-4.13144e-16
-6.47093e-16
-2.65077e-16
2.77262e-16
-4.40871e-16
-1.21163e-15
-1.52458e-15
-1.69356e-15
-2.0987e-15
-2.32625e-15
-2.45719e-15
-2.52401e-15
-2.53461e-15
-1.56504e-15
-1.56229e-15
-7.80641e-16
1.97741e-16
-6.93238e-17
4.89999e-16
8.64346e-16
6.40852e-16
3.81224e-16
-1.74201e-17
-9.54081e-16
-1.91263e-15
-2.09233e-15
-2.63322e-15
-2.55825e-15
-2.62043e-15
-2.60079e-15
-2.40012e-15
-1.79971e-15
-7.93204e-16
-1.08404e-15
-1.33642e-15
-4.17933e-16
3.62785e-16
1.1179e-15
1.83236e-15
1.96236e-15
2.19717e-15
1.90999e-15
2.19643e-15
2.38187e-15
2.44748e-15
1.48479e-15
6.52446e-16
-2.73932e-16
-1.63651e-16
-3.88327e-16
-2.86604e-16
-5.00004e-16
8.43993e-17
2.93458e-16
-1.74603e-16
-1.42026e-15
-1.61767e-15
-1.73293e-15
-2.50865e-15
-2.68902e-15
-3.07003e-15
-3.24017e-15
-2.9924e-15
-1.84103e-15
-1.40863e-15
-5.95452e-16
2.25715e-16
5.81432e-16
9.11754e-16
1.49423e-15
5.55915e-16
3.7248e-16
-9.41294e-17
-8.46655e-16
-1.59173e-15
-2.40687e-15
-2.36107e-15
-2.43048e-15
-3.31313e-15
-3.33524e-15
-2.50387e-15
-1.66295e-15
-1.26413e-15
-1.48709e-15
-1.52605e-15
-6.44611e-16
6.7957e-16
1.0688e-15
1.87169e-15
2.46064e-15
2.54178e-15
2.23225e-15
2.51603e-15
2.78133e-15
2.228e-15
1.66342e-15
5.04945e-16
-2.68662e-16
-2.28267e-17
-2.50579e-16
-9.09703e-16
-3.26513e-16
4.14292e-16
4.10966e-16
-5.05221e-16
-1.53141e-15
-1.47898e-15
-1.42041e-15
-2.17955e-15
-3.0049e-15
-3.34857e-15
-3.98466e-15
-2.81617e-15
-1.63665e-15
-1.43908e-15
-8.05526e-16
2.29127e-16
8.95927e-16
1.265e-15
1.94479e-15
8.18932e-16
1.62419e-16
-2.12537e-16
-1.44193e-15
-1.96788e-15
-2.32573e-15
-2.38127e-15
-2.79935e-15
-3.45008e-15
-3.78701e-15
-2.75852e-15
-2.4186e-15
-1.58976e-15
-1.41604e-15
-9.87073e-16
-3.92128e-16
1.78435e-16
-7.61491e-17
1.40056e-15
2.34978e-15
3.17486e-15
3.18344e-15
2.73168e-15
2.52138e-15
2.02002e-15
1.28582e-15
1.28838e-16
7.60848e-17
4.0932e-16
-2.98924e-16
-1.06129e-15
-4.6807e-16
-3.33348e-17
-9.97731e-17
-7.38048e-16
-1.637e-15
-1.12885e-15
-1.75401e-15
-2.75269e-15
-2.86774e-15
-2.82921e-15
-3.73451e-15
-2.83442e-15
-1.95475e-15
-1.43125e-15
-8.98966e-16
-4.71306e-16
6.97453e-16
1.644e-15
1.48955e-15
8.25389e-16
1.68465e-16
-4.81691e-16
-1.4332e-15
-2.37493e-15
-2.24709e-15
-2.03121e-15
-2.9487e-15
-4.03341e-15
-4.24592e-15
-3.44691e-15
-3.41863e-15
-1.45937e-15
-8.79437e-16
-1.22404e-15
-3.87606e-16
)
;

boundaryField
{
    movingWall
    {
        type            zeroGradient;
    }
    Inlet
    {
        type            fixedValue;
        value           uniform 0;
    }
    Outlet
    {
        type            fixedValue;
        value           uniform 0;
    }
    Bottom
    {
        type            zeroGradient;
    }
    frontAndBack
    {
        type            empty;
    }
}


// ************************************************************************* //
