/*--------------------------------*- C++ -*----------------------------------*\
| =========                 |                                                 |
| \\      /  F ield         | OpenFOAM: The Open Source CFD Toolbox           |
|  \\    /   O peration     | Version:  5.x                                   |
|   \\  /    A nd           | Web:      www.OpenFOAM.org                      |
|    \\/     M anipulation  |                                                 |
\*---------------------------------------------------------------------------*/
FoamFile
{
    version     2.0;
    format      ascii;
    class       surfaceScalarField;
    location    "0.6";
    object      phi;
}
// * * * * * * * * * * * * * * * * * * * * * * * * * * * * * * * * * * * * * //

dimensions      [0 3 -1 0 0 0 0];

internalField   nonuniform List<scalar> 
940
(
1.66e-08
-3.30444e-24
1.66e-08
-3.0267e-24
1.66e-08
1.22115e-25
1.66e-08
2.64835e-25
1.66e-08
-2.61779e-24
1.66e-08
-1.56917e-24
1.66e-08
-3.52615e-24
1.66e-08
-6.38086e-24
1.66e-08
7.73619e-25
1.66e-08
-2.81238e-25
1.66e-08
-5.88929e-24
1.66e-08
-1.33336e-24
1.66e-08
-2.62151e-24
1.66e-08
-6.92177e-24
1.66e-08
-2.00686e-24
1.66e-08
7.62178e-24
1.66e-08
-7.90305e-24
1.66e-08
-7.53137e-24
1.66e-08
-6.35699e-25
1.66e-08
-1.05493e-23
1.66e-08
5.05379e-25
1.66e-08
-2.12093e-24
1.66e-08
1.88347e-24
1.66e-08
1.59649e-23
1.66e-08
-4.95216e-25
1.66e-08
-5.81246e-24
1.66e-08
-2.01995e-24
1.66e-08
-5.34945e-24
1.66e-08
-6.19005e-24
1.66e-08
1.02924e-23
1.66e-08
1.22679e-23
1.66e-08
1.70927e-24
1.66e-08
8.7497e-24
1.66e-08
-5.25101e-24
1.66e-08
-4.24313e-24
1.66e-08
1.69321e-23
1.66e-08
4.61338e-24
1.66e-08
6.06244e-24
1.66e-08
4.24903e-24
1.66e-08
-1.85258e-24
1.66e-08
6.42133e-24
1.66e-08
1.46808e-23
1.66e-08
1.20947e-23
1.66e-08
-3.55325e-24
1.66e-08
-2.15506e-23
1.66e-08
-1.37304e-23
1.66e-08
-5.20226e-24
1.66e-08
-4.74828e-24
1.66e-08
6.74647e-24
-1.19613e-23
4.98e-08
-9.27989e-26
4.98e-08
-3.7455e-24
4.98e-08
3.96338e-24
4.98e-08
-8.89426e-25
4.98e-08
-8.25356e-24
4.98e-08
-2.27272e-24
4.98e-08
-8.47003e-24
4.98e-08
-1.38021e-23
4.98e-08
-5.96886e-24
4.98e-08
1.69597e-24
4.98e-08
-8.15786e-24
4.98e-08
-1.51278e-23
4.98e-08
-8.26979e-24
4.98e-08
-1.28986e-23
4.98e-08
-4.72537e-24
4.98e-08
4.26796e-24
4.98e-08
-1.82017e-23
4.98e-08
-1.67963e-23
4.98e-08
-4.15788e-24
4.98e-08
-7.15865e-24
4.98e-08
7.98984e-24
4.98e-08
3.83668e-24
4.98e-08
-3.3083e-24
4.98e-08
2.36543e-23
4.98e-08
-1.09212e-24
4.98e-08
-1.40977e-23
4.98e-08
-1.66653e-24
4.98e-08
-1.80117e-23
4.98e-08
-7.98056e-24
4.98e-08
2.62674e-23
4.98e-08
2.12792e-23
4.98e-08
1.11505e-23
4.98e-08
2.06382e-23
4.98e-08
-9.40803e-24
4.98e-08
-5.74901e-24
4.98e-08
3.97503e-23
4.98e-08
1.4074e-23
4.98e-08
1.3022e-23
4.98e-08
1.56436e-23
4.98e-08
-5.37488e-25
4.98e-08
2.3781e-23
4.98e-08
3.00008e-23
4.98e-08
1.78414e-23
4.98e-08
-1.71703e-23
4.98e-08
-3.63059e-23
4.98e-08
-2.71619e-23
4.98e-08
-2.79344e-23
4.98e-08
-6.75971e-24
4.98e-08
1.07077e-23
-2.3206e-23
8.3e-08
6.95392e-24
8.3e-08
-3.90884e-26
8.3e-08
-7.88084e-24
8.3e-08
-5.60994e-25
8.3e-08
-5.67529e-24
8.3e-08
-7.63284e-24
8.3e-08
-2.14827e-23
8.3e-08
-2.33701e-23
8.3e-08
-1.17844e-23
8.3e-08
-7.28782e-24
8.3e-08
-1.34899e-23
8.3e-08
-1.44054e-23
8.3e-08
-1.28975e-23
8.3e-08
-2.68276e-23
8.3e-08
-8.51748e-24
8.3e-08
-5.9201e-24
8.3e-08
-3.13558e-23
8.3e-08
-3.82534e-23
8.3e-08
-1.92767e-24
8.3e-08
-5.03489e-24
8.3e-08
1.16676e-23
8.3e-08
1.45755e-23
8.3e-08
2.83136e-24
8.3e-08
2.29802e-23
8.3e-08
3.49784e-24
8.3e-08
-1.92502e-23
8.3e-08
-9.64317e-24
8.3e-08
-9.09275e-24
8.3e-08
1.6277e-24
8.3e-08
2.99791e-23
8.3e-08
2.42894e-23
8.3e-08
2.27776e-23
8.3e-08
2.52227e-23
8.3e-08
-1.69868e-23
8.3e-08
-2.102e-24
8.3e-08
4.15099e-23
8.3e-08
1.40017e-23
8.3e-08
1.07763e-23
8.3e-08
2.1442e-23
8.3e-08
1.56764e-23
8.3e-08
3.18344e-23
8.3e-08
3.70922e-23
8.3e-08
1.65722e-23
8.3e-08
-1.26949e-23
8.3e-08
-4.08076e-23
8.3e-08
-5.1599e-23
8.3e-08
-4.79935e-23
8.3e-08
-5.19265e-24
8.3e-08
7.31399e-24
-3.01723e-23
1.162e-07
-3.53327e-25
1.162e-07
1.26322e-23
1.162e-07
-1.62868e-24
1.162e-07
-7.36615e-24
1.162e-07
-3.02293e-24
1.162e-07
-3.92636e-24
1.162e-07
-2.43058e-23
1.162e-07
-3.69928e-23
1.162e-07
-2.46569e-23
1.162e-07
-2.29716e-23
1.162e-07
-2.14478e-23
1.162e-07
-3.02579e-24
1.162e-07
2.05321e-24
1.162e-07
-1.93265e-23
1.162e-07
-2.69281e-23
1.162e-07
-3.0564e-23
1.162e-07
-5.58143e-23
1.162e-07
-3.79247e-23
1.162e-07
-2.36472e-23
1.162e-07
-5.24368e-24
1.162e-07
1.9186e-23
1.162e-07
3.06483e-23
1.162e-07
-3.16284e-24
1.162e-07
1.43066e-23
1.162e-07
1.29258e-23
1.162e-07
-3.73113e-24
1.162e-07
-1.31874e-23
1.162e-07
-1.19296e-23
1.162e-07
8.17646e-24
1.162e-07
2.32062e-23
1.162e-07
2.32938e-23
1.162e-07
2.67127e-23
1.162e-07
1.88582e-23
1.162e-07
-5.11851e-24
1.162e-07
1.76202e-25
1.162e-07
2.55644e-23
1.162e-07
2.19147e-23
1.162e-07
1.36657e-23
1.162e-07
3.17959e-23
1.162e-07
4.69044e-23
1.162e-07
3.58748e-23
1.162e-07
5.00943e-23
1.162e-07
3.48066e-23
1.162e-07
-1.6017e-23
1.162e-07
-4.40341e-23
1.162e-07
-7.87225e-23
1.162e-07
-6.40103e-23
1.162e-07
2.94271e-24
1.162e-07
-1.78454e-23
-6.11104e-23
1.494e-07
3.94355e-23
1.494e-07
5.25868e-24
1.494e-07
-6.02365e-24
1.494e-07
9.77496e-24
1.494e-07
-1.01255e-23
1.494e-07
-2.09779e-23
1.494e-07
-3.33457e-23
1.494e-07
-5.01507e-23
1.494e-07
-3.70511e-23
1.494e-07
-2.90432e-23
1.494e-07
-3.86071e-23
1.494e-07
4.98455e-25
1.494e-07
8.03635e-24
1.494e-07
-1.02215e-23
1.494e-07
-1.18999e-23
1.494e-07
-3.19118e-23
1.494e-07
-5.6446e-23
1.494e-07
-5.23006e-23
1.494e-07
-3.86545e-23
1.494e-07
-1.70088e-23
1.494e-07
6.71938e-24
1.494e-07
-9.36818e-25
1.494e-07
-6.93032e-24
1.494e-07
1.02446e-23
1.494e-07
2.65517e-23
1.494e-07
2.2899e-23
1.494e-07
2.58247e-23
1.494e-07
3.72999e-24
1.494e-07
1.44917e-23
1.494e-07
1.57855e-23
1.494e-07
1.13187e-23
1.494e-07
4.33663e-23
1.494e-07
8.45541e-24
1.494e-07
-2.25662e-23
1.494e-07
-8.63826e-24
1.494e-07
3.48716e-23
1.494e-07
4.12595e-23
1.494e-07
2.52153e-23
1.494e-07
3.63198e-23
1.494e-07
3.43053e-23
1.494e-07
2.84228e-23
1.494e-07
3.59086e-23
1.494e-07
3.54059e-23
1.494e-07
-5.46881e-24
1.494e-07
-4.61161e-23
1.494e-07
-9.28858e-23
1.494e-07
-8.61392e-23
1.494e-07
-2.23671e-23
1.494e-07
-1.44291e-23
-5.78385e-23
1.826e-07
4.30189e-23
1.826e-07
3.72225e-23
1.826e-07
2.09991e-23
1.826e-07
1.87592e-24
1.826e-07
-1.97915e-23
1.826e-07
-2.15939e-23
1.826e-07
-3.57489e-23
1.826e-07
-2.93682e-23
1.826e-07
-4.54501e-23
1.826e-07
-3.43745e-23
1.826e-07
-2.73188e-23
1.826e-07
1.25699e-24
1.826e-07
1.48708e-23
1.826e-07
-1.17757e-23
1.826e-07
-2.7169e-23
1.826e-07
-6.8592e-25
1.826e-07
-5.36188e-23
1.826e-07
-7.84788e-23
1.826e-07
-3.06108e-23
1.826e-07
-1.29676e-23
1.826e-07
3.09608e-24
1.826e-07
-1.13462e-23
1.826e-07
-3.8891e-23
1.826e-07
4.0456e-24
1.826e-07
3.24787e-23
1.826e-07
4.66484e-23
1.826e-07
4.71713e-23
1.826e-07
-1.50647e-23
1.826e-07
-1.44724e-24
1.826e-07
1.48252e-23
1.826e-07
2.83935e-23
1.826e-07
4.65099e-23
1.826e-07
7.03336e-24
1.826e-07
-2.18308e-23
1.826e-07
-2.1606e-23
1.826e-07
4.00109e-23
1.826e-07
4.814e-23
1.826e-07
3.4819e-23
1.826e-07
3.34297e-23
1.826e-07
1.92051e-23
1.826e-07
1.831e-23
1.826e-07
1.82747e-23
1.826e-07
2.78261e-23
1.826e-07
-2.69472e-23
1.826e-07
-6.24646e-23
1.826e-07
-8.40491e-23
1.826e-07
-6.15468e-23
1.826e-07
2.02801e-23
1.826e-07
-2.28347e-23
-7.79766e-23
2.158e-07
3.79969e-23
2.158e-07
4.25889e-23
2.158e-07
2.73344e-23
2.158e-07
-5.02682e-24
2.158e-07
2.40327e-24
2.158e-07
1.77261e-23
2.158e-07
-3.10301e-23
2.158e-07
-6.2637e-23
2.158e-07
-4.39192e-23
2.158e-07
-2.10529e-23
2.158e-07
-1.73163e-23
2.158e-07
-2.73746e-24
2.158e-07
-5.17051e-25
2.158e-07
-4.59041e-23
2.158e-07
-4.21042e-23
2.158e-07
-3.18058e-23
2.158e-07
-4.98948e-23
2.158e-07
-3.26579e-23
2.158e-07
-3.06466e-23
2.158e-07
-1.67982e-24
2.158e-07
8.27591e-24
2.158e-07
-1.46237e-23
2.158e-07
-2.32818e-23
2.158e-07
1.39538e-23
2.158e-07
4.5637e-23
2.158e-07
4.75574e-23
2.158e-07
4.39653e-23
2.158e-07
6.95717e-24
2.158e-07
-1.58238e-23
2.158e-07
2.80843e-23
2.158e-07
4.02628e-23
2.158e-07
2.29665e-23
2.158e-07
9.6897e-25
2.158e-07
-4.32854e-23
2.158e-07
-1.67964e-23
2.158e-07
3.84995e-23
2.158e-07
6.65804e-23
2.158e-07
2.94805e-23
2.158e-07
1.33185e-23
2.158e-07
1.19207e-23
2.158e-07
-1.85118e-23
2.158e-07
-7.49296e-24
2.158e-07
3.79526e-23
2.158e-07
-1.19039e-23
2.158e-07
-5.19452e-23
2.158e-07
-7.4869e-23
2.158e-07
-2.86059e-23
2.158e-07
2.34207e-23
2.158e-07
-2.59191e-23
-7.01097e-23
2.49e-07
2.38303e-23
2.49e-07
4.10294e-23
2.49e-07
2.61088e-23
2.49e-07
-1.15541e-23
2.49e-07
-2.1682e-23
2.49e-07
-1.3611e-23
2.49e-07
-1.55468e-23
2.49e-07
-3.76411e-23
2.49e-07
-9.21439e-24
2.49e-07
-5.06015e-24
2.49e-07
2.05308e-24
2.49e-07
-1.35199e-24
2.49e-07
-1.70099e-23
2.49e-07
-4.638e-23
2.49e-07
-1.89963e-23
2.49e-07
-2.49518e-23
2.49e-07
-3.11751e-23
2.49e-07
-2.98202e-23
2.49e-07
8.04214e-24
2.49e-07
1.11999e-24
2.49e-07
7.53766e-24
2.49e-07
-2.67141e-23
2.49e-07
-6.26406e-23
2.49e-07
6.97364e-24
2.49e-07
3.54281e-23
2.49e-07
4.87773e-23
2.49e-07
5.6147e-24
2.49e-07
-1.90521e-23
2.49e-07
9.76846e-24
2.49e-07
4.5318e-23
2.49e-07
3.17171e-23
2.49e-07
2.38579e-23
2.49e-07
-7.29486e-24
2.49e-07
-3.95621e-23
2.49e-07
-1.68185e-23
2.49e-07
4.11361e-23
2.49e-07
4.39413e-23
2.49e-07
4.86395e-23
2.49e-07
3.61237e-23
2.49e-07
-2.38116e-24
2.49e-07
-1.66609e-23
2.49e-07
1.24664e-23
2.49e-07
1.38664e-23
2.49e-07
-3.75816e-23
2.49e-07
-4.80657e-23
2.49e-07
-2.48977e-23
2.49e-07
-6.48782e-24
2.49e-07
2.52492e-23
2.49e-07
-5.32238e-23
-9.14793e-23
2.822e-07
4.71494e-23
2.822e-07
6.96338e-23
2.822e-07
4.20462e-23
2.822e-07
9.66637e-24
2.822e-07
-3.1624e-23
2.822e-07
-4.12816e-23
2.822e-07
-1.45406e-23
2.822e-07
5.47889e-25
2.822e-07
8.95669e-24
2.822e-07
1.9713e-23
2.822e-07
2.28974e-23
2.822e-07
-9.31929e-24
2.822e-07
-2.64264e-23
2.822e-07
-2.44783e-23
2.822e-07
-2.56462e-23
2.822e-07
-6.82864e-25
2.822e-07
6.74496e-24
2.822e-07
8.62263e-24
2.822e-07
9.48919e-24
2.822e-07
-1.76705e-24
2.822e-07
-5.70122e-24
2.822e-07
4.32778e-24
2.822e-07
-1.70028e-23
2.822e-07
-1.86354e-23
2.822e-07
-5.97183e-25
2.822e-07
3.75849e-24
2.822e-07
-7.10535e-24
2.822e-07
1.91465e-24
2.822e-07
2.00618e-23
2.822e-07
2.62869e-23
2.822e-07
3.69713e-23
2.822e-07
2.66077e-23
2.822e-07
-1.82951e-24
2.822e-07
8.83752e-24
2.822e-07
8.87442e-24
2.822e-07
2.11448e-23
2.822e-07
2.12824e-23
2.822e-07
2.91944e-24
2.822e-07
2.34085e-23
2.822e-07
9.51346e-24
2.822e-07
-1.47242e-23
2.822e-07
5.85851e-24
2.822e-07
1.93872e-23
2.822e-07
-2.77208e-23
2.822e-07
-1.86633e-23
2.822e-07
5.90784e-25
2.822e-07
-1.41715e-23
2.822e-07
7.92194e-24
2.822e-07
-1.28181e-23
-5.47658e-23
3.154e-07
3.154e-07
3.154e-07
3.154e-07
3.154e-07
3.154e-07
3.154e-07
3.154e-07
3.154e-07
3.154e-07
3.154e-07
3.154e-07
3.154e-07
3.154e-07
3.154e-07
3.154e-07
3.154e-07
3.154e-07
3.154e-07
3.154e-07
3.154e-07
3.154e-07
3.154e-07
3.154e-07
3.154e-07
3.154e-07
3.154e-07
3.154e-07
3.154e-07
3.154e-07
3.154e-07
3.154e-07
3.154e-07
3.154e-07
3.154e-07
3.154e-07
3.154e-07
3.154e-07
3.154e-07
3.154e-07
3.154e-07
3.154e-07
3.154e-07
3.154e-07
3.154e-07
3.154e-07
3.154e-07
3.154e-07
3.154e-07
)
;

boundaryField
{
    movingWall
    {
        type            calculated;
        value           uniform 0;
    }
    Inlet
    {
        type            calculated;
        value           nonuniform List<scalar> 10(-1.66e-08 -4.98e-08 -8.3e-08 -1.162e-07 -1.494e-07 -1.826e-07 -2.158e-07 -2.49e-07 -2.822e-07 -3.154e-07);
    }
    Outlet
    {
        type            calculated;
        value           nonuniform List<scalar> 10(1.66e-08 4.98e-08 8.3e-08 1.162e-07 1.494e-07 1.826e-07 2.158e-07 2.49e-07 2.822e-07 3.154e-07);
    }
    Bottom
    {
        type            calculated;
        value           uniform 0;
    }
    frontAndBack
    {
        type            empty;
        value           nonuniform 0();
    }
}


// ************************************************************************* //
