/*--------------------------------*- C++ -*----------------------------------*\
| =========                 |                                                 |
| \\      /  F ield         | OpenFOAM: The Open Source CFD Toolbox           |
|  \\    /   O peration     | Version:  5.x                                   |
|   \\  /    A nd           | Web:      www.OpenFOAM.org                      |
|    \\/     M anipulation  |                                                 |
\*---------------------------------------------------------------------------*/
FoamFile
{
    version     2.0;
    format      ascii;
    class       surfaceScalarField;
    location    "1";
    object      phi;
}
// * * * * * * * * * * * * * * * * * * * * * * * * * * * * * * * * * * * * * //

dimensions      [0 3 -1 0 0 0 0];

internalField   nonuniform List<scalar> 
940
(
1.66e-08
-1.01876e-23
1.66e-08
-8.89002e-24
1.66e-08
-6.74429e-24
1.66e-08
-5.96102e-24
1.66e-08
-3.93385e-24
1.66e-08
-1.45254e-24
1.66e-08
-5.87157e-25
1.66e-08
-5.51284e-25
1.66e-08
2.17412e-24
1.66e-08
3.10771e-24
1.66e-08
9.71783e-25
1.66e-08
4.39765e-24
1.66e-08
4.11763e-24
1.66e-08
-2.23341e-24
1.66e-08
5.42703e-24
1.66e-08
8.85061e-24
1.66e-08
-7.0242e-24
1.66e-08
-5.1038e-24
1.66e-08
2.32158e-24
1.66e-08
-6.58799e-24
1.66e-08
-2.94131e-24
1.66e-08
-4.06827e-24
1.66e-08
-8.0561e-24
1.66e-08
2.02967e-24
1.66e-08
-7.61537e-24
1.66e-08
-1.14863e-23
1.66e-08
-4.78638e-24
1.66e-08
-4.58744e-24
1.66e-08
-2.86707e-24
1.66e-08
9.89206e-24
1.66e-08
6.54854e-24
1.66e-08
5.80729e-24
1.66e-08
1.16003e-23
1.66e-08
-4.73922e-24
1.66e-08
-4.88377e-24
1.66e-08
1.54879e-23
1.66e-08
2.21511e-24
1.66e-08
3.37527e-24
1.66e-08
4.13613e-24
1.66e-08
2.11339e-24
1.66e-08
1.05474e-23
1.66e-08
1.747e-23
1.66e-08
1.28365e-23
1.66e-08
2.00117e-24
1.66e-08
-1.2067e-23
1.66e-08
-4.04352e-24
1.66e-08
6.6873e-24
1.66e-08
1.4102e-23
1.66e-08
2.49519e-23
1.39917e-23
4.98e-08
-1.96795e-23
4.98e-08
-1.62615e-23
4.98e-08
-1.3411e-23
4.98e-08
-1.56807e-23
4.98e-08
-1.8337e-23
4.98e-08
-6.01407e-24
4.98e-08
-6.46309e-24
4.98e-08
-4.06696e-24
4.98e-08
6.64316e-24
4.98e-08
1.19591e-23
4.98e-08
1.57308e-24
4.98e-08
1.81855e-24
4.98e-08
9.4767e-24
4.98e-08
3.57936e-24
4.98e-08
1.1775e-23
4.98e-08
1.91844e-23
4.98e-08
-9.94623e-24
4.98e-08
-1.41369e-23
4.98e-08
9.86427e-24
4.98e-08
-3.24095e-24
4.98e-08
-2.01756e-24
4.98e-08
-1.79516e-23
4.98e-08
-2.20424e-23
4.98e-08
-6.24007e-24
4.98e-08
-2.59292e-23
4.98e-08
-3.18539e-23
4.98e-08
-1.54813e-23
4.98e-08
-2.08987e-23
4.98e-08
-1.11634e-23
4.98e-08
2.46719e-23
4.98e-08
2.53731e-23
4.98e-08
1.2063e-23
4.98e-08
2.85225e-23
4.98e-08
-1.09373e-23
4.98e-08
-1.5103e-24
4.98e-08
3.5955e-23
4.98e-08
1.13081e-23
4.98e-08
2.08129e-23
4.98e-08
1.20322e-23
4.98e-08
8.56356e-24
4.98e-08
3.11555e-23
4.98e-08
3.9637e-23
4.98e-08
2.69071e-23
4.98e-08
-3.70003e-24
4.98e-08
-1.17238e-23
4.98e-08
4.55952e-24
4.98e-08
5.28145e-24
4.98e-08
3.30845e-23
4.98e-08
5.78213e-23
3.40677e-23
8.3e-08
-2.01232e-23
8.3e-08
-2.04357e-23
8.3e-08
-2.1524e-23
8.3e-08
-2.45236e-23
8.3e-08
-2.37501e-23
8.3e-08
-4.40233e-24
8.3e-08
-1.78934e-23
8.3e-08
-9.6395e-24
8.3e-08
-2.80921e-24
8.3e-08
1.1425e-23
8.3e-08
5.93011e-24
8.3e-08
1.65161e-23
8.3e-08
2.21123e-23
8.3e-08
7.83521e-25
8.3e-08
1.80121e-23
8.3e-08
1.85242e-23
8.3e-08
-7.43589e-24
8.3e-08
-8.58379e-25
8.3e-08
9.15899e-24
8.3e-08
5.41061e-24
8.3e-08
6.17014e-24
8.3e-08
-1.31448e-23
8.3e-08
-3.22963e-23
8.3e-08
-1.68598e-23
8.3e-08
-4.16365e-23
8.3e-08
-5.12964e-23
8.3e-08
-2.79684e-23
8.3e-08
-2.5637e-23
8.3e-08
1.04451e-24
8.3e-08
2.50893e-23
8.3e-08
3.00942e-23
8.3e-08
3.39735e-23
8.3e-08
3.13914e-23
8.3e-08
-1.19584e-23
8.3e-08
-3.94786e-25
8.3e-08
4.00679e-23
8.3e-08
1.61385e-23
8.3e-08
1.46904e-23
8.3e-08
3.67359e-23
8.3e-08
3.73928e-23
8.3e-08
4.57285e-23
8.3e-08
4.80396e-23
8.3e-08
3.69345e-23
8.3e-08
2.8023e-24
8.3e-08
-2.30013e-24
8.3e-08
-6.89599e-24
8.3e-08
-1.45874e-24
8.3e-08
6.74724e-23
8.3e-08
8.48572e-23
5.30675e-23
1.162e-07
-2.13075e-23
1.162e-07
-1.33839e-23
1.162e-07
-2.29182e-23
1.162e-07
-2.74494e-23
1.162e-07
-2.22658e-23
1.162e-07
-9.6727e-24
1.162e-07
-1.46764e-23
1.162e-07
-2.79268e-23
1.162e-07
-1.58512e-23
1.162e-07
8.39175e-24
1.162e-07
8.54872e-24
1.162e-07
2.13877e-23
1.162e-07
4.19577e-23
1.162e-07
2.61705e-23
1.162e-07
2.48603e-23
1.162e-07
2.51461e-23
1.162e-07
-5.35543e-24
1.162e-07
-1.20297e-24
1.162e-07
1.13754e-23
1.162e-07
-6.12225e-25
1.162e-07
3.19661e-24
1.162e-07
-1.06891e-23
1.162e-07
-5.08216e-23
1.162e-07
-4.88878e-23
1.162e-07
-4.6901e-23
1.162e-07
-4.27563e-23
1.162e-07
-3.57372e-23
1.162e-07
-3.49498e-23
1.162e-07
-8.73183e-24
1.162e-07
2.17992e-23
1.162e-07
3.89437e-23
1.162e-07
4.69231e-23
1.162e-07
2.89968e-23
1.162e-07
-1.73516e-24
1.162e-07
6.14579e-25
1.162e-07
2.26236e-23
1.162e-07
3.15492e-23
1.162e-07
3.8369e-23
1.162e-07
5.28169e-23
1.162e-07
6.94061e-23
1.162e-07
5.98475e-23
1.162e-07
4.87154e-23
1.162e-07
4.15528e-23
1.162e-07
6.63906e-24
1.162e-07
-1.32087e-23
1.162e-07
-7.7025e-24
1.162e-07
2.70366e-23
1.162e-07
9.728e-23
1.162e-07
9.00128e-23
5.25189e-23
1.494e-07
2.69441e-24
1.494e-07
-1.37391e-23
1.494e-07
-1.0364e-23
1.494e-07
-8.50125e-24
1.494e-07
-1.68753e-23
1.494e-07
-1.12121e-23
1.494e-07
-3.83068e-23
1.494e-07
-4.70592e-23
1.494e-07
1.75639e-25
1.494e-07
1.20566e-23
1.494e-07
2.12235e-23
1.494e-07
3.4553e-23
1.494e-07
6.21833e-23
1.494e-07
4.35538e-23
1.494e-07
1.63116e-23
1.494e-07
1.66004e-23
1.494e-07
-1.29964e-23
1.494e-07
-2.30106e-24
1.494e-07
1.17154e-23
1.494e-07
-9.40321e-24
1.494e-07
-5.31981e-24
1.494e-07
-2.34084e-23
1.494e-07
-6.07175e-23
1.494e-07
-3.89342e-23
1.494e-07
-3.46167e-23
1.494e-07
-2.61311e-23
1.494e-07
-2.59297e-23
1.494e-07
-3.0231e-23
1.494e-07
-1.3589e-23
1.494e-07
2.87588e-23
1.494e-07
3.39788e-23
1.494e-07
5.74737e-23
1.494e-07
2.87327e-23
1.494e-07
-1.4891e-23
1.494e-07
-2.48386e-23
1.494e-07
2.11729e-23
1.494e-07
5.99125e-23
1.494e-07
5.69945e-23
1.494e-07
7.15799e-23
1.494e-07
6.95784e-23
1.494e-07
6.68445e-23
1.494e-07
5.39826e-23
1.494e-07
3.59546e-23
1.494e-07
8.16942e-24
1.494e-07
-1.35413e-23
1.494e-07
-2.06974e-23
1.494e-07
2.19393e-23
1.494e-07
9.70799e-23
1.494e-07
8.49337e-23
4.42168e-23
1.826e-07
2.82223e-23
1.826e-07
2.94304e-23
1.826e-07
1.99731e-23
1.826e-07
-1.61027e-23
1.826e-07
-1.08461e-23
1.826e-07
-4.92669e-23
1.826e-07
-3.45074e-23
1.826e-07
-3.42617e-23
1.826e-07
-1.0226e-23
1.826e-07
-2.03986e-24
1.826e-07
2.38307e-24
1.826e-07
4.78877e-23
1.826e-07
6.14494e-23
1.826e-07
3.33795e-23
1.826e-07
1.75147e-23
1.826e-07
2.23293e-23
1.826e-07
-1.6722e-25
1.826e-07
-5.80522e-24
1.826e-07
1.55284e-23
1.826e-07
-1.64677e-23
1.826e-07
-9.60022e-24
1.826e-07
-4.04358e-23
1.826e-07
-5.97927e-23
1.826e-07
-4.33155e-23
1.826e-07
-1.72628e-23
1.826e-07
-3.74021e-23
1.826e-07
-1.71837e-23
1.826e-07
-2.12855e-23
1.826e-07
3.78174e-25
1.826e-07
1.02141e-23
1.826e-07
3.13599e-23
1.826e-07
3.44267e-23
1.826e-07
3.50869e-24
1.826e-07
-2.78258e-23
1.826e-07
-3.36552e-23
1.826e-07
3.19884e-23
1.826e-07
4.45312e-23
1.826e-07
6.37064e-23
1.826e-07
1.08034e-22
1.826e-07
1.08623e-22
1.826e-07
5.11448e-23
1.826e-07
4.92065e-23
1.826e-07
2.95901e-23
1.826e-07
-8.03433e-24
1.826e-07
-1.84229e-23
1.826e-07
-3.54995e-23
1.826e-07
4.04795e-23
1.826e-07
1.14987e-22
1.826e-07
8.16859e-23
3.64531e-23
2.158e-07
1.643e-23
2.158e-07
3.77238e-23
2.158e-07
3.06845e-23
2.158e-07
-6.17477e-24
2.158e-07
-3.65862e-23
2.158e-07
-1.65993e-23
2.158e-07
-3.43706e-23
2.158e-07
-6.1647e-23
2.158e-07
-1.51175e-23
2.158e-07
2.25191e-23
2.158e-07
3.69182e-23
2.158e-07
3.57598e-23
2.158e-07
3.9442e-23
2.158e-07
6.65408e-24
2.158e-07
-1.7596e-24
2.158e-07
1.86423e-23
2.158e-07
6.0893e-25
2.158e-07
3.69158e-23
2.158e-07
3.46476e-23
2.158e-07
2.57199e-23
2.158e-07
3.28171e-24
2.158e-07
-4.19812e-23
2.158e-07
-9.25424e-23
2.158e-07
-2.57695e-24
2.158e-07
-1.72684e-23
2.158e-07
-1.4617e-23
2.158e-07
-2.1701e-23
2.158e-07
-2.10717e-23
2.158e-07
-3.26202e-23
2.158e-07
2.75303e-23
2.158e-07
2.45023e-23
2.158e-07
1.6668e-24
2.158e-07
-2.43171e-23
2.158e-07
-5.47969e-23
2.158e-07
-2.19316e-24
2.158e-07
4.84767e-23
2.158e-07
7.63228e-23
2.158e-07
9.00097e-23
2.158e-07
1.13936e-22
2.158e-07
8.80142e-23
2.158e-07
3.84698e-23
2.158e-07
-1.20228e-23
2.158e-07
1.00432e-23
2.158e-07
-2.72803e-23
2.158e-07
-3.18557e-23
2.158e-07
-4.94766e-24
2.158e-07
2.60797e-23
2.158e-07
8.74349e-23
2.158e-07
7.48466e-23
4.69258e-23
2.49e-07
1.10808e-23
2.49e-07
3.05044e-23
2.49e-07
1.62722e-24
2.49e-07
-4.03928e-23
2.49e-07
-3.99122e-23
2.49e-07
-5.22542e-24
2.49e-07
-7.449e-24
2.49e-07
1.83653e-24
2.49e-07
-8.78937e-24
2.49e-07
1.01789e-23
2.49e-07
2.7762e-23
2.49e-07
2.74748e-23
2.49e-07
1.95326e-23
2.49e-07
-2.35778e-23
2.49e-07
-2.36055e-23
2.49e-07
1.67814e-23
2.49e-07
3.90532e-23
2.49e-07
4.02718e-23
2.49e-07
4.06261e-23
2.49e-07
2.26952e-23
2.49e-07
1.57787e-23
2.49e-07
-4.35595e-23
2.49e-07
-7.11707e-23
2.49e-07
-4.54214e-23
2.49e-07
6.01974e-24
2.49e-07
8.13167e-24
2.49e-07
-2.80823e-24
2.49e-07
-3.20326e-23
2.49e-07
8.76361e-24
2.49e-07
3.60012e-23
2.49e-07
2.18243e-23
2.49e-07
3.44003e-23
2.49e-07
-2.84606e-23
2.49e-07
-7.20064e-23
2.49e-07
-4.55959e-23
2.49e-07
4.62456e-23
2.49e-07
6.5294e-23
2.49e-07
4.80118e-23
2.49e-07
6.94891e-23
2.49e-07
2.7576e-23
2.49e-07
2.4746e-23
2.49e-07
4.09101e-24
2.49e-07
1.77421e-23
2.49e-07
-2.01107e-23
2.49e-07
-3.6071e-23
2.49e-07
-2.50516e-24
2.49e-07
6.38995e-23
2.49e-07
8.56713e-23
2.49e-07
3.20801e-23
7.62233e-24
2.822e-07
4.27799e-23
2.822e-07
2.40633e-23
2.822e-07
1.06298e-23
2.822e-07
5.8345e-24
2.822e-07
-3.41618e-23
2.822e-07
-3.44895e-23
2.822e-07
-9.72988e-24
2.822e-07
3.51916e-24
2.822e-07
2.17742e-23
2.822e-07
2.40965e-23
2.822e-07
1.24741e-23
2.822e-07
1.37887e-23
2.822e-07
-2.13702e-23
2.822e-07
-1.37562e-23
2.822e-07
2.48381e-24
2.822e-07
1.79452e-23
2.822e-07
3.01799e-23
2.822e-07
2.58836e-23
2.822e-07
4.02277e-23
2.822e-07
1.34768e-23
2.822e-07
1.05167e-23
2.822e-07
-1.84033e-23
2.822e-07
-6.97953e-23
2.822e-07
-3.7472e-23
2.822e-07
-1.60675e-23
2.822e-07
2.76883e-24
2.822e-07
-9.84921e-24
2.822e-07
-2.29978e-23
2.822e-07
9.74321e-24
2.822e-07
2.04822e-23
2.822e-07
3.48047e-23
2.822e-07
1.0895e-23
2.822e-07
-1.99591e-23
2.822e-07
-1.33044e-23
2.822e-07
-9.93164e-24
2.822e-07
1.4472e-23
2.822e-07
1.03767e-23
2.822e-07
1.76521e-23
2.822e-07
5.62903e-23
2.822e-07
2.58839e-23
2.822e-07
-4.31574e-24
2.822e-07
4.65787e-23
2.822e-07
2.6198e-23
2.822e-07
-2.70152e-23
2.822e-07
-1.54381e-23
2.822e-07
9.89348e-24
2.822e-07
1.74361e-23
2.822e-07
5.36346e-23
2.822e-07
1.10793e-25
-2.13026e-23
3.154e-07
3.154e-07
3.154e-07
3.154e-07
3.154e-07
3.154e-07
3.154e-07
3.154e-07
3.154e-07
3.154e-07
3.154e-07
3.154e-07
3.154e-07
3.154e-07
3.154e-07
3.154e-07
3.154e-07
3.154e-07
3.154e-07
3.154e-07
3.154e-07
3.154e-07
3.154e-07
3.154e-07
3.154e-07
3.154e-07
3.154e-07
3.154e-07
3.154e-07
3.154e-07
3.154e-07
3.154e-07
3.154e-07
3.154e-07
3.154e-07
3.154e-07
3.154e-07
3.154e-07
3.154e-07
3.154e-07
3.154e-07
3.154e-07
3.154e-07
3.154e-07
3.154e-07
3.154e-07
3.154e-07
3.154e-07
3.154e-07
)
;

boundaryField
{
    movingWall
    {
        type            calculated;
        value           uniform 0;
    }
    Inlet
    {
        type            calculated;
        value           nonuniform List<scalar> 10(-1.66e-08 -4.98e-08 -8.3e-08 -1.162e-07 -1.494e-07 -1.826e-07 -2.158e-07 -2.49e-07 -2.822e-07 -3.154e-07);
    }
    Outlet
    {
        type            calculated;
        value           nonuniform List<scalar> 10(1.66e-08 4.98e-08 8.3e-08 1.162e-07 1.494e-07 1.826e-07 2.158e-07 2.49e-07 2.822e-07 3.154e-07);
    }
    Bottom
    {
        type            calculated;
        value           uniform 0;
    }
    frontAndBack
    {
        type            empty;
        value           nonuniform 0();
    }
}


// ************************************************************************* //
