/*--------------------------------*- C++ -*----------------------------------*\
| =========                 |                                                 |
| \\      /  F ield         | OpenFOAM: The Open Source CFD Toolbox           |
|  \\    /   O peration     | Version:  5.x                                   |
|   \\  /    A nd           | Web:      www.OpenFOAM.org                      |
|    \\/     M anipulation  |                                                 |
\*---------------------------------------------------------------------------*/
FoamFile
{
    version     2.0;
    format      ascii;
    class       volVectorField;
    location    "1";
    object      U;
}
// * * * * * * * * * * * * * * * * * * * * * * * * * * * * * * * * * * * * * //

dimensions      [0 1 -1 0 0 0 0];

internalField   nonuniform List<vector> 
500
(
(0.0415 -1.48847e-17 0)
(0.0415 -1.346e-17 0)
(0.0415 -1.12853e-17 0)
(0.0415 -7.25775e-18 0)
(0.0415 -2.11548e-18 0)
(0.0415 9.59653e-19 0)
(0.0415 -3.92721e-18 0)
(0.0415 -6.84781e-19 0)
(0.0415 1.13949e-17 0)
(0.0415 6.36998e-18 0)
(0.0415 -7.4068e-19 0)
(0.0415 1.02174e-17 0)
(0.0415 1.45691e-18 0)
(0.0415 -1.25608e-17 0)
(0.0415 1.37352e-18 0)
(0.0415 1.56557e-17 0)
(0.0415 -1.39054e-17 0)
(0.0415 -5.5711e-18 0)
(0.0415 7.65379e-18 0)
(0.0415 -1.03207e-17 0)
(0.0415 -8.39138e-18 0)
(0.0415 -5.53667e-18 0)
(0.0415 -3.99564e-18 0)
(0.0415 6.66813e-18 0)
(0.0415 -4.09165e-18 0)
(0.0415 -1.57257e-17 0)
(0.0415 -4.46223e-19 0)
(0.0415 -3.28808e-18 0)
(0.0415 -9.93683e-18 0)
(0.0415 1.59983e-17 0)
(0.0415 5.91708e-19 0)
(0.0415 7.89275e-18 0)
(0.0415 1.83906e-17 0)
(0.0415 -2.02285e-17 0)
(0.0415 -9.7164e-18 0)
(0.0415 3.4938e-17 0)
(0.0415 6.08684e-18 0)
(0.0415 2.50605e-18 0)
(0.0415 -7.96256e-18 0)
(0.0415 -1.10713e-17 0)
(0.0415 2.90649e-17 0)
(0.0415 1.79199e-17 0)
(0.0415 1.15342e-17 0)
(0.0415 1.81429e-17 0)
(0.0415 -2.4939e-17 0)
(0.0415 -2.00549e-17 0)
(0.0415 2.17773e-17 0)
(0.0415 2.73489e-17 0)
(0.0415 1.63214e-17 0)
(0.0415 -7.99432e-18 0)
(0.1245 -4.10904e-17 0)
(0.1245 -3.61231e-17 0)
(0.1245 -2.4232e-17 0)
(0.1245 -2.59391e-17 0)
(0.1245 -3.45263e-17 0)
(0.1245 -1.04179e-17 0)
(0.1245 -5.8065e-18 0)
(0.1245 -5.46497e-18 0)
(0.1245 1.49174e-17 0)
(0.1245 2.08448e-17 0)
(0.1245 6.26739e-18 0)
(0.1245 9.51933e-18 0)
(0.1245 1.48667e-17 0)
(0.1245 4.42789e-18 0)
(0.1245 2.53709e-17 0)
(0.1245 3.09154e-17 0)
(0.1245 -2.33656e-17 0)
(0.1245 -1.72161e-17 0)
(0.1245 1.83696e-17 0)
(0.1245 -2.25684e-17 0)
(0.1245 -8.79419e-18 0)
(0.1245 -2.74495e-17 0)
(0.1245 -3.62213e-17 0)
(0.1245 1.88834e-18 0)
(0.1245 -4.29661e-17 0)
(0.1245 -4.81523e-17 0)
(0.1245 -2.66102e-17 0)
(0.1245 -3.45443e-17 0)
(0.1245 -1.23126e-17 0)
(0.1245 4.0695e-17 0)
(0.1245 4.4511e-17 0)
(0.1245 1.48313e-17 0)
(0.1245 3.53416e-17 0)
(0.1245 -1.80939e-17 0)
(0.1245 -2.60573e-18 0)
(0.1245 7.22893e-17 0)
(0.1245 1.68273e-17 0)
(0.1245 1.81665e-17 0)
(0.1245 2.3928e-17 0)
(0.1245 1.4773e-17 0)
(0.1245 3.03684e-17 0)
(0.1245 7.33672e-17 0)
(0.1245 6.11521e-17 0)
(0.1245 5.71806e-18 0)
(0.1245 -4.9259e-17 0)
(0.1245 -1.05805e-17 0)
(0.1245 2.50946e-17 0)
(0.1245 5.82104e-17 0)
(0.1245 1.17071e-16 0)
(0.1245 7.06437e-17 0)
(0.2075 -6.05994e-17 0)
(0.2075 -5.0345e-17 0)
(0.2075 -4.56645e-17 0)
(0.2075 -5.34565e-17 0)
(0.2075 -4.74965e-17 0)
(0.2075 -1.24404e-17 0)
(0.2075 -2.50709e-17 0)
(0.2075 -1.09911e-17 0)
(0.2075 4.73924e-18 0)
(0.2075 2.95026e-17 0)
(0.2075 5.48048e-18 0)
(0.2075 2.26307e-17 0)
(0.2075 4.45855e-17 0)
(0.2075 1.66879e-18 0)
(0.2075 3.93683e-17 0)
(0.2075 5.2066e-17 0)
(0.2075 -2.27395e-17 0)
(0.2075 -3.3907e-17 0)
(0.2075 1.93736e-17 0)
(0.2075 1.10022e-17 0)
(0.2075 9.35962e-18 0)
(0.2075 -4.1571e-17 0)
(0.2075 -6.85516e-17 0)
(0.2075 -2.49677e-17 0)
(0.2075 -9.34171e-17 0)
(0.2075 -1.1318e-16 0)
(0.2075 -5.37655e-17 0)
(0.2075 -5.68532e-17 0)
(0.2075 -1.04182e-17 0)
(0.2075 7.46955e-17 0)
(0.2075 6.97035e-17 0)
(0.2075 5.32577e-17 0)
(0.2075 9.81823e-17 0)
(0.2075 -2.79844e-17 0)
(0.2075 -1.60278e-17 0)
(0.2075 8.66676e-17 0)
(0.2075 2.22516e-17 0)
(0.2075 5.9971e-17 0)
(0.2075 5.40776e-17 0)
(0.2075 4.6913e-17 0)
(0.2075 1.10411e-16 0)
(0.2075 1.15464e-16 0)
(0.2075 7.44979e-17 0)
(0.2075 -2.47264e-17 0)
(0.2075 -6.04138e-18 0)
(0.2075 3.29716e-17 0)
(0.2075 -7.80688e-18 0)
(0.2075 1.07882e-16 0)
(0.2075 1.90676e-16 0)
(0.2075 1.20589e-16 0)
(0.2905 -4.46335e-17 0)
(0.2905 -4.26669e-17 0)
(0.2905 -6.02818e-17 0)
(0.2905 -7.12909e-17 0)
(0.2905 -5.70167e-17 0)
(0.2905 -1.24563e-17 0)
(0.2905 -4.11027e-17 0)
(0.2905 -4.61115e-17 0)
(0.2905 -2.09957e-17 0)
(0.2905 3.33364e-17 0)
(0.2905 1.52944e-17 0)
(0.2905 3.9809e-17 0)
(0.2905 7.7521e-17 0)
(0.2905 2.89019e-17 0)
(0.2905 4.97686e-17 0)
(0.2905 6.01655e-17 0)
(0.2905 -1.46763e-17 0)
(0.2905 4.54601e-19 0)
(0.2905 2.99361e-17 0)
(0.2905 1.23108e-17 0)
(0.2905 1.3757e-17 0)
(0.2905 -3.56654e-17 0)
(0.2905 -1.07301e-16 0)
(0.2905 -9.03344e-17 0)
(0.2905 -1.14461e-16 0)
(0.2905 -1.19186e-16 0)
(0.2905 -7.32002e-17 0)
(0.2905 -8.70541e-17 0)
(0.2905 -2.06716e-17 0)
(0.2905 6.83998e-17 0)
(0.2905 9.32501e-17 0)
(0.2905 1.12785e-16 0)
(0.2905 7.77668e-17 0)
(0.2905 -1.29064e-17 0)
(0.2905 3.40576e-18 0)
(0.2905 8.42174e-17 0)
(0.2905 6.84537e-17 0)
(0.2905 5.77879e-17 0)
(0.2905 1.13081e-16 0)
(0.2905 1.24596e-16 0)
(0.2905 1.36156e-16 0)
(0.2905 1.26342e-16 0)
(0.2905 9.93393e-17 0)
(0.2905 1.03656e-17 0)
(0.2905 -1.05438e-17 0)
(0.2905 -2.08956e-17 0)
(0.2905 2.84828e-17 0)
(0.2905 2.16352e-16 0)
(0.2905 2.07773e-16 0)
(0.2905 1.25994e-16 0)
(0.3735 -2.64056e-17 0)
(0.3735 -3.761e-17 0)
(0.3735 -4.82075e-17 0)
(0.3735 -3.98052e-17 0)
(0.3735 -5.21591e-17 0)
(0.3735 -3.06248e-17 0)
(0.3735 -6.77785e-17 0)
(0.3735 -9.4034e-17 0)
(0.3735 -2.40284e-17 0)
(0.3735 1.81235e-17 0)
(0.3735 4.54815e-17 0)
(0.3735 7.6012e-17 0)
(0.3735 1.1972e-16 0)
(0.3735 8.77617e-17 0)
(0.3735 5.93011e-17 0)
(0.3735 5.08038e-17 0)
(0.3735 -2.66564e-17 0)
(0.3735 -6.14314e-18 0)
(0.3735 2.07203e-17 0)
(0.3735 -2.60723e-17 0)
(0.3735 -1.1251e-17 0)
(0.3735 -3.62314e-17 0)
(0.3735 -1.39349e-16 0)
(0.3735 -1.05957e-16 0)
(0.3735 -9.58929e-17 0)
(0.3735 -1.07907e-16 0)
(0.3735 -9.39312e-17 0)
(0.3735 -6.23136e-17 0)
(0.3735 -1.65007e-17 0)
(0.3735 5.37863e-17 0)
(0.3735 9.13088e-17 0)
(0.3735 1.29144e-16 0)
(0.3735 7.36958e-17 0)
(0.3735 -1.78541e-17 0)
(0.3735 -2.19992e-17 0)
(0.3735 5.96746e-17 0)
(0.3735 1.05432e-16 0)
(0.3735 1.15439e-16 0)
(0.3735 1.58126e-16 0)
(0.3735 1.91102e-16 0)
(0.3735 1.60403e-16 0)
(0.3735 1.23485e-16 0)
(0.3735 9.88479e-17 0)
(0.3735 5.30244e-17 0)
(0.3735 -2.70538e-17 0)
(0.3735 -6.17793e-17 0)
(0.3735 5.81673e-17 0)
(0.3735 2.57453e-16 0)
(0.3735 2.54604e-16 0)
(0.3735 1.45787e-16 0)
(0.4565 2.70937e-17 0)
(0.4565 1.65592e-17 0)
(0.4565 1.70273e-17 0)
(0.4565 -3.09937e-17 0)
(0.4565 -3.63172e-17 0)
(0.4565 -7.2393e-17 0)
(0.4565 -9.49422e-17 0)
(0.4565 -1.0588e-16 0)
(0.4565 -1.24007e-17 0)
(0.4565 5.98787e-18 0)
(0.4565 2.59716e-17 0)
(0.4565 1.03966e-16 0)
(0.4565 1.68259e-16 0)
(0.4565 1.16489e-16 0)
(0.4565 4.09119e-17 0)
(0.4565 3.69498e-17 0)
(0.4565 -1.98958e-17 0)
(0.4565 -1.48969e-17 0)
(0.4565 3.38606e-17 0)
(0.4565 -3.33291e-17 0)
(0.4565 -1.13536e-17 0)
(0.4565 -7.5606e-17 0)
(0.4565 -1.60246e-16 0)
(0.4565 -1.08264e-16 0)
(0.4565 -7.06223e-17 0)
(0.4565 -6.14479e-17 0)
(0.4565 -5.77794e-17 0)
(0.4565 -8.17444e-17 0)
(0.4565 -1.5414e-17 0)
(0.4565 3.09015e-17 0)
(0.4565 8.22031e-17 0)
(0.4565 1.2931e-16 0)
(0.4565 2.85566e-17 0)
(0.4565 -5.24472e-17 0)
(0.4565 -5.80623e-17 0)
(0.4565 6.1849e-17 0)
(0.4565 1.38503e-16 0)
(0.4565 1.59835e-16 0)
(0.4565 2.25386e-16 0)
(0.4565 2.44971e-16 0)
(0.4565 1.45789e-16 0)
(0.4565 1.4971e-16 0)
(0.4565 9.94103e-17 0)
(0.4565 -1.79889e-17 0)
(0.4565 -5.7192e-17 0)
(0.4565 -6.40361e-17 0)
(0.4565 1.00054e-16 0)
(0.4565 2.7715e-16 0)
(0.4565 1.75021e-16 0)
(0.4565 7.0276e-17 0)
(0.5395 5.87717e-17 0)
(0.5395 8.96697e-17 0)
(0.5395 6.6329e-17 0)
(0.5395 -2.05173e-17 0)
(0.5395 -4.60735e-17 0)
(0.5395 -8.68836e-17 0)
(0.5395 -9.17463e-17 0)
(0.5395 -1.24912e-16 0)
(0.5395 -2.97466e-17 0)
(0.5395 3.11689e-17 0)
(0.5395 5.19103e-17 0)
(0.5395 1.03843e-16 0)
(0.5395 1.38675e-16 0)
(0.5395 4.29488e-17 0)
(0.5395 1.68426e-17 0)
(0.5395 6.10871e-17 0)
(0.5395 -7.98934e-18 0)
(0.5395 3.63387e-17 0)
(0.5395 6.55145e-17 0)
(0.5395 6.88117e-18 0)
(0.5395 -2.83249e-17 0)
(0.5395 -1.08527e-16 0)
(0.5395 -1.77692e-16 0)
(0.5395 -6.24403e-17 0)
(0.5395 -4.77259e-17 0)
(0.5395 -6.04636e-17 0)
(0.5395 -5.48091e-17 0)
(0.5395 -5.47057e-17 0)
(0.5395 -5.08783e-17 0)
(0.5395 5.99008e-17 0)
(0.5395 7.15337e-17 0)
(0.5395 4.27882e-17 0)
(0.5395 -8.21125e-18 0)
(0.5395 -1.02159e-16 0)
(0.5395 -5.82198e-17 0)
(0.5395 1.02794e-16 0)
(0.5395 1.65591e-16 0)
(0.5395 1.94793e-16 0)
(0.5395 2.93527e-16 0)
(0.5395 2.39799e-16 0)
(0.5395 1.43035e-16 0)
(0.5395 4.7202e-17 0)
(0.5395 3.72686e-17 0)
(0.5395 -4.46388e-17 0)
(0.5395 -5.87844e-17 0)
(0.5395 -4.48966e-17 0)
(0.5395 8.28855e-17 0)
(0.5395 2.4976e-16 0)
(0.5395 2.09923e-16 0)
(0.5395 1.2293e-16 0)
(0.6225 6.48787e-17 0)
(0.6225 1.01201e-16 0)
(0.6225 3.99696e-17 0)
(0.6225 -6.91118e-17 0)
(0.6225 -1.0574e-16 0)
(0.6225 -2.92415e-17 0)
(0.6225 -5.07853e-17 0)
(0.6225 -7.66401e-17 0)
(0.6225 -3.57023e-17 0)
(0.6225 4.46376e-17 0)
(0.6225 8.49407e-17 0)
(0.6225 9.44625e-17 0)
(0.6225 7.32883e-17 0)
(0.6225 -2.35122e-17 0)
(0.6225 -2.12916e-17 0)
(0.6225 4.50018e-17 0)
(0.6225 5.68813e-17 0)
(0.6225 1.02415e-16 0)
(0.6225 8.54141e-17 0)
(0.6225 6.87074e-17 0)
(0.6225 3.59836e-17 0)
(0.6225 -1.19343e-16 0)
(0.6225 -2.18262e-16 0)
(0.6225 -6.90467e-17 0)
(0.6225 -1.01244e-17 0)
(0.6225 -2.38734e-17 0)
(0.6225 -1.40053e-17 0)
(0.6225 -6.47681e-17 0)
(0.6225 -3.57067e-17 0)
(0.6225 9.82407e-17 0)
(0.6225 5.16806e-17 0)
(0.6225 4.25031e-17 0)
(0.6225 -7.00505e-17 0)
(0.6225 -1.77836e-16 0)
(0.6225 -8.08818e-17 0)
(0.6225 1.22638e-16 0)
(0.6225 1.97826e-16 0)
(0.6225 2.02429e-16 0)
(0.6225 2.35864e-16 0)
(0.6225 1.42148e-16 0)
(0.6225 5.9874e-17 0)
(0.6225 -3.0905e-17 0)
(0.6225 3.87093e-17 0)
(0.6225 -4.27862e-17 0)
(0.6225 -7.34059e-17 0)
(0.6225 -3.92635e-18 0)
(0.6225 9.33438e-17 0)
(0.6225 2.10982e-16 0)
(0.6225 1.66956e-16 0)
(0.6225 9.44363e-17 0)
(0.7055 5.56777e-17 0)
(0.7055 5.14204e-17 0)
(0.7055 2.76724e-17 0)
(0.7055 -3.33117e-17 0)
(0.7055 -1.10468e-16 0)
(0.7055 -5.53619e-17 0)
(0.7055 -1.85213e-17 0)
(0.7055 -8.29754e-19 0)
(0.7055 1.42783e-17 0)
(0.7055 5.30487e-17 0)
(0.7055 5.44612e-17 0)
(0.7055 4.93917e-17 0)
(0.7055 -1.19294e-17 0)
(0.7055 -5.19013e-17 0)
(0.7055 -4.95675e-17 0)
(0.7055 4.14064e-17 0)
(0.7055 1.14004e-16 0)
(0.7055 1.03232e-16 0)
(0.7055 1.2734e-16 0)
(0.7055 5.2562e-17 0)
(0.7055 4.54984e-17 0)
(0.7055 -8.59753e-17 0)
(0.7055 -2.04405e-16 0)
(0.7055 -1.01487e-16 0)
(0.7055 -1.6685e-17 0)
(0.7055 2.09001e-17 0)
(0.7055 -9.66516e-18 0)
(0.7055 -8.04444e-17 0)
(0.7055 2.21278e-17 0)
(0.7055 4.94753e-17 0)
(0.7055 1.04102e-16 0)
(0.7055 6.65492e-17 0)
(0.7055 -9.41361e-17 0)
(0.7055 -1.12529e-16 0)
(0.7055 -5.95162e-17 0)
(0.7055 9.06065e-17 0)
(0.7055 8.13077e-17 0)
(0.7055 6.08617e-17 0)
(0.7055 1.78391e-16 0)
(0.7055 9.22346e-17 0)
(0.7055 6.75672e-19 0)
(0.7055 7.84495e-17 0)
(0.7055 6.32353e-17 0)
(0.7055 -9.07897e-17 0)
(0.7055 -8.74848e-17 0)
(0.7055 -9.63117e-18 0)
(0.7055 1.24094e-16 0)
(0.7055 2.05801e-16 0)
(0.7055 1.28979e-17 0)
(0.7055 -4.58056e-17 0)
(0.7885 5.98252e-17 0)
(0.7885 6.27525e-17 0)
(0.7885 7.70546e-18 0)
(0.7885 -1.17475e-17 0)
(0.7885 -2.99777e-17 0)
(0.7885 -3.33167e-17 0)
(0.7885 -1.64094e-17 0)
(0.7885 2.49535e-17 0)
(0.7885 5.09623e-17 0)
(0.7885 2.08839e-17 0)
(0.7885 9.61696e-19 0)
(0.7885 9.14828e-18 0)
(0.7885 -2.10738e-17 0)
(0.7885 -2.00932e-17 0)
(0.7885 1.97162e-17 0)
(0.7885 3.6709e-17 0)
(0.7885 7.32011e-18 0)
(0.7885 2.08684e-17 0)
(0.7885 5.00494e-17 0)
(0.7885 1.76906e-17 0)
(0.7885 1.23262e-17 0)
(0.7885 -4.84007e-18 0)
(0.7885 -8.88964e-17 0)
(0.7885 -5.33002e-17 0)
(0.7885 -1.0382e-17 0)
(0.7885 7.04282e-18 0)
(0.7885 -4.55706e-17 0)
(0.7885 -1.81864e-17 0)
(0.7885 4.39075e-17 0)
(0.7885 5.24511e-17 0)
(0.7885 -1.64043e-18 0)
(0.7885 -5.42442e-18 0)
(0.7885 1.5351e-17 0)
(0.7885 -3.09799e-18 0)
(0.7885 -8.32518e-18 0)
(0.7885 -1.44641e-18 0)
(0.7885 -8.2668e-18 0)
(0.7885 2.82585e-17 0)
(0.7885 5.59326e-17 0)
(0.7885 1.03494e-17 0)
(0.7885 5.35427e-17 0)
(0.7885 7.39737e-17 0)
(0.7885 2.70107e-17 0)
(0.7885 -4.04876e-17 0)
(0.7885 -2.7205e-17 0)
(0.7885 1.62516e-17 0)
(0.7885 1.30148e-17 0)
(0.7885 7.33571e-17 0)
(0.7885 -1.43662e-17 0)
(0.7885 -6.15423e-17 0)
)
;

boundaryField
{
    movingWall
    {
        type            fixedValue;
        value           uniform (0.83 0 0);
    }
    Inlet
    {
        type            zeroGradient;
    }
    Outlet
    {
        type            zeroGradient;
    }
    Bottom
    {
        type            fixedValue;
        value           uniform (0 0 0);
    }
    frontAndBack
    {
        type            empty;
    }
}


// ************************************************************************* //
