/*--------------------------------*- C++ -*----------------------------------*\
| =========                 |                                                 |
| \\      /  F ield         | OpenFOAM: The Open Source CFD Toolbox           |
|  \\    /   O peration     | Version:  5.x                                   |
|   \\  /    A nd           | Web:      www.OpenFOAM.org                      |
|    \\/     M anipulation  |                                                 |
\*---------------------------------------------------------------------------*/
FoamFile
{
    version     2.0;
    format      ascii;
    class       volVectorField;
    location    "1";
    object      wallShearStress;
}
// * * * * * * * * * * * * * * * * * * * * * * * * * * * * * * * * * * * * * //

dimensions      [0 2 -2 0 0 0 0];

internalField   uniform (0 0 0);

boundaryField
{
    movingWall
    {
        type            calculated;
        value           nonuniform List<vector> 
50
(
(0.184675 -3.54963e-16 0)
(0.184675 -3.72332e-16 0)
(0.184675 -4.57191e-17 0)
(0.184675 6.97018e-17 0)
(0.184675 1.77868e-16 0)
(0.184675 1.97679e-16 0)
(0.184675 9.73624e-17 0)
(0.184675 -1.48057e-16 0)
(0.184675 -3.02376e-16 0)
(0.184675 -1.23911e-16 0)
(0.184675 -5.70606e-18 0)
(0.184675 -5.42798e-17 0)
(0.184675 1.25038e-16 0)
(0.184675 1.1922e-16 0)
(0.184675 -1.16983e-16 0)
(0.184675 -2.17807e-16 0)
(0.184675 -4.34327e-17 0)
(0.184675 -1.23819e-16 0)
(0.184675 -2.9696e-16 0)
(0.184675 -1.04964e-16 0)
(0.184675 -7.31355e-17 0)
(0.184675 2.87177e-17 0)
(0.184675 5.27452e-16 0)
(0.184675 3.16248e-16 0)
(0.184675 6.15999e-17 0)
(0.184675 -4.17874e-17 0)
(0.184675 2.70386e-16 0)
(0.184675 1.07906e-16 0)
(0.184675 -2.60518e-16 0)
(0.184675 -3.1121e-16 0)
(0.184675 9.73322e-18 0)
(0.184675 3.21849e-17 0)
(0.184675 -9.10826e-17 0)
(0.184675 1.83814e-17 0)
(0.184675 4.93961e-17 0)
(0.184675 8.58203e-18 0)
(0.184675 4.90497e-17 0)
(0.184675 -1.67667e-16 0)
(0.184675 -3.31867e-16 0)
(0.184675 -6.14064e-17 0)
(0.184675 -3.17687e-16 0)
(0.184675 -4.38911e-16 0)
(0.184675 -1.60263e-16 0)
(0.184675 2.40226e-16 0)
(0.184675 1.61416e-16 0)
(0.184675 -9.64262e-17 0)
(0.184675 -7.72211e-17 0)
(0.184675 -4.35252e-16 0)
(0.184675 8.52395e-17 0)
(0.184675 3.65151e-16 0)
)
;
    }
    Inlet
    {
        type            calculated;
        value           uniform (0 0 0);
    }
    Outlet
    {
        type            calculated;
        value           uniform (0 0 0);
    }
    Bottom
    {
        type            calculated;
        value           nonuniform List<vector> 
50
(
(-0.184675 8.83159e-17 0)
(-0.184675 7.98627e-17 0)
(-0.184675 6.69594e-17 0)
(-0.184675 4.30626e-17 0)
(-0.184675 1.25518e-17 0)
(-0.184675 -5.69394e-18 0)
(-0.184675 2.33014e-17 0)
(-0.184675 4.06303e-18 0)
(-0.184675 -6.76097e-17 0)
(-0.184675 -3.77952e-17 0)
(-0.184675 4.3947e-18 0)
(-0.184675 -6.06232e-17 0)
(-0.184675 -8.64433e-18 0)
(-0.184675 7.45274e-17 0)
(-0.184675 -8.14955e-18 0)
(-0.184675 -9.28905e-17 0)
(-0.184675 8.25054e-17 0)
(-0.184675 3.30552e-17 0)
(-0.184675 -4.54125e-17 0)
(-0.184675 6.12362e-17 0)
(-0.184675 4.97889e-17 0)
(-0.184675 3.28509e-17 0)
(-0.184675 2.37075e-17 0)
(-0.184675 -3.95642e-17 0)
(-0.184675 2.42771e-17 0)
(-0.184675 9.33058e-17 0)
(-0.184675 2.64759e-18 0)
(-0.184675 1.95093e-17 0)
(-0.184675 5.89585e-17 0)
(-0.184675 -9.49232e-17 0)
(-0.184675 -3.5108e-18 0)
(-0.184675 -4.68303e-17 0)
(-0.184675 -1.09118e-16 0)
(-0.184675 1.20022e-16 0)
(-0.184675 5.76506e-17 0)
(-0.184675 -2.07299e-16 0)
(-0.184675 -3.61153e-17 0)
(-0.184675 -1.48692e-17 0)
(-0.184675 4.72445e-17 0)
(-0.184675 6.56897e-17 0)
(-0.184675 -1.72452e-16 0)
(-0.184675 -1.06325e-16 0)
(-0.184675 -6.84363e-17 0)
(-0.184675 -1.07648e-16 0)
(-0.184675 1.47971e-16 0)
(-0.184675 1.18992e-16 0)
(-0.184675 -1.29212e-16 0)
(-0.184675 -1.6227e-16 0)
(-0.184675 -9.68403e-17 0)
(-0.184675 4.7433e-17 0)
)
;
    }
    frontAndBack
    {
        type            empty;
    }
}


// ************************************************************************* //
