/*--------------------------------*- C++ -*----------------------------------*\
| =========                 |                                                 |
| \\      /  F ield         | OpenFOAM: The Open Source CFD Toolbox           |
|  \\    /   O peration     | Version:  5.x                                   |
|   \\  /    A nd           | Web:      www.OpenFOAM.org                      |
|    \\/     M anipulation  |                                                 |
\*---------------------------------------------------------------------------*/
FoamFile
{
    version     2.0;
    format      ascii;
    class       surfaceScalarField;
    location    "0.2";
    object      phi;
}
// * * * * * * * * * * * * * * * * * * * * * * * * * * * * * * * * * * * * * //

dimensions      [0 3 -1 0 0 0 0];

internalField   nonuniform List<scalar> 
940
(
1.66e-08
-9.53433e-18
1.66e-08
-9.48492e-18
1.66e-08
-5.77629e-18
1.66e-08
-3.24073e-18
1.66e-08
-1.79592e-18
1.66e-08
-9.72524e-19
1.66e-08
-5.1146e-19
1.66e-08
-2.61824e-19
1.66e-08
-1.3216e-19
1.66e-08
-6.63787e-20
1.66e-08
-3.38466e-20
1.66e-08
-1.79694e-20
1.66e-08
-1.03278e-20
1.66e-08
-6.6131e-21
1.66e-08
-4.72958e-21
1.66e-08
-3.69109e-21
1.66e-08
-3.05674e-21
1.66e-08
-2.5936e-21
1.66e-08
-2.22255e-21
1.66e-08
-1.93496e-21
1.66e-08
-1.68249e-21
1.66e-08
-1.4743e-21
1.66e-08
-1.29463e-21
1.66e-08
-1.13593e-21
1.66e-08
-1.02413e-21
1.66e-08
-9.14866e-22
1.66e-08
-8.10613e-22
1.66e-08
-7.15628e-22
1.66e-08
-6.03044e-22
1.66e-08
-4.52882e-22
1.66e-08
-2.6724e-22
1.66e-08
-1.61427e-23
1.66e-08
3.57103e-22
1.66e-08
8.73479e-22
1.66e-08
1.62392e-21
1.66e-08
2.73307e-21
1.66e-08
4.32928e-21
1.66e-08
6.8586e-21
1.66e-08
1.10972e-20
1.66e-08
1.88687e-20
1.66e-08
3.4055e-20
1.66e-08
6.52323e-20
1.66e-08
1.29995e-19
1.66e-08
2.64863e-19
1.66e-08
5.36261e-19
1.66e-08
1.0641e-18
1.66e-08
2.06301e-18
1.66e-08
3.96713e-18
1.66e-08
7.09755e-18
7.13412e-18
4.98e-08
-1.68102e-17
4.98e-08
-1.7536e-17
4.98e-08
-1.22189e-17
4.98e-08
-7.45991e-18
4.98e-08
-4.36153e-18
4.98e-08
-2.4758e-18
4.98e-08
-1.35945e-18
4.98e-08
-7.26148e-19
4.98e-08
-3.79868e-19
4.98e-08
-1.96666e-19
4.98e-08
-1.01854e-19
4.98e-08
-5.39355e-20
4.98e-08
-3.00899e-20
4.98e-08
-1.83555e-20
4.98e-08
-1.25074e-20
4.98e-08
-9.46778e-21
4.98e-08
-7.7869e-21
4.98e-08
-6.68822e-21
4.98e-08
-5.88309e-21
4.98e-08
-5.23479e-21
4.98e-08
-4.69101e-21
4.98e-08
-4.22694e-21
4.98e-08
-3.82133e-21
4.98e-08
-3.45293e-21
4.98e-08
-3.1689e-21
4.98e-08
-2.90476e-21
4.98e-08
-2.64437e-21
4.98e-08
-2.41354e-21
4.98e-08
-2.13432e-21
4.98e-08
-1.76127e-21
4.98e-08
-1.30029e-21
4.98e-08
-6.49855e-22
4.98e-08
2.94177e-22
4.98e-08
1.61153e-21
4.98e-08
3.5857e-21
4.98e-08
6.48807e-21
4.98e-08
1.08223e-20
4.98e-08
1.76821e-20
4.98e-08
2.92914e-20
4.98e-08
5.01701e-20
4.98e-08
9.01802e-20
4.98e-08
1.6891e-19
4.98e-08
3.26652e-19
4.98e-08
6.38535e-19
4.98e-08
1.24045e-18
4.98e-08
2.35208e-18
4.98e-08
4.34359e-18
4.98e-08
7.69558e-18
4.98e-08
1.19907e-17
1.16037e-17
8.3e-08
-1.74562e-17
8.3e-08
-1.86296e-17
8.3e-08
-1.39184e-17
8.3e-08
-8.97037e-18
8.3e-08
-5.45235e-18
8.3e-08
-3.18783e-18
8.3e-08
-1.79674e-18
8.3e-08
-9.79036e-19
8.3e-08
-5.19218e-19
8.3e-08
-2.69269e-19
8.3e-08
-1.37708e-19
8.3e-08
-7.04319e-20
8.3e-08
-3.71194e-20
8.3e-08
-2.12021e-20
8.3e-08
-1.38104e-20
8.3e-08
-1.04901e-20
8.3e-08
-9.00035e-21
8.3e-08
-8.23588e-21
8.3e-08
-7.69183e-21
8.3e-08
-7.25875e-21
8.3e-08
-6.81517e-21
8.3e-08
-6.42475e-21
8.3e-08
-6.04029e-21
8.3e-08
-5.63902e-21
8.3e-08
-5.3057e-21
8.3e-08
-5.01334e-21
8.3e-08
-4.69573e-21
8.3e-08
-4.40661e-21
8.3e-08
-4.09755e-21
8.3e-08
-3.66635e-21
8.3e-08
-3.11207e-21
8.3e-08
-2.31665e-21
8.3e-08
-1.16533e-21
8.3e-08
4.6705e-22
8.3e-08
2.90321e-21
8.3e-08
6.50862e-21
8.3e-08
1.18564e-20
8.3e-08
2.03558e-20
8.3e-08
3.45203e-20
8.3e-08
5.98371e-20
8.3e-08
1.07211e-19
8.3e-08
1.99141e-19
8.3e-08
3.78364e-19
8.3e-08
7.2515e-19
8.3e-08
1.37397e-18
8.3e-08
2.539e-18
8.3e-08
4.52432e-18
8.3e-08
7.60687e-18
8.3e-08
1.10786e-17
1.05039e-17
1.162e-07
-1.21594e-17
1.162e-07
-1.30405e-17
1.162e-07
-1.00976e-17
1.162e-07
-6.71325e-18
1.162e-07
-4.17475e-18
1.162e-07
-2.4833e-18
1.162e-07
-1.4143e-18
1.162e-07
-7.71902e-19
1.162e-07
-4.03737e-19
1.162e-07
-2.01673e-19
1.162e-07
-9.53879e-20
1.162e-07
-4.22067e-20
1.162e-07
-1.74839e-20
1.162e-07
-7.21776e-21
1.162e-07
-3.93361e-21
1.162e-07
-3.62932e-21
1.162e-07
-4.4636e-21
1.162e-07
-5.41577e-21
1.162e-07
-6.18814e-21
1.162e-07
-6.69989e-21
1.162e-07
-6.95537e-21
1.162e-07
-7.01192e-21
1.162e-07
-6.96546e-21
1.162e-07
-6.80371e-21
1.162e-07
-6.61726e-21
1.162e-07
-6.43035e-21
1.162e-07
-6.25074e-21
1.162e-07
-6.09351e-21
1.162e-07
-5.8877e-21
1.162e-07
-5.63754e-21
1.162e-07
-5.29725e-21
1.162e-07
-4.78768e-21
1.162e-07
-4.03059e-21
1.162e-07
-2.95515e-21
1.162e-07
-1.34087e-21
1.162e-07
9.9622e-22
1.162e-07
4.32032e-21
1.162e-07
9.24912e-21
1.162e-07
1.71408e-20
1.162e-07
3.04671e-20
1.162e-07
5.50524e-20
1.162e-07
1.02161e-19
1.162e-07
1.94609e-19
1.162e-07
3.73189e-19
1.162e-07
7.08759e-19
1.162e-07
1.30582e-18
1.162e-07
2.30019e-18
1.162e-07
3.7695e-18
1.162e-07
5.36218e-18
5.00396e-18
1.494e-07
-3.14668e-18
1.494e-07
-3.26309e-18
1.494e-07
-2.60015e-18
1.494e-07
-1.75721e-18
1.494e-07
-1.10515e-18
1.494e-07
-6.57192e-19
1.494e-07
-3.62233e-19
1.494e-07
-1.78574e-19
1.494e-07
-7.15413e-20
1.494e-07
-1.44496e-20
1.494e-07
1.26048e-20
1.494e-07
2.22274e-20
1.494e-07
2.27629e-20
1.494e-07
1.89506e-20
1.494e-07
1.37825e-20
1.494e-07
8.56927e-21
1.494e-07
4.08932e-21
1.494e-07
5.27986e-22
1.494e-07
-2.08127e-21
1.494e-07
-3.95091e-21
1.494e-07
-5.15312e-21
1.494e-07
-5.92802e-21
1.494e-07
-6.40018e-21
1.494e-07
-6.62276e-21
1.494e-07
-6.71198e-21
1.494e-07
-6.77844e-21
1.494e-07
-6.81393e-21
1.494e-07
-6.88738e-21
1.494e-07
-6.93268e-21
1.494e-07
-6.99498e-21
1.494e-07
-7.06228e-21
1.494e-07
-7.13453e-21
1.494e-07
-7.23365e-21
1.494e-07
-7.32584e-21
1.494e-07
-7.46613e-21
1.494e-07
-7.77351e-21
1.494e-07
-8.68982e-21
1.494e-07
-1.08658e-20
1.494e-07
-1.56403e-20
1.494e-07
-2.52486e-20
1.494e-07
-4.3977e-20
1.494e-07
-7.88443e-20
1.494e-07
-1.42223e-19
1.494e-07
-2.535e-19
1.494e-07
-4.42217e-19
1.494e-07
-7.51528e-19
1.494e-07
-1.24778e-18
1.494e-07
-1.98135e-18
1.494e-07
-2.69198e-18
-2.68504e-18
1.826e-07
6.41347e-18
1.826e-07
7.16241e-18
1.826e-07
5.48289e-18
1.826e-07
3.62617e-18
1.826e-07
2.24704e-18
1.826e-07
1.34468e-18
1.826e-07
7.91289e-19
1.826e-07
4.69514e-19
1.826e-07
2.86711e-19
1.826e-07
1.83506e-19
1.826e-07
1.22921e-19
1.826e-07
8.5577e-20
1.826e-07
6.05156e-20
1.826e-07
4.2715e-20
1.826e-07
2.94495e-20
1.826e-07
1.95052e-20
1.826e-07
1.19524e-20
1.826e-07
6.36949e-21
1.826e-07
2.32863e-21
1.826e-07
-5.57729e-22
1.826e-07
-2.54157e-21
1.826e-07
-3.89274e-21
1.826e-07
-4.79982e-21
1.826e-07
-5.3314e-21
1.826e-07
-5.69041e-21
1.826e-07
-5.98959e-21
1.826e-07
-6.22163e-21
1.826e-07
-6.50245e-21
1.826e-07
-6.80762e-21
1.826e-07
-7.1602e-21
1.826e-07
-7.64418e-21
1.826e-07
-8.27186e-21
1.826e-07
-9.13799e-21
1.826e-07
-1.0392e-20
1.826e-07
-1.22134e-20
1.826e-07
-1.50619e-20
1.826e-07
-1.99405e-20
1.826e-07
-2.87093e-20
1.826e-07
-4.48559e-20
1.826e-07
-7.52472e-20
1.826e-07
-1.32723e-19
1.826e-07
-2.41309e-19
1.826e-07
-4.44575e-19
1.826e-07
-8.17835e-19
1.826e-07
-1.48211e-18
1.826e-07
-2.61942e-18
1.826e-07
-4.48506e-18
1.826e-07
-7.26234e-18
1.826e-07
-1.0172e-17
-9.86999e-18
2.158e-07
1.3172e-17
2.158e-07
1.44674e-17
2.158e-07
1.08056e-17
2.158e-07
6.94645e-18
2.158e-07
4.2141e-18
2.158e-07
2.46926e-18
2.158e-07
1.41342e-18
2.158e-07
8.01491e-19
2.158e-07
4.60294e-19
2.158e-07
2.71939e-19
2.158e-07
1.67794e-19
2.158e-07
1.08047e-19
2.158e-07
7.23006e-20
2.158e-07
4.92425e-20
2.158e-07
3.37113e-20
2.158e-07
2.26589e-20
2.158e-07
1.46747e-20
2.158e-07
8.84182e-21
2.158e-07
4.68131e-21
2.158e-07
1.68694e-21
2.158e-07
-3.99952e-22
2.158e-07
-1.85241e-21
2.158e-07
-2.87635e-21
2.158e-07
-3.52429e-21
2.158e-07
-3.97915e-21
2.158e-07
-4.36072e-21
2.158e-07
-4.68334e-21
2.158e-07
-5.06488e-21
2.158e-07
-5.43059e-21
2.158e-07
-5.93378e-21
2.158e-07
-6.5679e-21
2.158e-07
-7.42491e-21
2.158e-07
-8.66395e-21
2.158e-07
-1.03742e-20
2.158e-07
-1.28479e-20
2.158e-07
-1.66538e-20
2.158e-07
-2.29791e-20
2.158e-07
-3.39254e-20
2.158e-07
-5.36709e-20
2.158e-07
-9.04522e-20
2.158e-07
-1.60146e-19
2.158e-07
-2.93042e-19
2.158e-07
-5.45613e-19
2.158e-07
-1.01867e-18
2.158e-07
-1.87903e-18
2.158e-07
-3.39008e-18
2.158e-07
-5.94237e-18
2.158e-07
-9.90867e-18
2.158e-07
-1.43889e-17
-1.40408e-17
2.49e-07
1.44406e-17
2.49e-07
1.55244e-17
2.49e-07
1.08447e-17
2.49e-07
6.59215e-18
2.49e-07
3.84159e-18
2.49e-07
2.18238e-18
2.49e-07
1.20879e-18
2.49e-07
6.63883e-19
2.49e-07
3.67823e-19
2.49e-07
2.10438e-19
2.49e-07
1.25625e-19
2.49e-07
7.91344e-20
2.49e-07
5.19984e-20
2.49e-07
3.52686e-20
2.49e-07
2.41288e-20
2.49e-07
1.64927e-20
2.49e-07
1.09118e-20
2.49e-07
6.92727e-21
2.49e-07
4.02714e-21
2.49e-07
1.95098e-21
2.49e-07
4.70663e-22
2.49e-07
-5.49889e-22
2.49e-07
-1.2955e-21
2.49e-07
-1.77553e-21
2.49e-07
-2.11179e-21
2.49e-07
-2.35987e-21
2.49e-07
-2.63913e-21
2.49e-07
-2.93043e-21
2.49e-07
-3.24255e-21
2.49e-07
-3.58543e-21
2.49e-07
-4.1209e-21
2.49e-07
-4.79181e-21
2.49e-07
-5.75273e-21
2.49e-07
-7.14027e-21
2.49e-07
-9.03489e-21
2.49e-07
-1.19028e-20
2.49e-07
-1.6585e-20
2.49e-07
-2.46304e-20
2.49e-07
-3.88717e-20
2.49e-07
-6.54267e-20
2.49e-07
-1.1628e-19
2.49e-07
-2.14841e-19
2.49e-07
-4.06409e-19
2.49e-07
-7.74392e-19
2.49e-07
-1.46515e-18
2.49e-07
-2.71926e-18
2.49e-07
-4.94084e-18
2.49e-07
-8.65727e-18
2.49e-07
-1.34803e-17
-1.34569e-17
2.822e-07
8.811e-18
2.822e-07
9.14371e-18
2.822e-07
5.56363e-18
2.822e-07
3.07733e-18
2.822e-07
1.69708e-18
2.822e-07
9.17374e-19
2.822e-07
4.84727e-19
2.822e-07
2.53025e-19
2.822e-07
1.34551e-19
2.822e-07
7.41843e-20
2.822e-07
4.34491e-20
2.822e-07
2.70726e-20
2.822e-07
1.78998e-20
2.822e-07
1.2256e-20
2.822e-07
8.52972e-21
2.822e-07
5.90781e-21
2.822e-07
4.00446e-21
2.822e-07
2.60818e-21
2.822e-07
1.5971e-21
2.822e-07
8.49186e-22
2.822e-07
3.43984e-22
2.822e-07
-8.63794e-23
2.822e-07
-3.59513e-22
2.822e-07
-4.92706e-22
2.822e-07
-5.88221e-22
2.822e-07
-7.16996e-22
2.822e-07
-8.22873e-22
2.822e-07
-9.0303e-22
2.822e-07
-1.01771e-21
2.822e-07
-1.14933e-21
2.822e-07
-1.35943e-21
2.822e-07
-1.63954e-21
2.822e-07
-2.01009e-21
2.822e-07
-2.52103e-21
2.822e-07
-3.23003e-21
2.822e-07
-4.26291e-21
2.822e-07
-5.96529e-21
2.822e-07
-8.73499e-21
2.822e-07
-1.37576e-20
2.822e-07
-2.31867e-20
2.822e-07
-4.15499e-20
2.822e-07
-7.81911e-20
2.822e-07
-1.51944e-19
2.822e-07
-2.99636e-19
2.822e-07
-5.88542e-19
2.822e-07
-1.13999e-18
2.822e-07
-2.17329e-18
2.822e-07
-4.08649e-18
2.822e-07
-7.26768e-18
-7.62759e-18
3.154e-07
3.154e-07
3.154e-07
3.154e-07
3.154e-07
3.154e-07
3.154e-07
3.154e-07
3.154e-07
3.154e-07
3.154e-07
3.154e-07
3.154e-07
3.154e-07
3.154e-07
3.154e-07
3.154e-07
3.154e-07
3.154e-07
3.154e-07
3.154e-07
3.154e-07
3.154e-07
3.154e-07
3.154e-07
3.154e-07
3.154e-07
3.154e-07
3.154e-07
3.154e-07
3.154e-07
3.154e-07
3.154e-07
3.154e-07
3.154e-07
3.154e-07
3.154e-07
3.154e-07
3.154e-07
3.154e-07
3.154e-07
3.154e-07
3.154e-07
3.154e-07
3.154e-07
3.154e-07
3.154e-07
3.154e-07
3.154e-07
)
;

boundaryField
{
    movingWall
    {
        type            calculated;
        value           uniform 0;
    }
    Inlet
    {
        type            calculated;
        value           nonuniform List<scalar> 10(-1.66e-08 -4.98e-08 -8.3e-08 -1.162e-07 -1.494e-07 -1.826e-07 -2.158e-07 -2.49e-07 -2.822e-07 -3.154e-07);
    }
    Outlet
    {
        type            calculated;
        value           nonuniform List<scalar> 10(1.66e-08 4.98e-08 8.3e-08 1.162e-07 1.494e-07 1.826e-07 2.158e-07 2.49e-07 2.822e-07 3.154e-07);
    }
    Bottom
    {
        type            calculated;
        value           uniform 0;
    }
    frontAndBack
    {
        type            empty;
        value           nonuniform 0();
    }
}


// ************************************************************************* //
