/*--------------------------------*- C++ -*----------------------------------*\
| =========                 |                                                 |
| \\      /  F ield         | OpenFOAM: The Open Source CFD Toolbox           |
|  \\    /   O peration     | Version:  5.x                                   |
|   \\  /    A nd           | Web:      www.OpenFOAM.org                      |
|    \\/     M anipulation  |                                                 |
\*---------------------------------------------------------------------------*/
FoamFile
{
    version     2.0;
    format      ascii;
    class       volScalarField;
    location    "1";
    object      p;
}
// * * * * * * * * * * * * * * * * * * * * * * * * * * * * * * * * * * * * * //

dimensions      [0 2 -2 0 0 0 0];

internalField   nonuniform List<scalar> 
500
(
2.6016e-16
5.72969e-16
8.5815e-16
1.04435e-15
1.15412e-15
1.15055e-15
1.20047e-15
1.13813e-15
8.69247e-16
5.67671e-16
2.60304e-16
-1.14397e-16
-3.62392e-16
-5.8708e-16
-9.71447e-16
-1.39011e-15
-1.45843e-15
-1.63381e-15
-1.95623e-15
-2.02111e-15
-2.18046e-15
-2.2339e-15
-2.40456e-15
-2.61668e-15
-2.48431e-15
-2.47603e-15
-2.60803e-15
-2.68728e-15
-2.89871e-15
-3.09741e-15
-3.10643e-15
-3.0221e-15
-2.96112e-15
-2.75657e-15
-2.68856e-15
-2.85661e-15
-2.57841e-15
-2.42706e-15
-2.36912e-15
-2.28735e-15
-2.33535e-15
-2.27012e-15
-2.08287e-15
-1.71644e-15
-1.29234e-15
-1.21592e-15
-1.25601e-15
-1.19876e-15
-1.02118e-15
-3.89988e-16
2.00729e-16
5.01697e-16
8.70841e-16
1.0935e-15
1.14985e-15
1.23758e-15
1.2641e-15
1.19785e-15
1.09101e-15
7.23547e-16
3.13395e-16
-1.22152e-17
-3.57082e-16
-6.30674e-16
-1.01429e-15
-1.47055e-15
-1.55345e-15
-1.64573e-15
-1.92361e-15
-2.09653e-15
-2.25909e-15
-2.38574e-15
-2.45153e-15
-2.61067e-15
-2.60176e-15
-2.53253e-15
-2.63953e-15
-2.8272e-15
-2.8579e-15
-2.95743e-15
-2.9723e-15
-3.04534e-15
-3.01276e-15
-2.82527e-15
-2.64642e-15
-2.61846e-15
-2.46252e-15
-2.40053e-15
-2.29224e-15
-2.2963e-15
-2.26321e-15
-2.20986e-15
-1.94978e-15
-1.55929e-15
-1.42055e-15
-1.20865e-15
-1.03803e-15
-1.00923e-15
-8.09266e-16
-3.70773e-16
1.7013e-16
4.69506e-16
9.26989e-16
1.2479e-15
1.46074e-15
1.43227e-15
1.49615e-15
1.37605e-15
1.21002e-15
7.89971e-16
3.94268e-16
2.17313e-16
-2.6925e-16
-7.6929e-16
-1.08202e-15
-1.65912e-15
-1.68638e-15
-1.71173e-15
-2.13077e-15
-2.2363e-15
-2.3558e-15
-2.42857e-15
-2.54206e-15
-2.57384e-15
-2.65307e-15
-2.52081e-15
-2.64634e-15
-2.81353e-15
-2.63998e-15
-2.83963e-15
-2.95356e-15
-2.9645e-15
-3.02783e-15
-2.68409e-15
-2.78491e-15
-2.7257e-15
-2.45759e-15
-2.42473e-15
-2.07453e-15
-2.19107e-15
-2.25612e-15
-2.17402e-15
-1.8623e-15
-1.52751e-15
-1.40349e-15
-1.00819e-15
-8.80479e-16
-9.36846e-16
-5.82944e-16
-2.35152e-16
2.17843e-16
5.70857e-16
1.08213e-15
1.5234e-15
1.90969e-15
1.61183e-15
1.88404e-15
1.5875e-15
1.46854e-15
9.31855e-16
4.24447e-16
1.45976e-16
-3.21993e-16
-7.9032e-16
-1.28663e-15
-1.71726e-15
-1.9291e-15
-2.20046e-15
-2.3731e-15
-2.52358e-15
-2.66788e-15
-2.74224e-15
-2.76336e-15
-2.64883e-15
-2.5151e-15
-2.41072e-15
-2.5749e-15
-2.8831e-15
-2.84261e-15
-2.59234e-15
-2.81879e-15
-2.92815e-15
-2.83334e-15
-2.4853e-15
-2.90194e-15
-2.80589e-15
-2.26402e-15
-2.02592e-15
-2.03548e-15
-2.31656e-15
-2.03256e-15
-1.97982e-15
-1.83109e-15
-1.60817e-15
-1.31154e-15
-6.14646e-16
-6.2642e-16
-9.86382e-16
-6.72671e-16
-2.61391e-16
3.92546e-16
6.44192e-16
1.30921e-15
1.96035e-15
2.23537e-15
1.82829e-15
1.99243e-15
1.98973e-15
1.91057e-15
1.04667e-15
5.77913e-16
1.40641e-16
-7.29452e-16
-1.17666e-15
-1.61301e-15
-1.99649e-15
-2.27324e-15
-2.58088e-15
-2.707e-15
-2.89465e-15
-3.05658e-15
-3.11547e-15
-2.86099e-15
-2.26955e-15
-2.20405e-15
-2.63234e-15
-2.65896e-15
-2.75709e-15
-2.81665e-15
-2.55079e-15
-2.80557e-15
-2.87255e-15
-2.77852e-15
-2.57704e-15
-2.81353e-15
-2.30827e-15
-2.04397e-15
-2.01292e-15
-1.87458e-15
-2.37282e-15
-1.92503e-15
-1.66185e-15
-1.67187e-15
-1.30214e-15
-1.05188e-15
-8.56805e-16
-7.69671e-16
-9.31117e-16
-6.26459e-16
-2.06139e-16
2.21669e-16
9.23643e-16
1.48424e-15
2.06883e-15
2.38749e-15
1.99069e-15
2.45708e-15
2.58584e-15
1.8987e-15
9.61934e-16
5.08426e-16
4.08383e-17
-1.25943e-15
-1.66097e-15
-1.77075e-15
-2.24649e-15
-2.45306e-15
-2.84334e-15
-3.01564e-15
-3.13555e-15
-3.2638e-15
-3.20705e-15
-2.95116e-15
-2.32937e-15
-2.15905e-15
-2.96051e-15
-3.11347e-15
-2.8896e-15
-2.6777e-15
-2.93349e-15
-2.71908e-15
-2.91989e-15
-2.98305e-15
-2.55373e-15
-2.13264e-15
-1.81315e-15
-2.10106e-15
-2.02614e-15
-1.71412e-15
-1.80695e-15
-1.88557e-15
-1.35102e-15
-1.20785e-15
-1.14353e-15
-1.10739e-15
-9.3967e-16
-4.49332e-16
-5.4377e-16
-6.54532e-16
-1.88697e-16
-1.13718e-16
5.52673e-16
1.23189e-15
2.37217e-15
2.44138e-15
2.94469e-15
2.78522e-15
2.7702e-15
2.12167e-15
1.34463e-15
8.58425e-16
-2.65697e-16
-1.48036e-15
-1.99894e-15
-2.08535e-15
-2.52728e-15
-2.81656e-15
-2.83976e-15
-3.23193e-15
-3.03483e-15
-3.36986e-15
-3.11925e-15
-3.14147e-15
-2.42851e-15
-2.49002e-15
-2.66858e-15
-3.51049e-15
-3.40769e-15
-3.08205e-15
-2.68832e-15
-2.64019e-15
-2.55892e-15
-2.69337e-15
-2.48807e-15
-1.64488e-15
-1.59576e-15
-1.43302e-15
-1.90484e-15
-2.00892e-15
-2.22047e-15
-1.41464e-15
-1.08972e-15
-7.83035e-16
-1.04888e-15
-1.23892e-15
-4.54873e-16
-5.31905e-16
-7.0058e-16
-8.39467e-16
-1.32613e-16
9.78149e-17
2.58452e-16
8.64218e-16
2.37099e-15
2.93744e-15
3.072e-15
3.21237e-15
3.60669e-15
2.41852e-15
1.32284e-15
4.4203e-16
-2.09711e-16
-1.39752e-15
-2.04836e-15
-2.06594e-15
-2.61295e-15
-2.85545e-15
-3.45971e-15
-3.7476e-15
-3.60661e-15
-3.50975e-15
-3.18592e-15
-2.71067e-15
-3.45933e-15
-2.60233e-15
-2.94853e-15
-3.38561e-15
-3.76311e-15
-2.77909e-15
-2.51921e-15
-2.48404e-15
-1.7853e-15
-1.97482e-15
-2.1075e-15
-2.30291e-15
-1.75476e-15
-1.52125e-15
-2.31957e-15
-2.41633e-15
-2.53574e-15
-1.09842e-15
-3.966e-19
-1.79619e-16
-5.73763e-16
-9.60361e-16
-6.76203e-16
-6.71616e-16
-5.51923e-16
-7.53401e-16
-1.95256e-16
3.64776e-16
4.67586e-17
1.24638e-15
3.07532e-15
3.28255e-15
3.04062e-15
3.19629e-15
3.10965e-15
2.60778e-15
1.57058e-15
1.10522e-16
-1.6018e-16
-1.29161e-15
-1.58313e-15
-1.72925e-15
-2.71176e-15
-3.37586e-15
-3.85868e-15
-4.13867e-15
-3.87443e-15
-3.56467e-15
-3.06532e-15
-2.87324e-15
-3.23563e-15
-3.01469e-15
-3.57969e-15
-3.48062e-15
-3.70557e-15
-3.17682e-15
-2.81928e-15
-2.28559e-15
-1.9751e-15
-1.60109e-15
-1.3174e-15
-1.78377e-15
-1.96193e-15
-2.01077e-15
-2.30787e-15
-2.18287e-15
-1.7465e-15
-1.14993e-15
5.25639e-16
1.17663e-16
-6.14771e-16
-7.85467e-16
-1.14021e-15
-1.72893e-15
-5.07897e-16
-4.57524e-16
-1.47742e-16
-2.1617e-16
-1.36033e-16
1.27655e-15
2.72291e-15
3.77471e-15
3.85223e-15
3.31312e-15
2.90481e-15
2.26717e-15
1.24817e-15
-1.31818e-16
-2.5781e-16
-4.93111e-16
-1.35972e-15
-1.97619e-15
-2.86914e-15
-3.9383e-15
-4.11186e-15
-4.56888e-15
-3.98227e-15
-3.51641e-15
-2.99651e-15
-2.39958e-15
-2.79764e-15
-2.70533e-15
-3.79196e-15
-3.59095e-15
-3.51345e-15
-3.22085e-15
-2.97755e-15
-2.91145e-15
-2.02076e-15
-1.18118e-15
-1.3968e-15
-1.70131e-15
-1.91349e-15
-2.07145e-15
-2.29735e-15
-2.51148e-15
-1.5682e-15
-4.25285e-16
3.63641e-18
-1.51891e-16
-6.09219e-16
-1.06033e-15
-1.81918e-15
-1.8129e-15
-3.75312e-16
-3.14599e-16
-1.12908e-16
)
;

boundaryField
{
    movingWall
    {
        type            zeroGradient;
    }
    Inlet
    {
        type            fixedValue;
        value           uniform 0;
    }
    Outlet
    {
        type            fixedValue;
        value           uniform 0;
    }
    Bottom
    {
        type            zeroGradient;
    }
    frontAndBack
    {
        type            empty;
    }
}


// ************************************************************************* //
