/*--------------------------------*- C++ -*----------------------------------*\
| =========                 |                                                 |
| \\      /  F ield         | OpenFOAM: The Open Source CFD Toolbox           |
|  \\    /   O peration     | Version:  5.x                                   |
|   \\  /    A nd           | Web:      www.OpenFOAM.org                      |
|    \\/     M anipulation  |                                                 |
\*---------------------------------------------------------------------------*/
FoamFile
{
    version     2.0;
    format      ascii;
    class       volScalarField;
    location    "0.025";
    object      p;
}
// * * * * * * * * * * * * * * * * * * * * * * * * * * * * * * * * * * * * * //

dimensions      [0 2 -2 0 0 0 0];

internalField   nonuniform List<scalar> 
7200
(
9.47431e-05
0.0650003
0.178916
0.190398
0.445951
0.152445
1.13759
-0.771594
3.91757
-6.19304
16.5911
-31.2002
61.8527
-87.3313
77.753
0.00209901
0.0710366
0.186419
0.209002
0.447349
0.216621
1.0529
-0.460337
3.27051
-4.52265
12.9929
-23.7864
50.0005
-74.0611
71.9751
0.00420682
0.0762407
0.194485
0.223429
0.456056
0.257052
1.0226
-0.291109
2.95814
-3.63828
11.0716
-19.4666
42.4452
-64.6661
67.9422
0.00617863
0.0815897
0.202343
0.237935
0.46522
0.294659
1.00245
-0.152748
2.73235
-2.97969
9.70248
-16.3163
36.7066
-56.9595
64.2636
0.00807401
0.0873107
0.210355
0.253242
0.475002
0.332312
0.98776
-0.0274006
2.55075
-2.4313
8.60958
-13.7644
31.9583
-50.1932
60.8359
0.00994008
0.0933323
0.21865
0.269112
0.485829
0.369417
0.979159
0.0853468
2.40908
-1.97877
7.75191
-11.7184
28.0937
-44.2947
57.6764
0.0118038
0.0996055
0.22726
0.285421
0.497775
0.405911
0.976115
0.187647
2.29981
-1.60218
7.08261
-10.0807
24.9982
-39.1975
54.7624
0.0136868
0.106109
0.236212
0.302135
0.510834
0.441982
0.977846
0.282064
2.21537
-1.28131
6.55577
-8.74956
22.5308
-34.8045
52.0656
0.0156063
0.112827
0.245525
0.319231
0.524997
0.47779
0.983746
0.370512
2.15038
-1.00094
6.13741
-7.64552
20.5673
-31.0254
49.5628
0.0175746
0.119745
0.255209
0.336692
0.540238
0.51346
0.99335
0.454409
2.10114
-0.749822
5.80272
-6.70903
19.0029
-27.7805
47.2343
0.0195999
0.126848
0.265264
0.354498
0.556523
0.54909
1.00628
0.534852
2.06507
-0.519664
5.53313
-5.89572
17.7489
-24.9984
45.0626
0.0216875
0.134123
0.275684
0.37263
0.573806
0.584755
1.02225
0.612704
2.04037
-0.304565
5.3146
-5.17352
16.7309
-22.6143
43.0322
0.0238397
0.141553
0.286453
0.391065
0.592033
0.620508
1.04098
0.688628
2.02569
-0.100537
5.13633
-4.52024
15.8877
-20.5702
41.1294
0.0260565
0.149121
0.29755
0.409773
0.611139
0.656375
1.06227
0.763113
2.01995
0.0948925
4.98983
-3.92128
15.1701
-18.8144
39.3418
0.0283353
0.156807
0.308945
0.428718
0.631047
0.692354
1.08588
0.836475
2.02213
0.283018
4.86817
-3.3677
14.5394
-17.3013
37.6582
0.0306715
0.164589
0.320599
0.44785
0.651664
0.728414
1.11158
0.908856
2.03117
0.464256
4.76546
-2.85452
13.9663
-15.9908
36.0686
0.0330581
0.172438
0.332467
0.467112
0.672882
0.764482
1.13907
0.980226
2.04593
0.638339
4.67673
-2.37949
13.4289
-14.848
34.5638
0.0354862
0.180327
0.344494
0.486432
0.694569
0.800448
1.16802
1.05039
2.06517
0.804521
4.59757
-1.94184
12.9123
-13.8434
33.1359
0.0379448
0.188218
0.356614
0.505723
0.716574
0.836155
1.19806
1.11901
2.08754
0.961813
4.52416
-1.54158
12.4065
-12.9516
31.7774
0.0404211
0.196073
0.368756
0.524884
0.73872
0.871402
1.22872
1.1856
2.11164
1.10908
4.45314
-1.17882
11.9058
-12.1518
30.4818
0.0429003
0.203849
0.380836
0.543798
0.760811
0.905946
1.2595
1.24962
2.13607
1.24518
4.3817
-0.853452
11.4077
-11.4266
29.2434
0.0453661
0.211496
0.392765
0.562335
0.782626
0.939508
1.28988
1.3104
2.15946
1.36906
4.30758
-0.564897
10.9119
-10.7623
28.0569
0.0478006
0.218962
0.404442
0.580353
0.803928
0.971777
1.31927
1.36731
2.18052
1.47986
4.22904
-0.312009
10.4194
-10.1477
26.918
0.0501848
0.226193
0.415765
0.597696
0.824465
1.00242
1.34712
1.41969
2.19807
1.57691
4.14489
-0.0930919
9.93248
-9.57437
25.8226
0.0524986
0.233129
0.426624
0.614205
0.84398
1.03111
1.37285
1.46692
2.21111
1.65983
4.05444
0.0940356
9.45353
-9.03583
24.7674
0.0547215
0.239711
0.436907
0.629714
0.862211
1.0575
1.39593
1.50848
2.21885
1.72852
3.95745
0.251922
8.98511
-8.52725
23.7495
0.0568327
0.245878
0.446502
0.644062
0.878908
1.08127
1.41589
1.54392
2.22066
1.7831
3.8541
0.383352
8.52958
-8.04518
22.7665
0.0588115
0.251572
0.455301
0.657089
0.893828
1.10214
1.43231
1.57291
2.21614
1.824
3.74487
0.491213
8.08891
-7.58719
21.8164
0.0606382
0.256734
0.463198
0.668647
0.906754
1.11985
1.44484
1.59522
2.20509
1.85183
3.63051
0.578377
7.66466
-7.15163
20.8975
0.0622937
0.261312
0.470098
0.6786
0.917492
1.13419
1.45324
1.61079
2.18751
1.86739
3.51191
0.647593
7.2579
-6.73737
20.0083
0.0637607
0.265256
0.475914
0.686832
0.925882
1.14499
1.45732
1.61962
2.16353
1.87164
3.39009
0.701419
6.86924
-6.34365
19.1479
0.0650237
0.268523
0.480571
0.693244
0.931796
1.15217
1.457
1.62188
2.13347
1.86561
3.26608
0.742167
6.49891
-5.96994
18.3152
0.0660693
0.27108
0.484009
0.697764
0.935148
1.15567
1.45228
1.61779
2.09774
1.8504
3.14089
0.771876
6.14679
-5.6158
17.5097
0.0668867
0.272896
0.486182
0.700343
0.935888
1.1555
1.44324
1.6077
2.05682
1.82711
3.01546
0.792306
5.81248
-5.28083
16.7306
0.0674678
0.273955
0.487063
0.700956
0.934007
1.15172
1.43003
1.592
2.01129
1.79685
2.89065
0.804948
5.4954
-4.96459
15.9776
0.0678071
0.274244
0.486637
0.699607
0.929533
1.14444
1.41285
1.57114
1.96174
1.76065
2.76719
0.811051
5.19484
-4.66659
15.2502
0.0679021
0.273765
0.484909
0.696322
0.922529
1.13382
1.39196
1.54561
1.90876
1.71951
2.64573
0.811645
4.91
-4.38628
14.5481
0.0677533
0.272523
0.481899
0.691151
0.91309
1.12005
1.36766
1.51593
1.85296
1.67433
2.52675
0.807577
4.64006
-4.12303
13.8709
0.0673639
0.270537
0.477643
0.684167
0.90134
1.10334
1.34026
1.4826
1.79493
1.62594
2.41067
0.799549
4.38423
-3.87613
13.2183
0.0667395
0.267831
0.472189
0.675462
0.887427
1.08395
1.31012
1.44614
1.7352
1.57508
2.29777
0.788141
4.14172
-3.64482
12.5899
0.0658887
0.264437
0.465599
0.665143
0.871517
1.06214
1.27758
1.40706
1.67429
1.5224
2.18828
0.773846
3.9118
-3.4283
11.9854
0.0648217
0.260394
0.457947
0.653334
0.853793
1.03817
1.243
1.36583
1.61267
1.46849
2.08234
0.757092
3.69379
-3.22575
11.4044
0.0635513
0.255746
0.449313
0.640166
0.834449
1.01233
1.20672
1.3229
1.55075
1.41382
1.98005
0.738257
3.48708
-3.03632
10.8463
0.0620914
0.250544
0.439789
0.625783
0.813685
0.984901
1.16909
1.2787
1.48892
1.35886
1.88145
0.717682
3.29108
-2.85918
10.3106
0.0604578
0.24484
0.429469
0.610332
0.791706
0.956153
1.13043
1.23363
1.4275
1.30395
1.78657
0.695688
3.10528
-2.69349
9.7968
0.0586673
0.238692
0.418452
0.593964
0.768717
0.926357
1.09105
1.18803
1.3668
1.24944
1.6954
0.67257
2.9292
-2.53844
9.3043
0.0567374
0.232158
0.406842
0.576832
0.74492
0.895774
1.05124
1.14225
1.30708
1.1956
1.60793
0.648612
2.76238
-2.39325
8.83242
0.0546863
0.225297
0.394741
0.559088
0.720515
0.864652
1.01128
1.09658
1.24856
1.14268
1.52412
0.624079
2.6044
-2.25716
8.38049
0.0525327
0.218171
0.382253
0.54088
0.695693
0.833225
0.971412
1.05129
1.19144
1.09089
1.44394
0.599222
2.45487
-2.12947
7.94776
0.0502954
0.21084
0.36948
0.522355
0.670638
0.801717
0.931871
1.00662
1.13589
1.04041
1.36734
0.574278
2.31341
-2.00948
7.53349
0.0479929
0.203363
0.356522
0.503655
0.645528
0.770333
0.892869
0.962786
1.08206
0.991398
1.2943
0.549465
2.17963
-1.89655
7.1369
0.0456439
0.195799
0.343476
0.484913
0.620528
0.739267
0.854601
0.91999
1.03009
0.944005
1.22475
0.524986
2.0532
-1.79008
6.75719
0.0432664
0.188204
0.330436
0.466261
0.595795
0.708698
0.817243
0.878401
0.980068
0.89835
1.15866
0.501025
1.93375
-1.6895
6.39356
0.0408783
0.180634
0.317493
0.44782
0.571477
0.678791
0.780956
0.838175
0.932108
0.854538
1.09597
0.477749
1.82095
-1.59427
6.04518
0.0384967
0.173141
0.304731
0.429706
0.547711
0.649697
0.745885
0.79945
0.886289
0.812664
1.03664
0.45531
1.71448
-1.5039
5.71126
0.0361383
0.165775
0.292233
0.412028
0.524624
0.621556
0.712161
0.762349
0.842684
0.772809
0.98062
0.433842
1.61402
-1.41791
5.39097
0.0338188
0.158585
0.280075
0.394889
0.502336
0.594497
0.679903
0.726981
0.801355
0.735046
0.927853
0.413464
1.51925
-1.33588
5.08354
0.0315538
0.151616
0.26833
0.378383
0.480956
0.568636
0.64922
0.693447
0.762358
0.699437
0.878294
0.394285
1.4299
-1.25739
4.78819
0.0293577
0.14491
0.257066
0.362601
0.460587
0.544082
0.620211
0.661835
0.725743
0.666039
0.831898
0.376399
1.34568
-1.18207
4.50417
0.0272445
0.138509
0.246348
0.347625
0.441322
0.520935
0.592964
0.632228
0.691556
0.634905
0.788622
0.359894
1.26633
-1.10958
4.23077
0.0252274
0.13245
0.236234
0.333532
0.423251
0.499285
0.567565
0.6047
0.659838
0.606082
0.74843
0.344848
1.19163
-1.03959
3.96732
0.0233192
0.126769
0.226782
0.320397
0.406454
0.479218
0.544089
0.579321
0.630631
0.579619
0.71129
0.331338
1.12134
-0.97181
3.7132
0.0215317
0.1215
0.218044
0.308285
0.391008
0.460815
0.522611
0.556161
0.603976
0.555562
0.67718
0.319436
1.05527
-0.905976
3.46783
0.0198763
0.116675
0.210069
0.29726
0.376985
0.444151
0.5032
0.535283
0.579917
0.533962
0.646088
0.309214
0.993277
-0.841849
3.23072
0.018364
0.112323
0.202904
0.287383
0.364452
0.429297
0.485924
0.516753
0.558501
0.514872
0.618014
0.300746
0.935214
-0.779214
3.00143
0.0170049
0.108473
0.196592
0.278709
0.353473
0.416321
0.470849
0.500636
0.539776
0.498352
0.592971
0.294112
0.880988
-0.717888
2.77964
0.0158088
0.105151
0.191174
0.271292
0.34411
0.40529
0.45804
0.486998
0.5238
0.484467
0.570987
0.289395
0.830542
-0.657715
2.5651
0.0147848
0.102381
0.186689
0.26518
0.336419
0.396268
0.447563
0.47591
0.510634
0.473291
0.552106
0.286689
0.783859
-0.59857
2.3577
0.0139416
0.100186
0.183173
0.260422
0.330458
0.389318
0.439483
0.467442
0.500345
0.464906
0.536389
0.286095
0.74097
-0.540363
2.15747
0.0132873
0.0985879
0.180658
0.257061
0.326279
0.384501
0.433867
0.461668
0.493011
0.459405
0.523917
0.287728
0.701953
-0.483038
1.9646
0.0128294
0.0976065
0.179177
0.25514
0.323933
0.381877
0.430781
0.458668
0.488712
0.456891
0.514786
0.291714
0.666941
-0.426582
1.77947
0.0125747
0.0972597
0.178757
0.254698
0.323469
0.381503
0.430293
0.45852
0.487536
0.457474
0.509112
0.298193
0.63612
-0.371029
1.60272
0.0125294
0.0975637
0.179426
0.255769
0.32493
0.383436
0.432467
0.461307
0.489579
0.461277
0.507028
0.307318
0.609735
-0.316469
1.43523
0.0126988
0.0985327
0.181205
0.258387
0.32836
0.38773
0.437372
0.467113
0.494938
0.46843
0.508682
0.31926
0.588088
-0.263064
1.27822
0.0130877
0.100179
0.184115
0.26258
0.333797
0.394434
0.44507
0.476023
0.503716
0.479071
0.51424
0.3342
0.571552
-0.211077
1.13332
0.0136985
0.102508
0.188166
0.268363
0.341262
0.403582
0.455605
0.4881
0.515997
0.493321
0.523853
0.352304
0.560544
-0.160924
1.00264
0.0145306
0.105517
0.193352
0.275731
0.350753
0.415177
0.468989
0.503375
0.531822
0.511271
0.537627
0.373751
0.555432
-0.113055
0.88864
0.0156018
0.109262
0.199771
0.284822
0.36245
0.429444
0.48549
0.522176
0.551543
0.533378
0.555969
0.39918
0.556792
-0.0676279
0.794361
0.0169769
0.113962
0.207795
0.296166
0.377042
0.44723
0.506122
0.545643
0.576508
0.560933
0.580704
0.429429
0.567916
-0.027461
0.727042
0.0183634
0.118683
0.215871
0.307617
0.391864
0.465351
0.527426
0.569723
0.603208
0.588696
0.61039
0.455588
0.595388
-0.0110194
0.7022
-77.8147
87.272
-61.9131
31.1335
-16.6553
6.12534
-3.98407
0.703882
-1.20492
-0.220198
-0.513744
-0.258481
-0.247286
-0.133849
-0.0694391
0.0212934
0.0857041
0.199164
0.210348
0.465706
0.172081
1.15718
-0.751991
3.93711
-6.17387
16.6093
-31.1838
61.8668
-87.3205
77.759
-72.0373
74.001
-50.0602
23.7202
-13.0571
4.4553
-3.33701
0.39273
-1.12023
-0.284333
-0.515115
-0.277044
-0.254732
-0.139778
-0.0711866
0.0230309
0.0916234
0.206601
0.228906
0.467069
0.236232
1.07247
-0.440777
3.28993
-4.50377
13.0106
-23.7706
50.0138
-74.0512
71.9805
-68.0047
64.6053
-42.5045
19.4011
-11.1355
3.57124
-3.02454
0.223603
-1.0899
-0.324719
-0.52378
-0.291417
-0.262723
-0.144843
-0.07303
0.0248592
0.096674
0.214578
0.243268
0.475724
0.276622
1.04213
-0.27163
2.97738
-3.61976
11.0887
-19.4516
42.4576
-64.6572
67.947
-64.3263
56.8981
-36.7656
16.2513
-9.76612
2.91298
-2.79861
0.0853631
-1.06969
-0.362269
-0.532892
-0.305858
-0.270492
-0.150037
-0.0747535
0.0265612
0.101846
0.222326
0.257692
0.48482
0.314168
1.02191
-0.133398
2.75133
-2.96161
9.71895
-16.3021
36.718
-56.9515
64.2681
-60.8988
50.1311
-32.0173
13.6999
-8.6729
2.36493
-2.61682
-0.0398352
-1.05492
-0.39985
-0.542609
-0.321088
-0.278403
-0.155598
-0.0764372
0.0282155
0.107379
0.230209
0.272896
0.494514
0.351734
1.00711
-0.00823904
2.5694
-2.41374
8.62535
-13.751
31.9688
-50.1859
60.84
-57.7394
44.232
-28.1527
11.6544
-7.81489
1.91276
-2.47493
-0.152408
-1.04621
-0.436868
-0.553359
-0.336871
-0.286588
-0.161464
-0.078121
0.0298613
0.113207
0.238357
0.288645
0.50523
0.388721
0.998348
0.10426
2.42733
-1.96179
7.76695
-11.7059
28.1034
-44.288
57.6803
-54.8255
39.1342
-25.0573
10.017
-7.14528
1.53652
-2.3654
-0.25451
-1.04304
-0.473258
-0.565214
-0.353084
-0.295082
-0.167588
-0.079822
0.0315149
0.119284
0.246805
0.304813
0.517039
0.425064
0.995101
0.206252
2.3176
-1.58582
7.09692
-10.0689
25.0072
-39.1913
54.766
-52.1288
34.7407
-22.5901
8.68604
-6.61815
1.21598
-2.28069
-0.34871
-1.04462
-0.509208
-0.578171
-0.369692
-0.303914
-0.173947
-0.0815546
0.0331901
0.125586
0.25558
0.321365
0.529937
0.460948
0.996581
0.300306
2.23265
-1.2656
6.56936
-8.7385
22.5391
-34.7988
52.069
-49.6261
30.9612
-20.6268
7.58213
-6.19953
0.935923
-2.21543
-0.436926
-1.05034
-0.54488
-0.592219
-0.386675
-0.313103
-0.180524
-0.0833306
0.0348981
0.132094
0.264699
0.338278
0.543909
0.496533
1.00219
0.388342
2.16712
-0.985884
6.1503
-7.63514
20.575
-31.0201
49.5661
-47.2977
27.716
-19.0626
6.64569
-5.86463
0.685084
-2.16592
-0.520581
-1.05976
-0.580399
-0.607333
-0.404013
-0.322658
-0.187302
-0.0851592
0.0366474
0.138793
0.274173
0.355533
0.558932
0.531942
1.01145
0.471785
2.1173
-0.73542
5.81493
-6.69927
19.0102
-27.7756
47.2374
-45.1261
24.9336
-17.8088
5.83237
-5.59486
0.455177
-2.12959
-0.60078
-1.0725
-0.615866
-0.623479
-0.421688
-0.33258
-0.194267
-0.0870463
0.0384438
0.145666
0.284002
0.373111
0.574968
0.567276
1.024
0.551742
2.08065
-0.505909
5.54469
-5.88654
17.7557
-24.9937
45.0656
-43.0959
22.5492
-16.791
5.11011
-5.37619
0.240297
-2.10463
-0.678387
-1.08825
-0.651356
-0.640613
-0.439682
-0.342862
-0.201401
-0.0889956
0.0402906
0.152697
0.294177
0.390992
0.591974
0.602611
1.03955
0.629081
2.05534
-0.291442
5.32555
-5.16487
16.7373
-22.6099
43.0351
-41.1934
20.5049
-15.9479
4.45673
-5.19783
0.0364522
-2.08972
-0.754073
-1.10677
-0.686924
-0.658682
-0.457971
-0.353489
-0.208689
-0.0910082
0.042189
0.159869
0.304684
0.409152
0.609896
0.638001
1.05785
0.704475
2.04008
-0.0880223
5.14671
-4.51208
15.8937
-20.566
41.1322
-39.406
18.749
-15.2305
3.85764
-5.05126
-0.158826
-2.08377
-0.828328
-1.12785
-0.722599
-0.677621
-0.476525
-0.364438
-0.216112
-0.0930828
0.0441378
0.167164
0.3155
0.427563
0.62867
0.673478
1.07867
0.778421
2.03375
0.106825
4.99968
-3.91357
15.1758
-18.8105
39.3445
-37.7226
17.2357
-14.6
3.30392
-4.92957
-0.346829
-2.08575
-0.901471
-1.15125
-0.758383
-0.697354
-0.495309
-0.37568
-0.223649
-0.095216
0.0461341
0.174562
0.326596
0.446188
0.648222
0.709044
1.1018
0.85124
2.03536
0.294394
4.87752
-3.3604
14.5448
-17.2975
37.6608
-36.1333
15.9249
-14.027
2.79058
-4.82685
-0.527973
-2.09462
-0.973646
-1.17673
-0.794244
-0.717791
-0.514274
-0.387176
-0.231277
-0.0974023
0.0481728
0.182039
0.337933
0.464981
0.668461
0.74467
1.127
0.92308
2.04384
0.475104
4.77434
-2.8476
13.9714
-15.9871
36.0711
-34.6289
14.782
-13.4898
2.31538
-4.73813
-0.701983
-2.10923
-1.04482
-1.20402
-0.830112
-0.738823
-0.533362
-0.398879
-0.238968
-0.0996339
0.0502472
0.189569
0.349467
0.483884
0.68928
0.78029
1.15399
0.993916
2.05806
0.648686
4.68517
-2.37292
13.4338
-14.8445
34.5663
-33.2013
13.7771
-12.9733
1.87757
-4.659
-0.868116
-2.12834
-1.11481
-1.23278
-0.865878
-0.76032
-0.552502
-0.410735
-0.246691
-0.101901
0.0523486
0.197122
0.361143
0.502828
0.710554
0.815796
1.18244
1.06356
2.07679
0.814395
4.60561
-1.93559
12.9169
-13.84
33.1383
-31.8432
12.885
-12.4677
1.47713
-4.58564
-1.02537
-2.1506
-1.18326
-1.26262
-0.901385
-0.782131
-0.571608
-0.422678
-0.25441
-0.104192
0.0544665
0.204665
0.372898
0.521727
0.732132
0.851036
1.21197
1.13166
2.09867
0.971239
4.53182
-1.53562
12.411
-12.9483
31.7798
-30.548
12.0848
-11.9672
1.11419
-4.51468
-1.17263
-2.17461
-1.2497
-1.29309
-0.936434
-0.804081
-0.590577
-0.434635
-0.262086
-0.106492
0.0565889
0.212158
0.384662
0.540484
0.753842
0.885812
1.24214
1.19776
2.1223
1.11809
4.46045
-1.17312
11.9101
-12.1486
30.4842
-29.3099
11.3593
-11.4694
0.788626
-4.44332
-1.30872
-2.19896
-1.31357
-1.32371
-0.970782
-0.825972
-0.609294
-0.446524
-0.269674
-0.108787
0.058702
0.219559
0.396352
0.558984
0.775489
0.919884
1.27244
1.26129
2.14628
1.25379
4.38868
-0.847999
11.4119
-11.4235
29.2457
-28.1239
10.6946
-10.9738
0.499863
-4.3693
-1.43261
-2.22228
-1.37423
-1.35391
-1.00415
-0.847584
-0.627628
-0.458252
-0.277125
-0.111058
0.0607906
0.226821
0.407879
0.577099
0.796856
0.952976
1.30234
1.32161
2.16924
1.37729
4.31426
-0.559663
10.9159
-10.7592
28.0592
-26.9853
10.0796
-10.4816
0.246754
-4.29088
-1.54342
-2.24327
-1.43101
-1.38314
-1.03622
-0.86868
-0.645435
-0.469721
-0.284385
-0.113288
0.0628381
0.233893
0.419149
0.594688
0.817707
0.98478
1.33126
1.37807
2.18988
1.48773
4.23544
-0.306974
10.4233
-10.1447
26.9202
-25.8903
9.5059
-9.99503
0.0275989
-4.20687
-1.6405
-2.26078
-1.48327
-1.41082
-1.06667
-0.889006
-0.66256
-0.480826
-0.291398
-0.115455
0.0648268
0.240721
0.430056
0.611599
0.837795
1.01497
1.35865
1.43002
2.20704
1.58446
4.15103
-0.0882375
9.93626
-9.57143
25.8248
-24.8354
8.96693
-9.51643
-0.159784
-4.11657
-1.72347
-2.27379
-1.53039
-1.43639
-1.09516
-0.908305
-0.678843
-0.491455
-0.298104
-0.11754
0.0667381
0.247249
0.440495
0.627673
0.856863
1.0432
1.38394
1.47684
2.21972
1.66707
4.06034
0.0987266
9.45721
-9.03293
24.7696
-23.8179
8.45791
-9.04839
-0.317943
-4.01977
-1.79221
-2.2815
-1.57184
-1.45931
-1.12135
-0.926316
-0.694119
-0.501498
-0.304444
-0.119519
0.0685531
0.253418
0.450356
0.642749
0.874652
1.06915
1.4066
1.518
2.2271
1.73546
3.96313
0.256465
8.98871
-8.52439
23.7518
-22.8352
7.97542
-8.59324
-0.449661
-3.91661
-1.84687
-2.28329
-1.60718
-1.47912
-1.14493
-0.942785
-0.708222
-0.510841
-0.310355
-0.121373
0.0702524
0.259169
0.459527
0.656665
0.890912
1.09249
1.42614
1.55306
2.22858
1.78978
3.85958
0.38776
8.5331
-8.04236
22.7688
-21.8854
7.51701
-8.15297
-0.557825
-3.8076
-1.88785
-2.27877
-1.63607
-1.49538
-1.16559
-0.957471
-0.720995
-0.519375
-0.315777
-0.123078
0.071817
0.264445
0.467903
0.669264
0.905403
1.11294
1.44216
1.58168
2.22374
1.83042
3.75016
0.4955
8.09237
-7.5844
21.8186
-20.9667
7.08104
-7.72912
-0.645301
-3.69348
-1.91578
-2.26773
-1.6583
-1.50776
-1.18309
-0.970155
-0.732287
-0.526994
-0.320653
-0.124614
0.0732285
0.269191
0.475379
0.680397
0.917907
1.13024
1.45431
1.60365
2.2124
1.85801
3.63563
0.582551
7.66806
-7.14887
20.8997
-20.0778
6.66639
-7.32276
-0.714836
-3.57513
-1.93145
-2.25016
-1.67377
-1.516
-1.19721
-0.980643
-0.741964
-0.533601
-0.324929
-0.125963
0.0744694
0.273352
0.481862
0.689933
0.928233
1.14418
1.46233
1.61888
2.19453
1.87335
3.51687
0.651665
7.26124
-6.73463
20.0105
-19.2176
6.27231
-6.9345
-0.768985
-3.45358
-1.93583
-2.22621
-1.68253
-1.51992
-1.20781
-0.988775
-0.749907
-0.53911
-0.328554
-0.127106
0.0755237
0.276884
0.487264
0.697754
0.93622
1.1546
1.46606
1.6274
2.1703
1.87739
3.3949
0.705398
6.87253
-6.34094
19.1501
-18.3851
5.89827
-6.56455
-0.810052
-3.32984
-1.92993
-2.19619
-1.68471
-1.51945
-1.21476
-0.994423
-0.75602
-0.543445
-0.331487
-0.128027
0.0763772
0.279743
0.491514
0.703764
0.941743
1.1614
1.4654
1.62935
2.13999
1.87117
3.27075
0.746059
6.50215
-5.96726
18.3174
-17.5797
5.54382
-6.2128
-0.840074
-3.20492
-1.91486
-2.1605
-1.68056
-1.51459
-1.21804
-0.997501
-0.760229
-0.546548
-0.333692
-0.128713
0.0770178
0.281896
0.494552
0.70789
0.944714
1.16454
1.46035
1.62498
2.10401
1.85577
3.14543
0.775686
6.14998
-5.61314
17.5119
-16.8008
5.20858
-5.87883
-0.860804
-3.07977
-1.89173
-2.11964
-1.6704
-1.5054
-1.21764
-0.997961
-0.762485
-0.548372
-0.335142
-0.129155
0.0774358
0.283315
0.496333
0.710085
0.945085
1.16403
1.451
1.61462
2.06287
1.83232
3.01988
0.79604
5.81563
-5.27819
16.7328
-16.0478
4.8921
-5.56208
-0.873733
-2.95524
-1.86162
-2.07417
-1.65464
-1.49204
-1.21363
-0.995792
-0.762767
-0.54889
-0.335818
-0.129344
0.0776239
0.283984
0.496829
0.710324
0.942846
1.15991
1.43749
1.59866
2.01713
1.80189
2.89495
0.808611
5.49851
-4.96197
15.9797
-15.3205
4.59389
-5.2618
-0.880102
-2.83205
-1.82557
-2.02468
-1.63373
-1.47471
-1.20613
-0.991026
-0.761077
-0.54809
-0.335713
-0.129277
0.0775777
0.283892
0.496028
0.708611
0.938027
1.15232
1.42002
1.57755
1.96738
1.76554
2.7714
0.814645
5.1979
-4.664
15.2523
-14.6185
4.31341
-4.97723
-0.880938
-2.71085
-1.78458
-1.97177
-1.60815
-1.45368
-1.19527
-0.983726
-0.757443
-0.545979
-0.334826
-0.128953
0.0772956
0.283039
0.493935
0.704973
0.930689
1.14139
1.39886
1.55179
1.91421
1.72425
2.64983
0.815173
4.91302
-4.38372
14.5502
-13.9413
4.05002
-4.70753
-0.877087
-2.59211
-1.73955
-1.91605
-1.57842
-1.42924
-1.18127
-0.973988
-0.751919
-0.542577
-0.333168
-0.128374
0.0767786
0.281435
0.49057
0.699461
0.920929
1.12732
1.37429
1.52188
1.85824
1.67894
2.53076
0.811042
4.64305
-4.12049
13.873
-13.2887
3.80301
-4.4519
-0.869247
-2.47625
-1.69129
-1.85808
-1.54505
-1.4017
-1.16434
-0.961938
-0.744578
-0.537922
-0.330756
-0.127546
0.0760305
0.279095
0.48597
0.692148
0.908869
1.11033
1.34665
1.48834
1.80003
1.63042
2.41458
0.802951
4.38717
-3.87361
13.2204
-12.6604
3.57164
-4.20956
-0.857997
-2.36355
-1.64056
-1.79842
-1.50855
-1.37143
-1.14472
-0.947725
-0.735514
-0.532067
-0.32762
-0.126477
0.0750575
0.276046
0.480182
0.683124
0.894658
1.09067
1.31627
1.45169
1.74014
1.57944
2.30159
0.791483
4.14462
-3.64233
12.592
-12.0558
3.35509
-3.97978
-0.843828
-2.25424
-1.58799
-1.73757
-1.46942
-1.33876
-1.12268
-0.931519
-0.724837
-0.525075
-0.323794
-0.125179
0.0738685
0.272319
0.47327
0.672498
0.878462
1.0686
1.2835
1.41241
1.67908
1.52665
2.19202
0.777129
3.91466
-3.42584
11.9875
-11.4747
3.15254
-3.76188
-0.827167
-2.14846
-1.53416
-1.67599
-1.42815
-1.30405
-1.0985
-0.913502
-0.712673
-0.517022
-0.319319
-0.123665
0.0724741
0.267954
0.465307
0.660393
0.860464
1.04438
1.2487
1.371
1.61731
1.47261
2.086
0.760317
3.69662
-3.22332
11.4064
-10.9165
2.96316
-3.55523
-0.808391
-2.04629
-1.47958
-1.61412
-1.38518
-1.26764
-1.07245
-0.893872
-0.699157
-0.507994
-0.314244
-0.121951
0.0708872
0.262996
0.456374
0.646942
0.840857
1.01831
1.21222
1.3279
1.55525
1.41785
1.98363
0.741424
3.48986
-3.03392
10.8483
-10.3807
2.78608
-3.35927
-0.787842
-1.94779
-1.42466
-1.55231
-1.34093
-1.22989
-1.04481
-0.87283
-0.684433
-0.498082
-0.308623
-0.120055
0.0691222
0.257495
0.446561
0.632286
0.819841
0.990649
1.17439
1.28353
1.49328
1.36277
1.88495
0.720793
3.29382
-2.8568
10.3126
-9.86675
2.6205
-3.17348
-0.76584
-1.85298
-1.36979
-1.49091
-1.2958
-1.19111
-1.01586
-0.850582
-0.668652
-0.487386
-0.302511
-0.117996
0.0671947
0.251503
0.435964
0.616574
0.797621
0.961685
1.13554
1.2383
1.43174
1.30777
1.79
0.698742
3.10798
-2.69114
9.79881
-9.37409
2.46559
-2.99737
-0.742681
-1.76185
-1.31528
-1.43022
-1.25015
-1.15161
-0.985877
-0.827336
-0.651968
-0.476007
-0.295969
-0.115795
0.0651215
0.245078
0.424682
0.599956
0.774402
0.931683
1.09598
1.19255
1.37092
1.25316
1.69875
0.675569
2.93186
-2.53612
9.30629
-8.90203
2.32057
-2.8305
-0.718649
-1.67438
-1.26143
-1.37049
-1.2043
-1.11169
-0.955111
-0.803296
-0.634536
-0.464053
-0.289059
-0.113474
0.0629202
0.238279
0.412817
0.582584
0.750385
0.900903
1.056
1.14663
1.31108
1.19923
1.61121
0.651556
2.765
-2.39096
8.8344
-8.4499
2.18468
-2.67244
-0.69401
-1.59055
-1.20847
-1.31194
-1.15856
-1.07162
-0.923817
-0.778661
-0.616509
-0.451627
-0.281844
-0.111053
0.060609
0.231164
0.400472
0.56461
0.72577
0.869592
1.01588
1.10082
1.25244
1.14622
1.52732
0.626969
2.60698
-2.2549
8.38244
-8.01695
2.05721
-2.52279
-0.669017
-1.51032
-1.15662
-1.25478
-1.1132
-1.03164
-0.892228
-0.753626
-0.598039
-0.438838
-0.274388
-0.108554
0.0582065
0.223794
0.387751
0.546184
0.700747
0.837987
0.975853
1.05539
1.19522
1.09434
1.44707
0.60206
2.45741
-2.12723
7.9497
-7.60245
1.93748
-2.38119
-0.643906
-1.43365
-1.10606
-1.19918
-1.06845
-0.991991
-0.860569
-0.728376
-0.579275
-0.425788
-0.266755
-0.106001
0.0557311
0.216231
0.374755
0.527451
0.675502
0.806308
0.936163
1.0106
1.13956
1.04377
1.37042
0.577063
2.31591
-2.00727
7.53542
-7.2056
1.82484
-2.24725
-0.618898
-1.3605
-1.05695
-1.14528
-1.02453
-0.952887
-0.829046
-0.703089
-0.560358
-0.412582
-0.259005
-0.103413
0.0532015
0.208532
0.361585
0.508552
0.65021
0.774762
0.89702
0.966647
1.08563
0.994683
1.2973
0.552199
2.18209
-1.89437
7.13881
-6.82562
1.71869
-2.12062
-0.594197
-1.29083
-1.00943
-1.09322
-0.981644
-0.91452
-0.797854
-0.677932
-0.541427
-0.399318
-0.251202
-0.100813
0.0506359
0.200756
0.348337
0.489621
0.625037
0.743541
0.858617
0.923736
1.03356
0.947212
1.2277
0.52767
2.05562
-1.78793
6.75908
-6.46169
1.61844
-2.00095
-0.569988
-1.22459
-0.963632
-1.0431
-0.939961
-0.877068
-0.767171
-0.653063
-0.522611
-0.386091
-0.243402
-0.0982209
0.0480523
0.19296
0.335105
0.470789
0.600139
0.712825
0.821131
0.882038
0.983451
0.90148
1.16154
0.50366
1.93613
-1.68738
6.39543
-6.11302
1.52357
-1.88792
-0.546441
-1.16173
-0.919659
-0.995032
-0.899636
-0.840692
-0.737164
-0.62863
-0.504035
-0.372994
-0.235663
-0.0956558
0.0454682
0.185199
0.321978
0.452177
0.575665
0.682778
0.784721
0.841707
0.935403
0.857596
1.0988
0.480337
1.8233
-1.59218
6.04704
-5.77877
1.43358
-1.78119
-0.523708
-1.10221
-0.877607
-0.949092
-0.860808
-0.805537
-0.707986
-0.604772
-0.485815
-0.360113
-0.228039
-0.0931369
0.0429007
0.177525
0.309043
0.433901
0.55175
0.653551
0.749534
0.802882
0.889499
0.815652
1.03941
0.457852
1.71679
-1.50183
5.71309
-5.45816
1.34799
-1.68045
-0.501926
-1.04597
-0.837559
-0.905357
-0.823603
-0.771736
-0.679775
-0.581616
-0.468062
-0.347531
-0.220582
-0.0906818
0.0403659
0.169987
0.296381
0.41607
0.528523
0.625285
0.715699
0.765685
0.845813
0.77573
0.983331
0.43634
1.61629
-1.41586
5.39279
-5.15038
1.26638
-1.5854
-0.481215
-0.992976
-0.799589
-0.86389
-0.78813
-0.739408
-0.652661
-0.559282
-0.450877
-0.335325
-0.213339
-0.0883074
0.0378796
0.162634
0.284068
0.398785
0.506101
0.598106
0.683337
0.730227
0.804408
0.737902
0.930511
0.415919
1.5215
-1.33385
5.08535
-4.85467
1.18833
-1.49574
-0.461684
-0.943172
-0.763762
-0.824748
-0.754491
-0.708662
-0.626761
-0.53788
-0.434357
-0.323568
-0.206358
-0.0860291
0.0354569
0.155511
0.272176
0.382142
0.484596
0.572132
0.652554
0.696607
0.765338
0.702232
0.880901
0.396699
1.43211
-1.25539
4.78998
-4.57028
1.11347
-1.41119
-0.443432
-0.896517
-0.730135
-0.787982
-0.722774
-0.679598
-0.602185
-0.517513
-0.418591
-0.312329
-0.19968
-0.0838619
0.0331121
0.14866
0.260774
0.36623
0.464107
0.547472
0.62345
0.664914
0.728653
0.668776
0.834457
0.378773
1.34786
-1.18009
4.50594
-4.29651
1.04145
-1.33151
-0.426546
-0.852971
-0.698763
-0.753639
-0.693065
-0.652306
-0.579032
-0.498275
-0.403662
-0.301671
-0.193346
-0.0818191
0.0308589
0.142122
0.249924
0.351132
0.444731
0.524223
0.596115
0.635229
0.6944
0.637586
0.791135
0.36223
1.26849
-1.10762
4.23253
-4.03268
0.971942
-1.25645
-0.411108
-0.812498
-0.669696
-0.721763
-0.665438
-0.626871
-0.557394
-0.480255
-0.389647
-0.291653
-0.187394
-0.0799135
0.0287103
0.135935
0.239688
0.336924
0.426554
0.502478
0.570632
0.607628
0.662619
0.60871
0.750898
0.347149
1.19375
-1.03765
3.96907
-3.77816
0.904663
-1.18581
-0.397195
-0.775069
-0.642983
-0.692397
-0.639965
-0.603372
-0.537357
-0.463532
-0.376618
-0.282332
-0.181858
-0.0781568
0.0266787
0.130134
0.230121
0.323681
0.409658
0.482323
0.547077
0.582181
0.633353
0.582197
0.713716
0.333605
1.12343
-0.969893
3.71493
-3.53239
0.839339
-1.11938
-0.384881
-0.740663
-0.618674
-0.665585
-0.616716
-0.581881
-0.519001
-0.448185
-0.364643
-0.273758
-0.176771
-0.0765596
0.0247758
0.124752
0.221275
0.311468
0.39412
0.463836
0.525525
0.558956
0.606644
0.558093
0.679567
0.321671
1.05735
-0.904078
3.46955
-3.29486
0.775732
-1.05701
-0.374239
-0.709271
-0.596819
-0.64137
-0.595757
-0.562469
-0.502402
-0.434284
-0.353784
-0.26598
-0.172164
-0.0751318
0.0230128
0.119822
0.2132
0.300349
0.38001
0.447094
0.506045
0.538018
0.582533
0.536449
0.648439
0.311419
0.995325
-0.839968
3.23243
-3.06516
0.713627
-0.998562
-0.365347
-0.680893
-0.577476
-0.619801
-0.577154
-0.545206
-0.48763
-0.421896
-0.3441
-0.259044
-0.168064
-0.0738826
0.0214004
0.115372
0.205941
0.290384
0.367396
0.432166
0.488705
0.519431
0.561067
0.517318
0.62033
0.302923
0.937239
-0.77735
3.00313
-2.84293
0.652839
-0.943949
-0.358284
-0.655544
-0.560703
-0.600929
-0.560973
-0.530156
-0.474756
-0.411085
-0.335646
-0.252991
-0.164498
-0.0728203
0.0199485
0.111432
0.199542
0.281629
0.356343
0.419123
0.47357
0.503262
0.542298
0.50076
0.595255
0.296262
0.882993
-0.71604
2.78132
-2.62796
0.593211
-0.89311
-0.353135
-0.633255
-0.54657
-0.584812
-0.547282
-0.517387
-0.463845
-0.401911
-0.328473
-0.24786
-0.16149
-0.0719524
0.0186667
0.108025
0.194044
0.274136
0.34691
0.40803
0.460705
0.489576
0.52628
0.486839
0.573241
0.291521
0.832528
-0.655881
2.56677
-2.42011
0.534618
-0.846029
-0.349997
-0.61407
-0.53515
-0.571513
-0.536151
-0.506965
-0.45496
-0.394431
-0.32263
-0.243688
-0.159063
-0.0712861
0.017564
0.105178
0.189485
0.267955
0.339156
0.398951
0.450177
0.478443
0.513075
0.47563
0.554333
0.288792
0.785827
-0.596749
2.35936
-2.21943
0.476967
-0.802739
-0.348971
-0.598052
-0.526529
-0.561102
-0.527654
-0.498954
-0.448165
-0.388701
-0.318164
-0.24051
-0.157237
-0.0708277
0.0166488
0.102913
0.185901
0.263133
0.333136
0.391948
0.44205
0.469934
0.502752
0.467216
0.538592
0.288179
0.742922
-0.538554
2.15912
-2.0261
0.420204
-0.763317
-0.350174
-0.585283
-0.5208
-0.553655
-0.521864
-0.493423
-0.443521
-0.384773
-0.315117
-0.238357
-0.156033
-0.0705828
0.015929
0.101251
0.183325
0.259715
0.328904
0.387083
0.436392
0.464124
0.495386
0.461688
0.526097
0.289794
0.703891
-0.48124
1.96624
-1.8405
0.364313
-0.727897
-0.353734
-0.575861
-0.518066
-0.549255
-0.518862
-0.490439
-0.441088
-0.382697
-0.31353
-0.237259
-0.155467
-0.0705568
0.0154121
0.100212
0.181788
0.257742
0.326511
0.384415
0.433267
0.46109
0.491058
0.45915
0.516946
0.293763
0.668866
-0.424794
1.78111
-1.66326
0.309328
-0.696664
-0.35979
-0.569903
-0.518442
-0.547992
-0.518727
-0.490068
-0.440922
-0.38252
-0.313441
-0.237242
-0.155556
-0.0707543
0.0151048
0.0998136
0.18132
0.257253
0.326003
0.384003
0.432745
0.460912
0.489857
0.459712
0.511255
0.300228
0.638034
-0.36925
1.60435
-1.49526
0.255339
-0.669863
-0.368498
-0.567542
-0.52205
-0.549961
-0.521543
-0.492377
-0.44308
-0.384288
-0.314883
-0.238331
-0.156313
-0.0711793
0.0150129
0.100072
0.181944
0.258284
0.327427
0.385902
0.43489
0.463673
0.491878
0.463496
0.509156
0.309341
0.611639
-0.314697
1.43685
-1.33774
0.202505
-0.647796
-0.38003
-0.568929
-0.529022
-0.555263
-0.527396
-0.497433
-0.447617
-0.388041
-0.317888
-0.240547
-0.157752
-0.0718353
0.015142
0.101001
0.183685
0.260866
0.330824
0.390166
0.439768
0.469457
0.497218
0.470634
0.510798
0.321273
0.589985
-0.261298
1.27984
-1.1923
0.151092
-0.630833
-0.394567
-0.574229
-0.539497
-0.564
-0.53637
-0.505301
-0.454582
-0.393817
-0.322484
-0.243909
-0.159883
-0.0727253
0.0154964
0.102614
0.186563
0.265028
0.336233
0.396846
0.447445
0.478349
0.505982
0.481263
0.516345
0.336205
0.573443
-0.209315
1.13494
-1.06106
0.101513
-0.619394
-0.412278
-0.583596
-0.553597
-0.576257
-0.54853
-0.516024
-0.464007
-0.401638
-0.328686
-0.248426
-0.16271
-0.0738501
0.0160785
0.104915
0.190587
0.270786
0.343676
0.405973
0.457962
0.490411
0.51825
0.495503
0.525951
0.354304
0.56243
-0.159166
1.00426
-0.946465
0.0542181
-0.613843
-0.433342
-0.597136
-0.571415
-0.592078
-0.563908
-0.529615
-0.475897
-0.411501
-0.336487
-0.254091
-0.166228
-0.0752074
0.0168878
0.107901
0.195752
0.278134
0.353149
0.417552
0.471333
0.505675
0.534066
0.513446
0.53972
0.375748
0.557316
-0.111299
0.890255
-0.851554
0.00937168
-0.614752
-0.458396
-0.615257
-0.593409
-0.611817
-0.582833
-0.546344
-0.490479
-0.423588
-0.346028
-0.261005
-0.170499
-0.0768183
0.0179419
0.11163
0.202155
0.287211
0.364832
0.431807
0.487824
0.524468
0.553781
0.535549
0.558059
0.401175
0.558675
-0.0658725
0.795974
-0.783527
-0.0301887
-0.625392
-0.48827
-0.639776
-0.620872
-0.636826
-0.606457
-0.56724
-0.508619
-0.438608
-0.357859
-0.269561
-0.17576
-0.0787701
0.0193056
0.116319
0.210168
0.298545
0.379416
0.449587
0.50845
0.547931
0.578743
0.563102
0.582793
0.431423
0.569799
-0.0257054
0.728655
-0.757979
-0.0460782
-0.652388
-0.514112
-0.669268
-0.64858
-0.663589
-0.630712
-0.588814
-0.527092
-0.45385
-0.369784
-0.278151
-0.181022
-0.0807105
0.0206857
0.121033
0.218239
0.309991
0.394232
0.467704
0.529752
0.572009
0.605442
0.590865
0.61248
0.457583
0.597272
-0.00926299
0.703813
-77.8126
87.2724
-61.9133
31.1332
-16.6555
6.12527
-3.98398
0.704113
-1.20461
-0.219831
-0.513349
-0.258067
-0.246854
-0.133402
-0.0689769
0.0217704
0.086196
0.199672
0.210874
0.466253
0.172663
1.15783
-0.751241
3.93801
-6.17285
16.6103
-31.1829
61.8674
-87.3209
77.7564
-72.0349
74.0017
-50.0602
23.7201
-13.0572
4.45522
-3.33694
0.392939
-1.11993
-0.283973
-0.514724
-0.276632
-0.254302
-0.139332
-0.0707251
0.0235077
0.0921157
0.20711
0.229433
0.46762
0.236822
1.07313
-0.440007
3.29084
-4.50276
13.0116
-23.7698
50.0141
-74.052
71.9775
-68.0022
64.6063
-42.5043
19.401
-11.1357
3.57115
-3.0245
0.223787
-1.08961
-0.324369
-0.523395
-0.291009
-0.262296
-0.144399
-0.0725697
0.0253355
0.0971665
0.215088
0.243798
0.476281
0.277223
1.04281
-0.270839
2.97829
-3.61879
11.0896
-19.4511
42.4575
-64.6584
67.9439
-64.3238
56.8994
-36.7651
16.2514
-9.7662
2.9129
-2.79858
0.0855215
-1.06942
-0.361933
-0.532515
-0.305455
-0.270068
-0.149595
-0.074295
0.0270365
0.102339
0.222837
0.258225
0.485383
0.314781
1.0226
-0.132593
2.75224
-2.9607
9.71968
-16.3018
36.7175
-56.9531
64.2649
-60.8963
50.1326
-32.0165
13.7001
-8.6729
2.36487
-2.6168
-0.0397006
-1.05467
-0.399529
-0.542241
-0.320691
-0.277984
-0.15516
-0.0759811
0.0286894
0.107871
0.230721
0.273432
0.495084
0.352358
1.00781
-0.00742722
2.57028
-2.4129
8.62593
-13.751
31.968
-50.1878
60.8369
-57.737
44.2337
-28.1517
11.6548
-7.8148
1.91274
-2.47491
-0.152293
-1.04599
-0.436564
-0.553003
-0.336482
-0.286174
-0.16103
-0.0776679
0.0303332
0.113699
0.23887
0.289184
0.505807
0.389357
0.999068
0.105068
2.42818
-1.96106
7.76735
-11.7061
28.1023
-44.2901
57.6771
-54.8231
39.136
-25.0562
10.0176
-7.14507
1.53656
-2.36538
-0.254407
-1.04283
-0.472971
-0.564871
-0.352704
-0.294676
-0.167159
-0.0793726
0.0319843
0.119774
0.247318
0.305355
0.517622
0.425708
0.995825
0.207044
2.31838
-1.58521
7.09713
-10.0694
25.0058
-39.1936
54.7629
-52.1265
34.7426
-22.5888
8.68678
-6.61781
1.2161
-2.28064
-0.348611
-1.04443
-0.508939
-0.577841
-0.369322
-0.303514
-0.173523
-0.0811095
0.0336561
0.126073
0.256092
0.321908
0.530524
0.461596
0.9973
0.301068
2.23335
-1.26513
6.56937
-8.73918
22.5376
-34.8011
52.066
-49.6238
30.9631
-20.6254
7.58301
-6.19907
0.936123
-2.21534
-0.436822
-1.05017
-0.544626
-0.591902
-0.386315
-0.312711
-0.180106
-0.0828907
0.0353601
0.132579
0.26521
0.338822
0.544497
0.497179
1.00289
0.389059
2.16773
-0.985567
6.15011
-7.63602
20.5733
-31.0225
49.5631
-47.2955
27.7179
-19.0612
6.64669
-5.86404
0.685375
-2.16578
-0.520462
-1.05959
-0.580157
-0.607029
-0.403663
-0.322274
-0.186892
-0.0847249
0.0371046
0.139274
0.274681
0.356075
0.559517
0.532581
1.01213
0.472442
2.11781
-0.73526
5.81455
-6.70033
19.0084
-27.778
47.2345
-45.124
24.9355
-17.8073
5.83347
-5.59416
0.455564
-2.12938
-0.600635
-1.07232
-0.615632
-0.623186
-0.421348
-0.332205
-0.193863
-0.0866184
0.0388953
0.146142
0.284505
0.373648
0.575547
0.567899
1.02465
0.552327
2.08103
-0.505909
5.54414
-5.88775
17.7538
-24.9962
45.0627
-43.0939
22.5511
-16.7894
5.1113
-5.37538
0.240778
-2.10436
-0.678208
-1.08807
-0.651126
-0.640329
-0.439351
-0.342495
-0.201006
-0.0885747
0.0407355
0.153167
0.294674
0.391521
0.592541
0.60321
1.04015
0.629582
2.0556
-0.291597
5.32484
-5.16622
16.7353
-22.6123
43.0323
-41.1913
20.5068
-15.9464
4.45798
-5.19693
0.0370258
-2.08938
-0.753851
-1.10658
-0.686694
-0.658403
-0.457648
-0.35313
-0.208301
-0.0905949
0.0426262
0.160331
0.305172
0.40967
0.610446
0.638569
1.05838
0.704885
2.04021
-0.0883258
5.14586
-4.51353
15.8917
-20.5684
41.1295
-39.404
18.7508
-15.2289
3.85894
-5.05029
-0.158167
-2.08335
-0.828058
-1.12763
-0.722363
-0.677345
-0.476209
-0.364087
-0.215732
-0.0926777
0.0445663
0.167616
0.315977
0.428066
0.629197
0.674007
1.07914
0.778732
2.03376
0.106383
4.9987
-3.9151
15.1738
-18.8128
39.3419
-37.7207
17.2374
-14.5984
3.30525
-4.92853
-0.346093
-2.08527
-0.90115
-1.151
-0.758136
-0.697079
-0.494997
-0.375335
-0.223277
-0.0948197
0.0465528
0.175003
0.327059
0.446673
0.64872
0.709527
1.1022
0.85145
2.03524
0.293826
4.87643
-3.362
14.5428
-17.2998
37.6582
-36.1314
15.9266
-14.0254
2.79194
-4.82576
-0.527168
-2.09407
-0.973271
-1.17645
-0.793981
-0.717512
-0.513965
-0.386837
-0.230913
-0.0970152
0.0485807
0.182467
0.33838
0.465443
0.668925
0.745101
1.12732
0.923188
2.0436
0.474423
4.77317
-2.84924
13.9694
-15.9894
36.0686
-34.6271
14.7836
-13.4883
2.31675
-4.737
-0.70112
-2.10861
-1.0444
-1.2037
-0.82983
-0.738537
-0.533055
-0.398546
-0.238611
-0.0992565
0.0506433
0.189982
0.349895
0.48432
0.689706
0.780663
1.15423
0.993923
2.05772
0.647906
4.68393
-2.37458
13.4318
-14.8467
34.5639
-33.1995
13.7787
-12.9718
1.87894
-4.65785
-0.867204
-2.12767
-1.11433
-1.23242
-0.865574
-0.760025
-0.552194
-0.410406
-0.246342
-0.101534
0.0527318
0.197519
0.361549
0.503233
0.710936
0.816108
1.1826
1.06347
2.07635
0.81353
4.60431
-1.93727
12.915
-13.8421
33.136
-31.8414
12.8866
-12.4662
1.47848
-4.58446
-1.02442
-2.14988
-1.18273
-1.26222
-0.901057
-0.781825
-0.571297
-0.422352
-0.254068
-0.103835
0.0548359
0.205043
0.373281
0.5221
0.732468
0.851284
1.21206
1.13148
2.09813
0.970302
4.53048
-1.53729
12.409
-12.9504
31.7775
-30.5462
12.0864
-11.9658
1.11552
-4.5135
-1.17164
-2.17384
-1.24913
-1.29266
-0.93608
-0.803761
-0.590262
-0.434312
-0.261751
-0.106146
0.0569436
0.212517
0.385018
0.540821
0.754129
0.885995
1.24214
1.19749
2.12169
1.11709
4.45908
-1.17479
11.9083
-12.1506
30.4819
-29.3082
11.3608
-11.468
0.789943
-4.44214
-1.30771
-2.19816
-1.31296
-1.32323
-0.970402
-0.825637
-0.608973
-0.446202
-0.269346
-0.108452
0.0590411
0.219897
0.39668
0.559284
0.775725
0.920003
1.27237
1.26094
2.14559
1.25274
4.3873
-0.849647
11.41
-11.4255
29.2435
-28.1221
10.6961
-10.9724
0.501157
-4.36812
-1.43159
-2.22145
-1.37358
-1.3534
-1.00374
-0.847234
-0.627301
-0.457931
-0.276803
-0.110735
0.0611135
0.227137
0.408178
0.577359
0.797041
0.953031
1.30219
1.3212
2.16849
1.37622
4.31287
-0.561287
10.9141
-10.7611
28.0571
-26.9836
10.0811
-10.4803
0.248023
-4.28971
-1.54239
-2.24242
-1.43033
-1.3826
-1.03579
-0.868313
-0.6451
-0.4694
-0.284069
-0.112976
0.0631442
0.234186
0.419417
0.594908
0.817841
0.984773
1.33105
1.37759
2.18909
1.48663
4.23405
-0.30857
10.4216
-10.1466
26.9181
-25.8885
9.50734
-9.99372
0.0288416
-4.20571
-1.63948
-2.25991
-1.48256
-1.41025
-1.06622
-0.888624
-0.662218
-0.480504
-0.291088
-0.115155
0.0651157
0.240991
0.430293
0.611778
0.837879
1.0149
1.35838
1.42948
2.20621
1.58334
4.14965
-0.0898015
9.93457
-9.57325
25.8227
-24.8337
8.96835
-9.51515
-0.158567
-4.11543
-1.72245
-2.27291
-1.52967
-1.4358
-1.09469
-0.907908
-0.678494
-0.491134
-0.2978
-0.117251
0.0670095
0.247495
0.4407
0.627813
0.856898
1.04308
1.38361
1.47625
2.21886
1.66594
4.05898
0.0971963
9.45557
-9.03471
24.7676
-23.8162
8.45933
-9.04712
-0.31675
-4.01865
-1.79119
-2.28061
-1.5711
-1.45871
-1.12086
-0.925905
-0.693762
-0.501176
-0.304146
-0.119242
0.0688068
0.25364
0.450529
0.642849
0.87464
1.06898
1.40622
1.51738
2.22622
1.73433
3.96179
0.254969
8.98711
-8.52614
23.7497
-22.8335
7.97683
-8.59199
-0.44849
-3.91551
-1.84586
-2.2824
-1.60643
-1.4785
-1.14442
-0.942361
-0.707859
-0.510519
-0.310063
-0.121107
0.0704884
0.259367
0.45967
0.656726
0.890856
1.09227
1.42572
1.5524
2.22767
1.78864
3.85825
0.386299
8.53153
-8.04408
22.7668
-21.8837
7.51842
-8.15174
-0.556674
-3.80652
-1.88686
-2.27788
-1.63531
-1.49475
-1.16507
-0.957037
-0.720626
-0.519052
-0.315491
-0.122824
0.0720353
0.264619
0.468015
0.669288
0.905305
1.11268
1.4417
1.58099
2.22283
1.82929
3.74886
0.494071
8.09083
-7.5861
21.8167
-20.965
7.08245
-7.72789
-0.644166
-3.69241
-1.9148
-2.26685
-1.65754
-1.50712
-1.18256
-0.969712
-0.731913
-0.526672
-0.320373
-0.124372
0.0734294
0.269341
0.475462
0.680387
0.917772
1.12994
1.45382
1.60294
2.21148
1.85689
3.63435
0.581154
7.66655
-7.15054
20.8977
-20.0761
6.66781
-7.32154
-0.713716
-3.57409
-1.93049
-2.24929
-1.67302
-1.51535
-1.19667
-0.980193
-0.741586
-0.53328
-0.324655
-0.125733
0.0746531
0.27348
0.481916
0.68989
0.928063
1.14384
1.46182
1.61816
2.19361
1.87225
3.51562
0.650297
7.25975
-6.73629
20.0086
-19.2158
6.27374
-6.93327
-0.767875
-3.45255
-1.93488
-2.22535
-1.68178
-1.51928
-1.20726
-0.988319
-0.749527
-0.53879
-0.328287
-0.126887
0.0756908
0.276989
0.487292
0.697681
0.936018
1.15424
1.46552
1.62667
2.16938
1.8763
3.39367
0.704056
6.87106
-6.34259
19.1481
-18.3833
5.89971
-6.56333
-0.80895
-3.32882
-1.929
-2.19534
-1.68396
-1.51881
-1.21421
-0.993964
-0.755638
-0.543128
-0.331226
-0.127819
0.0765281
0.279828
0.491517
0.703663
0.941513
1.16102
1.46484
1.62861
2.13907
1.8701
3.26954
0.74474
6.5007
-5.96889
18.3155
-17.5779
5.54528
-6.21156
-0.838976
-3.20392
-1.91394
-2.15966
-1.67981
-1.51394
-1.21749
-0.99704
-0.759846
-0.546233
-0.333438
-0.128517
0.0771532
0.281961
0.494531
0.707764
0.944459
1.16414
1.45978
1.62424
2.1031
1.85472
3.14424
0.774388
6.14855
-5.61477
17.5099
-16.799
5.21004
-5.87759
-0.859709
-3.07878
-1.89082
-2.11881
-1.66966
-1.50475
-1.21709
-0.997499
-0.762104
-0.548061
-0.334894
-0.128969
0.0775562
0.283362
0.496291
0.709935
0.944807
1.1636
1.45042
1.61387
2.06197
1.83127
3.01871
0.794758
5.81421
-5.27982
16.7309
-16.0461
4.89357
-5.56083
-0.872637
-2.95425
-1.86071
-2.07335
-1.65391
-1.4914
-1.21309
-0.995332
-0.762387
-0.548582
-0.335578
-0.129169
0.0777301
0.284013
0.496767
0.710154
0.94255
1.15947
1.4369
1.59791
2.01624
1.80086
2.89381
0.807343
5.49709
-4.9636
15.9778
-15.3187
4.59538
-5.26054
-0.879003
-2.83107
-1.82468
-2.02387
-1.63301
-1.47408
-1.20558
-0.990568
-0.760699
-0.547787
-0.33548
-0.129113
0.0776704
0.283904
0.495948
0.708422
0.937714
1.15186
1.41942
1.57681
1.96649
1.76453
2.77026
0.813389
5.19649
-4.66562
15.2505
-14.6167
4.31491
-4.97596
-0.879834
-2.70986
-1.78369
-1.97097
-1.60744
-1.45305
-1.19473
-0.983271
-0.757069
-0.54568
-0.3346
-0.128799
0.0773755
0.283037
0.493838
0.704768
0.930362
1.14093
1.39826
1.55105
1.91334
1.72325
2.64871
0.813926
4.91161
-4.38534
14.5483
-13.9395
4.05153
-4.70625
-0.875978
-2.59113
-1.73867
-1.91526
-1.57771
-1.42862
-1.18074
-0.973537
-0.751549
-0.542284
-0.332948
-0.128229
0.0768465
0.281418
0.490459
0.699242
0.92059
1.12685
1.37369
1.52115
1.85737
1.67795
2.52965
0.809802
4.64164
-4.12211
13.8711
-13.2869
3.80453
-4.45061
-0.86813
-2.47527
-1.69042
-1.8573
-1.54435
-1.40109
-1.16381
-0.961492
-0.744213
-0.537635
-0.330545
-0.12741
0.0760872
0.279066
0.485845
0.691916
0.90852
1.10986
1.34605
1.48761
1.79917
1.62944
2.41348
0.801716
4.38577
-3.87523
13.2185
-12.6586
3.57317
-4.20826
-0.856872
-2.36257
-1.63968
-1.79764
-1.50786
-1.37082
-1.1442
-0.947284
-0.735153
-0.531785
-0.327415
-0.12635
0.0751038
0.276005
0.480045
0.682881
0.8943
1.09019
1.31566
1.45096
1.73929
1.57847
2.3005
0.790251
4.14322
-3.64394
12.5902
-12.054
3.35662
-3.97846
-0.842696
-2.25325
-1.58712
-1.73679
-1.46874
-1.33815
-1.12216
-0.931082
-0.724482
-0.524799
-0.323596
-0.12506
0.073905
0.272267
0.473123
0.672246
0.878097
1.06811
1.2829
1.41169
1.67824
1.52569
2.19093
0.775899
3.91326
-3.42745
11.9857
-11.4729
3.15408
-3.76055
-0.826027
-2.14746
-1.53329
-1.67522
-1.42747
-1.30345
-1.09799
-0.913071
-0.712323
-0.516752
-0.319128
-0.123554
0.0725017
0.267893
0.46515
0.660133
0.860093
1.0439
1.2481
1.37028
1.61647
1.47166
2.08492
0.759088
3.69521
-3.22493
11.4046
-10.9147
2.9647
-3.5539
-0.807244
-2.04529
-1.4787
-1.61335
-1.3845
-1.26705
-1.07194
-0.893446
-0.698812
-0.507729
-0.31406
-0.121847
0.0709065
0.262926
0.456209
0.646675
0.840482
1.01782
1.21162
1.32718
1.55442
1.4169
1.98255
0.740196
3.48845
-3.03552
10.8465
-10.3789
2.78763
-3.35794
-0.786688
-1.94679
-1.42378
-1.55154
-1.34025
-1.2293
-1.04431
-0.872409
-0.684094
-0.497823
-0.308444
-0.119958
0.0691338
0.257417
0.446389
0.632013
0.819462
0.990161
1.17379
1.28282
1.49245
1.36183
1.88388
0.719565
3.29242
-2.85841
10.3108
-9.86499
2.62204
-3.17214
-0.764679
-1.85197
-1.36891
-1.49015
-1.29513
-1.19053
-1.01536
-0.850167
-0.668318
-0.487132
-0.302339
-0.117906
0.0671993
0.251419
0.435785
0.616296
0.797239
0.961196
1.13494
1.23759
1.43092
1.30683
1.78892
0.697514
3.10658
-2.69274
9.79701
-9.37234
2.46713
-2.99603
-0.741516
-1.76083
-1.3144
-1.42945
-1.24948
-1.15103
-0.985383
-0.826925
-0.651639
-0.475759
-0.295802
-0.115712
0.0651196
0.244987
0.424497
0.599673
0.774017
0.931193
1.09539
1.19185
1.3701
1.25222
1.69768
0.674342
2.93045
-2.53771
9.3045
-8.90029
2.32211
-2.82915
-0.717479
-1.67336
-1.26055
-1.36972
-1.20364
-1.11111
-0.954621
-0.802889
-0.634211
-0.463809
-0.288898
-0.113396
0.0629125
0.238182
0.412627
0.582298
0.749998
0.900413
1.05541
1.14592
1.31026
1.19829
1.61013
0.650329
2.7636
-2.39255
8.83262
-8.44817
2.18622
-2.67109
-0.692837
-1.58953
-1.20759
-1.31117
-1.1579
-1.07104
-0.92333
-0.778259
-0.616189
-0.451389
-0.281688
-0.11098
0.060596
0.231062
0.400278
0.564321
0.725381
0.869102
1.01528
1.10012
1.25163
1.14528
1.52625
0.625743
2.60558
-2.25648
8.38068
-8.01523
2.05875
-2.52145
-0.667842
-1.5093
-1.15573
-1.25401
-1.11253
-1.03107
-0.891745
-0.753227
-0.597723
-0.438604
-0.274237
-0.108487
0.0581886
0.223688
0.387553
0.545892
0.700357
0.837497
0.97526
1.05469
1.1944
1.0934
1.446
0.600835
2.45602
-2.12881
7.94794
-7.60074
1.93901
-2.37984
-0.64273
-1.43263
-1.10517
-1.19841
-1.06778
-0.991421
-0.860088
-0.727981
-0.578962
-0.425559
-0.266607
-0.105938
0.0557087
0.21612
0.374554
0.527156
0.675111
0.805817
0.935571
1.0099
1.13875
1.04284
1.36934
0.57584
2.31451
-2.00884
7.53367
-7.2039
1.82636
-2.2459
-0.617722
-1.35948
-1.05606
-1.14451
-1.02387
-0.952318
-0.828567
-0.702696
-0.560049
-0.412356
-0.258862
-0.103354
0.0531751
0.208418
0.36138
0.508255
0.649817
0.774271
0.896428
0.965949
1.08482
0.993749
1.29623
0.550979
2.18071
-1.89593
7.13708
-6.82393
1.7202
-2.11928
-0.593021
-1.28981
-1.00854
-1.09244
-0.980979
-0.913953
-0.797377
-0.677542
-0.541121
-0.399095
-0.251062
-0.100758
0.0506059
0.200639
0.34813
0.489322
0.624643
0.74305
0.858025
0.923039
1.03275
0.946279
1.22663
0.526452
2.05424
-1.78948
6.75736
-6.46002
1.61995
-1.99962
-0.568814
-1.22357
-0.96274
-1.04233
-0.939296
-0.876502
-0.766696
-0.652675
-0.522308
-0.385872
-0.243266
-0.0981689
0.048019
0.19284
0.334895
0.470488
0.599745
0.712334
0.820539
0.881341
0.982641
0.900549
1.16048
0.502446
1.93476
-1.68892
6.39372
-6.11135
1.52507
-1.88659
-0.54527
-1.16071
-0.918767
-0.994259
-0.898971
-0.840126
-0.736691
-0.628245
-0.503735
-0.372778
-0.23553
-0.095607
0.045432
0.185076
0.321767
0.451875
0.575269
0.682286
0.78413
0.841011
0.934594
0.856665
1.09773
0.479127
1.82193
-1.59371
6.04535
-5.77712
1.43507
-1.77987
-0.52254
-1.10118
-0.876716
-0.94832
-0.860144
-0.804972
-0.707514
-0.604388
-0.485518
-0.359899
-0.227909
-0.0930909
0.0428617
0.177399
0.30883
0.433597
0.551354
0.653059
0.748942
0.802186
0.888692
0.814723
1.03835
0.456646
1.71543
-1.50335
5.71141
-5.45652
1.34947
-1.67913
-0.500761
-1.04495
-0.836669
-0.904585
-0.822939
-0.771172
-0.679304
-0.581234
-0.467766
-0.34732
-0.220454
-0.0906384
0.0403245
0.169859
0.296166
0.415765
0.528126
0.624793
0.715108
0.76499
0.845006
0.774803
0.982272
0.435138
1.61494
-1.41738
5.39113
-5.14875
1.26785
-1.58408
-0.480054
-0.991956
-0.798699
-0.863118
-0.787467
-0.738844
-0.652191
-0.558902
-0.450583
-0.335116
-0.213214
-0.0882662
0.0378361
0.162505
0.283851
0.398479
0.505704
0.597614
0.682746
0.729533
0.803602
0.736977
0.929455
0.414723
1.52015
-1.33535
5.08369
-4.85305
1.18979
-1.49443
-0.460528
-0.942155
-0.762873
-0.823977
-0.753828
-0.708099
-0.626293
-0.537502
-0.434065
-0.323361
-0.206235
-0.0859901
0.0354114
0.15538
0.271958
0.381835
0.484197
0.57164
0.651964
0.695913
0.764533
0.701309
0.879849
0.395508
1.43077
-1.25688
4.78833
-4.56868
1.11492
-1.40989
-0.442281
-0.895504
-0.729249
-0.787212
-0.722113
-0.679036
-0.601718
-0.517136
-0.4183
-0.312124
-0.199559
-0.0838247
0.0330649
0.148528
0.260554
0.365922
0.463709
0.546979
0.62286
0.664221
0.72785
0.667855
0.833408
0.377588
1.34653
-1.18157
4.50431
-4.29492
1.04289
-1.33022
-0.4254
-0.851961
-0.697879
-0.752871
-0.692404
-0.651746
-0.578566
-0.4979
-0.403373
-0.301467
-0.193227
-0.0817836
0.0308101
0.141988
0.249704
0.350823
0.444332
0.523731
0.595525
0.634537
0.693598
0.636667
0.79009
0.361051
1.26716
-1.10909
4.23091
-4.03109
0.973375
-1.25517
-0.409968
-0.811491
-0.668814
-0.720997
-0.664778
-0.626312
-0.556929
-0.47988
-0.389359
-0.291451
-0.187276
-0.0798796
0.0286601
0.1358
0.239467
0.336615
0.426155
0.501986
0.570042
0.606937
0.66182
0.607795
0.749858
0.345976
1.19243
-1.03911
3.96746
-3.77659
0.906086
-1.18453
-0.39606
-0.774066
-0.642104
-0.691633
-0.639307
-0.602813
-0.536893
-0.463159
-0.376332
-0.282131
-0.181741
-0.0781242
0.0266273
0.129998
0.229899
0.323371
0.409259
0.481831
0.546489
0.581491
0.632556
0.581284
0.712681
0.332438
1.12213
-0.971342
3.71334
-3.53083
0.840753
-1.11811
-0.383752
-0.739665
-0.617797
-0.664822
-0.61606
-0.581324
-0.518539
-0.447813
-0.364359
-0.273559
-0.176656
-0.0765283
0.0247233
0.124615
0.221052
0.311158
0.393721
0.463345
0.524938
0.558267
0.605848
0.557184
0.678536
0.32051
1.05605
-0.905518
3.46797
-3.29331
0.777137
-1.05575
-0.373116
-0.708277
-0.595946
-0.64061
-0.595102
-0.561914
-0.501941
-0.433913
-0.353501
-0.265782
-0.17205
-0.0751016
0.0229594
0.119684
0.212977
0.300039
0.379611
0.446603
0.505459
0.537331
0.581739
0.535543
0.647412
0.310264
0.994035
-0.841398
3.23085
-3.06362
0.715023
-0.997309
-0.36423
-0.679903
-0.576606
-0.619043
-0.576501
-0.544652
-0.487171
-0.421527
-0.343818
-0.258847
-0.167951
-0.0738534
0.0213461
0.115234
0.205718
0.290074
0.366998
0.431676
0.488119
0.518746
0.560276
0.516416
0.619309
0.301775
0.935958
-0.778771
3.00157
-2.8414
0.654226
-0.942703
-0.357172
-0.654559
-0.559837
-0.600174
-0.560322
-0.529604
-0.474298
-0.410717
-0.335365
-0.252795
-0.164386
-0.072792
0.0198935
0.111293
0.199319
0.281319
0.355945
0.418634
0.472985
0.502578
0.54151
0.499861
0.594238
0.29512
0.881719
-0.717451
2.77977
-2.62643
0.59459
-0.891871
-0.35203
-0.632274
-0.545707
-0.58406
-0.546633
-0.516837
-0.463388
-0.401544
-0.328194
-0.247666
-0.161379
-0.0719251
0.018611
0.107886
0.193821
0.273826
0.346512
0.407542
0.460123
0.488895
0.525494
0.485944
0.572229
0.290385
0.831262
-0.657283
2.56523
-2.4186
0.535989
-0.844798
-0.348897
-0.613094
-0.534291
-0.570764
-0.535505
-0.506416
-0.454505
-0.394066
-0.322352
-0.243495
-0.158953
-0.0712595
0.0175078
0.105039
0.189262
0.267646
0.338759
0.398463
0.449596
0.477764
0.512293
0.474739
0.553326
0.287663
0.784569
-0.598144
2.35783
-2.21792
0.47833
-0.801514
-0.347877
-0.597081
-0.525673
-0.560355
-0.52701
-0.498408
-0.447712
-0.388338
-0.317888
-0.240318
-0.157129
-0.0708018
0.0165922
0.102774
0.185678
0.262825
0.332741
0.391462
0.441471
0.469257
0.501972
0.466328
0.537589
0.287055
0.74167
-0.53994
2.1576
-2.0246
0.42156
-0.762099
-0.349086
-0.584316
-0.519948
-0.552911
-0.521223
-0.492879
-0.44307
-0.384411
-0.314842
-0.238167
-0.155925
-0.0705576
0.0158722
0.101112
0.183102
0.259408
0.32851
0.386599
0.435814
0.463449
0.494609
0.460805
0.525099
0.288676
0.702646
-0.482619
1.96473
-1.83901
0.365662
-0.726685
-0.352651
-0.574899
-0.517219
-0.548515
-0.518223
-0.489897
-0.440638
-0.382337
-0.313257
-0.237069
-0.15536
-0.0705322
0.015355
0.100073
0.181566
0.257436
0.326117
0.383933
0.432692
0.460418
0.490285
0.45827
0.515954
0.292652
0.667628
-0.426166
1.7796
-1.66177
0.310671
-0.695458
-0.358712
-0.568945
-0.517598
-0.547255
-0.518092
-0.489529
-0.440475
-0.382162
-0.313169
-0.237053
-0.15545
-0.0707302
0.0150474
0.0996745
0.181098
0.256947
0.325611
0.383522
0.432172
0.460244
0.489088
0.458836
0.510267
0.299122
0.636803
-0.370615
1.60285
-1.49378
0.256676
-0.668662
-0.367426
-0.56659
-0.52121
-0.549228
-0.520911
-0.491841
-0.442636
-0.383931
-0.314612
-0.238143
-0.156208
-0.0711556
0.0149555
0.0999332
0.181723
0.257979
0.327037
0.385423
0.43432
0.463008
0.491112
0.462625
0.508173
0.308241
0.610414
-0.316056
1.43536
-1.33626
0.203837
-0.646601
-0.378962
-0.567981
-0.528186
-0.554533
-0.526766
-0.496899
-0.447174
-0.387686
-0.317619
-0.240361
-0.157648
-0.0718121
0.0150844
0.100863
0.183465
0.260562
0.330435
0.38969
0.439201
0.468795
0.496456
0.469767
0.50982
0.320178
0.588765
-0.262651
1.27835
-1.19083
0.152419
-0.629643
-0.393505
-0.573286
-0.538666
-0.563274
-0.535744
-0.50477
-0.454142
-0.393464
-0.322217
-0.243724
-0.15978
-0.0727025
0.0154388
0.102476
0.186344
0.264726
0.335846
0.396372
0.44688
0.47769
0.505223
0.480401
0.515372
0.335115
0.572228
-0.210663
1.13346
-1.05959
0.102835
-0.618208
-0.41122
-0.582657
-0.55277
-0.575535
-0.547907
-0.515496
-0.46357
-0.401288
-0.32842
-0.248242
-0.162607
-0.0738278
0.016021
0.104777
0.190368
0.270485
0.343291
0.405502
0.457401
0.489755
0.517496
0.494645
0.524983
0.353219
0.561221
-0.160509
1.00277
-0.945001
0.0555365
-0.612662
-0.432289
-0.596202
-0.570592
-0.59136
-0.563289
-0.52909
-0.475462
-0.411153
-0.336223
-0.253909
-0.166127
-0.0751855
0.0168304
0.107764
0.195535
0.277835
0.352766
0.417083
0.470774
0.505023
0.533315
0.512592
0.538756
0.374667
0.556111
-0.112637
0.888775
-0.850093
0.0106866
-0.613575
-0.457347
-0.614327
-0.59259
-0.611102
-0.582217
-0.545822
-0.490047
-0.423242
-0.345765
-0.260824
-0.170398
-0.0767967
0.0178847
0.111494
0.201939
0.286914
0.364451
0.431341
0.487268
0.523819
0.553034
0.5347
0.5571
0.400099
0.557474
-0.0672075
0.794497
-0.782067
-0.0288767
-0.624219
-0.487225
-0.63885
-0.620056
-0.636115
-0.605845
-0.566721
-0.508189
-0.438264
-0.357599
-0.269381
-0.17566
-0.0787488
0.0192486
0.116183
0.209953
0.298249
0.379037
0.449123
0.507897
0.547285
0.578
0.562257
0.581839
0.430352
0.568602
-0.0270375
0.72718
-0.756521
-0.0447684
-0.651217
-0.51307
-0.668345
-0.647768
-0.662881
-0.630102
-0.588297
-0.526664
-0.453508
-0.369525
-0.277973
-0.180922
-0.0806894
0.0206288
0.120898
0.218024
0.309696
0.393856
0.467242
0.529202
0.571367
0.604703
0.590023
0.611529
0.456515
0.596079
-0.0105927
0.702338
-77.8198
87.2601
-61.9289
31.1155
-16.6746
6.10553
-4.00383
0.684378
-1.22426
-0.23951
-0.533154
-0.278066
-0.26711
-0.154009
-0.0900935
-72.0414
73.9904
-50.075
23.703
-13.0759
4.43568
-3.35672
0.373205
-1.13958
-0.303641
-0.534504
-0.296597
-0.274516
-0.159883
-0.0917368
-68.0081
64.5961
-42.518
19.3847
-11.1538
3.5519
-3.04417
0.204083
-1.10926
-0.344015
-0.543138
-0.310925
-0.282449
-0.164868
-0.0934349
-64.3293
56.89
-36.7779
16.2359
-9.78376
2.89402
-2.81807
0.0658913
-1.08903
-0.381542
-0.552207
-0.325307
-0.290143
-0.169959
-0.0949862
-60.9015
50.1241
-32.0284
13.6855
-8.6898
2.34645
-2.63602
-0.0592019
-1.07421
-0.419079
-0.561865
-0.340461
-0.297961
-0.175397
-0.0964842
-57.7419
44.2258
-28.1628
11.641
-7.83099
1.89485
-2.4938
-0.171605
-1.06542
-0.456028
-0.572539
-0.356153
-0.306036
-0.181123
-0.0979771
-54.8277
39.1287
-25.0664
10.0045
-7.16054
1.51924
-2.38386
-0.273469
-1.06211
-0.492319
-0.584296
-0.372256
-0.314403
-0.187091
-0.0994836
-52.1309
34.7357
-22.5984
8.67448
-6.63256
1.1994
-2.29866
-0.367365
-1.0635
-0.528135
-0.59713
-0.388735
-0.32309
-0.193281
-0.101017
-49.628
30.9567
-20.6344
7.57142
-6.2131
0.920071
-2.23286
-0.455212
-1.06899
-0.563636
-0.611029
-0.405567
-0.332116
-0.199675
-0.102588
-47.2995
27.7119
-19.0696
6.63576
-5.87738
0.669975
-2.18275
-0.538441
-1.07812
-0.598944
-0.625965
-0.422732
-0.34149
-0.206256
-0.104203
-45.1278
24.9298
-17.8152
5.82315
-5.60683
0.440812
-2.14578
-0.618163
-1.09051
-0.634158
-0.641902
-0.440212
-0.351212
-0.213008
-0.105865
-43.0975
22.5457
-16.7969
5.10154
-5.38742
0.226665
-2.12018
-0.695253
-1.10587
-0.669356
-0.658796
-0.457984
-0.361274
-0.219915
-0.107578
-41.1949
20.5017
-15.9534
4.44875
-5.20837
0.0235332
-2.10461
-0.770389
-1.12397
-0.704593
-0.676592
-0.476027
-0.371662
-0.226959
-0.109341
-39.4074
18.7459
-15.2356
3.8502
-5.06116
-0.17106
-2.098
-0.844073
-1.14458
-0.739901
-0.695227
-0.494311
-0.382351
-0.234121
-0.111151
-37.724
17.2328
-14.6047
3.29696
-4.93887
-0.35841
-2.09934
-0.916632
-1.16749
-0.775285
-0.714627
-0.512798
-0.393312
-0.241381
-0.113005
-36.1346
15.9222
-14.0314
2.78407
-4.8356
-0.538935
-2.10757
-0.988217
-1.19246
-0.810718
-0.734703
-0.531442
-0.404507
-0.248714
-0.114897
-34.6302
14.7794
-13.494
2.30926
-4.74637
-0.712362
-2.12157
-1.05881
-1.21922
-0.846136
-0.755348
-0.550188
-0.41589
-0.256094
-0.11682
-33.2025
13.7746
-12.9773
1.87181
-4.66678
-0.877947
-2.1401
-1.12822
-1.24745
-0.881432
-0.776437
-0.568963
-0.427406
-0.26349
-0.118762
-31.8443
12.8826
-12.4715
1.47169
-4.59298
-1.03469
-2.1618
-1.1961
-1.27676
-0.916458
-0.797821
-0.587685
-0.438993
-0.270866
-0.120714
-30.5491
12.0826
-11.9708
1.10903
-4.52163
-1.18146
-2.18527
-1.26198
-1.3067
-0.951016
-0.81933
-0.606254
-0.450577
-0.278184
-0.122663
-29.311
11.3571
-11.4728
0.783734
-4.44991
-1.3171
-2.20911
-1.32532
-1.33678
-0.984868
-0.840768
-0.624556
-0.462079
-0.285401
-0.124593
-28.1249
10.6925
-10.9771
0.495208
-4.37555
-1.44057
-2.23195
-1.38546
-1.36647
-1.01774
-0.861919
-0.642464
-0.473407
-0.292468
-0.126488
-26.9862
10.0776
-10.4848
0.242312
-4.29683
-1.55099
-2.25248
-1.44174
-1.39519
-1.04932
-0.882549
-0.659836
-0.484467
-0.299334
-0.128331
-25.8912
9.50392
-9.99807
0.0233507
-4.21253
-1.64772
-2.26956
-1.49353
-1.42237
-1.07928
-0.902408
-0.676521
-0.495153
-0.305944
-0.130103
-24.8363
8.96501
-9.51936
-0.163855
-4.12198
-1.73035
-2.28216
-1.5402
-1.44746
-1.10729
-0.921241
-0.692359
-0.505358
-0.312241
-0.131784
-23.8187
8.45607
-9.05121
-0.321852
-4.02493
-1.79877
-2.28949
-1.58122
-1.46993
-1.13301
-0.938789
-0.707188
-0.514972
-0.318164
-0.133355
-22.836
7.97364
-8.59597
-0.453421
-3.92156
-1.85313
-2.29092
-1.61614
-1.48928
-1.15612
-0.9548
-0.720847
-0.523884
-0.323656
-0.134796
-21.8861
7.51529
-8.15561
-0.561445
-3.81235
-1.89384
-2.28606
-1.64464
-1.50512
-1.17634
-0.969036
-0.733176
-0.531986
-0.328657
-0.136085
-20.9674
7.07939
-7.73167
-0.648791
-3.69803
-1.92151
-2.2747
-1.66649
-1.51708
-1.1934
-0.981279
-0.744031
-0.539175
-0.333111
-0.137205
-20.0785
6.6648
-7.32522
-0.718205
-3.57951
-1.93695
-2.25682
-1.68161
-1.52493
-1.20711
-0.991335
-0.753275
-0.545356
-0.336966
-0.138138
-19.2182
6.27078
-6.93688
-0.772237
-3.45779
-1.9411
-2.2326
-1.69003
-1.52847
-1.21729
-0.999045
-0.760793
-0.550442
-0.340174
-0.138866
-18.3857
5.8968
-6.56686
-0.813194
-3.33389
-1.93499
-2.2023
-1.69189
-1.52764
-1.22386
-1.00428
-0.766489
-0.554361
-0.342692
-0.139376
-17.5802
5.54241
-6.21502
-0.84311
-3.20883
-1.91972
-2.16636
-1.68743
-1.52242
-1.22675
-1.00696
-0.77029
-0.557053
-0.344488
-0.139656
-16.8013
5.20722
-5.88098
-0.863739
-3.08354
-1.8964
-2.12526
-1.67699
-1.5129
-1.22599
-1.00704
-0.772149
-0.558475
-0.345536
-0.139696
-16.0483
4.8908
-5.56415
-0.876568
-2.95887
-1.86611
-2.07956
-1.66095
-1.49923
-1.22163
-1.0045
-0.772044
-0.5586
-0.345817
-0.139491
-15.321
4.59265
-5.2638
-0.882841
-2.83556
-1.82989
-2.02986
-1.63978
-1.4816
-1.21379
-0.999369
-0.769979
-0.557417
-0.345325
-0.139037
-14.6189
4.31222
-4.97916
-0.883584
-2.71423
-1.78874
-1.97675
-1.61395
-1.46028
-1.20262
-0.991722
-0.765981
-0.554931
-0.34406
-0.138334
-13.9417
4.04888
-4.70939
-0.879643
-2.59538
-1.74355
-1.92082
-1.58398
-1.43556
-1.1883
-0.98165
-0.760105
-0.551167
-0.342033
-0.137385
-13.2891
3.80192
-4.45369
-0.871714
-2.4794
-1.69515
-1.86267
-1.55038
-1.40776
-1.17107
-0.969278
-0.752424
-0.54616
-0.339264
-0.136196
-12.6607
3.57059
-4.21129
-0.860378
-2.36659
-1.64427
-1.80283
-1.51367
-1.37723
-1.15117
-0.954756
-0.743031
-0.539964
-0.33578
-0.134777
-12.0562
3.35408
-3.98144
-0.846127
-2.25717
-1.59157
-1.74181
-1.47433
-1.34432
-1.12886
-0.938252
-0.732039
-0.532643
-0.331616
-0.133139
-11.475
3.15158
-3.76348
-0.829385
-2.15128
-1.53761
-1.68007
-1.43286
-1.30938
-1.10442
-0.919951
-0.71957
-0.524272
-0.326816
-0.131296
-10.9168
2.96223
-3.55677
-0.81053
-2.04902
-1.4829
-1.61804
-1.3897
-1.27276
-1.07812
-0.900048
-0.705762
-0.514938
-0.321427
-0.129265
-10.381
2.78519
-3.36076
-0.789906
-1.95042
-1.42786
-1.55608
-1.34528
-1.2348
-1.05025
-0.878744
-0.690757
-0.504732
-0.315502
-0.127062
-9.86705
2.61964
-3.17491
-0.767831
-1.85551
-1.37287
-1.49454
-1.29997
-1.19582
-1.02107
-0.856247
-0.674708
-0.493752
-0.309099
-0.124708
-9.37437
2.46476
-2.99875
-0.744602
-1.76429
-1.31826
-1.43371
-1.25416
-1.15613
-0.990869
-0.832761
-0.657766
-0.482103
-0.302277
-0.122224
-8.90231
2.31977
-2.83183
-0.720502
-1.67674
-1.26429
-1.37385
-1.20816
-1.11602
-0.959897
-0.808492
-0.640087
-0.469888
-0.295098
-0.11963
-8.45016
2.18391
-2.67372
-0.695798
-1.59283
-1.21123
-1.31517
-1.16227
-1.07577
-0.928404
-0.78364
-0.621824
-0.457214
-0.287626
-0.116948
-8.0172
2.05647
-2.52403
-0.670742
-1.51252
-1.15928
-1.25789
-1.11676
-1.03563
-0.896628
-0.758396
-0.60313
-0.444187
-0.279924
-0.114199
-7.60269
1.93677
-2.38238
-0.645572
-1.43577
-1.10862
-1.20217
-1.07187
-0.995824
-0.864789
-0.732948
-0.584151
-0.43091
-0.272055
-0.111407
-7.20583
1.82415
-2.2484
-0.620507
-1.36255
-1.05942
-1.14816
-1.02782
-0.956568
-0.833095
-0.707471
-0.565029
-0.417487
-0.264081
-0.108591
-6.82585
1.71802
-2.12173
-0.595752
-1.29281
-1.01182
-1.096
-0.984811
-0.918058
-0.80174
-0.682134
-0.545903
-0.404017
-0.256064
-0.105774
-6.46192
1.61779
-2.00204
-0.571492
-1.2265
-0.965933
-1.04578
-0.943009
-0.880469
-0.770903
-0.657094
-0.526902
-0.390594
-0.24806
-0.102974
-6.11323
1.52295
-1.88897
-0.547896
-1.16358
-0.92188
-0.997616
-0.902571
-0.843963
-0.740749
-0.632499
-0.508151
-0.377311
-0.240128
-0.100213
-5.77898
1.43297
-1.78221
-0.525116
-1.10399
-0.879752
-0.951586
-0.863637
-0.808684
-0.71143
-0.608486
-0.489764
-0.364253
-0.232321
-0.097507
-5.45836
1.3474
-1.68144
-0.503289
-1.0477
-0.839633
-0.907764
-0.826329
-0.774766
-0.683088
-0.585185
-0.471853
-0.351503
-0.224689
-0.0948749
-5.15058
1.2658
-1.58635
-0.482536
-0.994647
-0.801594
-0.866214
-0.79076
-0.742327
-0.655849
-0.562713
-0.454518
-0.339139
-0.217282
-0.092333
-4.85486
1.18777
-1.49666
-0.462967
-0.944792
-0.765702
-0.826995
-0.75703
-0.711476
-0.629831
-0.541181
-0.437857
-0.327232
-0.210145
-0.0898966
-4.57047
1.11292
-1.41209
-0.444677
-0.898088
-0.732015
-0.790156
-0.725227
-0.682313
-0.605144
-0.520691
-0.421958
-0.315852
-0.203321
-0.08758
-4.2967
1.04091
-1.33239
-0.427757
-0.854496
-0.700585
-0.755744
-0.695437
-0.654929
-0.581886
-0.501337
-0.406903
-0.30506
-0.196849
-0.0853968
-4.03286
0.971422
-1.25731
-0.412286
-0.81398
-0.671465
-0.723803
-0.667734
-0.629407
-0.560149
-0.483207
-0.392771
-0.294918
-0.190767
-0.0833592
-3.77834
0.904154
-1.18664
-0.398343
-0.77651
-0.644701
-0.694377
-0.64219
-0.605825
-0.54002
-0.466383
-0.379632
-0.28548
-0.185109
-0.0814787
-3.53256
0.838841
-1.1202
-0.386
-0.742067
-0.620345
-0.667508
-0.618874
-0.584258
-0.521578
-0.450941
-0.367554
-0.276797
-0.179909
-0.0797658
-3.29504
0.775243
-1.05781
-0.375333
-0.71064
-0.598447
-0.64324
-0.597853
-0.564775
-0.504898
-0.436951
-0.356599
-0.268917
-0.175195
-0.0782301
-3.06533
0.713146
-0.999346
-0.366417
-0.68223
-0.579063
-0.621622
-0.579193
-0.547445
-0.490052
-0.42448
-0.346825
-0.261886
-0.170997
-0.0768805
-2.8431
0.652366
-0.944718
-0.359332
-0.656853
-0.562254
-0.602706
-0.562959
-0.532335
-0.477109
-0.413593
-0.338288
-0.255745
-0.167339
-0.0757251
-2.62812
0.592745
-0.893866
-0.354164
-0.634536
-0.548087
-0.586548
-0.549219
-0.519509
-0.466134
-0.404348
-0.331039
-0.250533
-0.164247
-0.0747714
-2.42028
0.534158
-0.846774
-0.351007
-0.615327
-0.536636
-0.573211
-0.538044
-0.509035
-0.457191
-0.396804
-0.325127
-0.246287
-0.161743
-0.0740263
-2.21959
0.476512
-0.803474
-0.349967
-0.599288
-0.527988
-0.562766
-0.529506
-0.500978
-0.450343
-0.391015
-0.320596
-0.243041
-0.159847
-0.0734957
-2.02626
0.419753
-0.764044
-0.351156
-0.5865
-0.522234
-0.555289
-0.523681
-0.495405
-0.445652
-0.387034
-0.317492
-0.240826
-0.158578
-0.0731854
-1.84066
0.363866
-0.728616
-0.354704
-0.577062
-0.51948
-0.550862
-0.520646
-0.492383
-0.443175
-0.384911
-0.315853
-0.239673
-0.157954
-0.0731004
-1.66342
0.308883
-0.697378
-0.360751
-0.57109
-0.519837
-0.549577
-0.520483
-0.491979
-0.442972
-0.384692
-0.315717
-0.239606
-0.157992
-0.0732452
-1.49542
0.254896
-0.670572
-0.369452
-0.568719
-0.52343
-0.551526
-0.523276
-0.49426
-0.445097
-0.386422
-0.317119
-0.240652
-0.158704
-0.0736237
-1.3379
0.202063
-0.648502
-0.380978
-0.570097
-0.53039
-0.556812
-0.529108
-0.499292
-0.449605
-0.390143
-0.320089
-0.24283
-0.160103
-0.0742393
-1.19246
0.150649
-0.631539
-0.395512
-0.575391
-0.540856
-0.565537
-0.538066
-0.507139
-0.456547
-0.395893
-0.324655
-0.24616
-0.1622
-0.0750949
-1.06122
0.10107
-0.620099
-0.413222
-0.584755
-0.55495
-0.577785
-0.550214
-0.517847
-0.465954
-0.403692
-0.330833
-0.250651
-0.165
-0.0761913
-0.946627
0.0537731
-0.61455
-0.434286
-0.598294
-0.572765
-0.593601
-0.565584
-0.531427
-0.477829
-0.413538
-0.338615
-0.256296
-0.168496
-0.077526
-0.851717
0.00892408
-0.615462
-0.459343
-0.616416
-0.594758
-0.613336
-0.584504
-0.548149
-0.492402
-0.425614
-0.348143
-0.263195
-0.172751
-0.07912
-0.783691
-0.0306393
-0.626106
-0.489221
-0.640938
-0.622223
-0.638346
-0.608127
-0.569042
-0.510537
-0.440627
-0.359965
-0.271741
-0.178002
-0.0810606
-0.758145
-0.0465318
-0.653105
-0.515067
-0.670434
-0.649934
-0.665111
-0.632383
-0.590615
-0.529008
-0.455866
-0.371886
-0.280326
-0.183257
-0.0829948
)
;

boundaryField
{
    movingWall
    {
        type            zeroGradient;
    }
    Inlet
    {
        type            cyclic;
    }
    Outlet
    {
        type            cyclic;
    }
    Bottom
    {
        type            zeroGradient;
    }
    frontAndBack
    {
        type            empty;
    }
}


// ************************************************************************* //
