/*--------------------------------*- C++ -*----------------------------------*\
| =========                 |                                                 |
| \\      /  F ield         | OpenFOAM: The Open Source CFD Toolbox           |
|  \\    /   O peration     | Version:  5.x                                   |
|   \\  /    A nd           | Web:      www.OpenFOAM.org                      |
|    \\/     M anipulation  |                                                 |
\*---------------------------------------------------------------------------*/
FoamFile
{
    version     2.0;
    format      ascii;
    class       volVectorField;
    location    "0.025";
    object      wallShearStress;
}
// * * * * * * * * * * * * * * * * * * * * * * * * * * * * * * * * * * * * * //

dimensions      [0 2 -2 0 0 0 0];

internalField   uniform (0 0 0);

boundaryField
{
    movingWall
    {
        type            calculated;
        value           uniform (0 0 0);
    }
    Inlet
    {
        type            cyclic;
    }
    Outlet
    {
        type            cyclic;
    }
    Bottom
    {
        type            calculated;
        value           nonuniform List<vector> 
90
(
(0.3373 0.0173538 0)
(0.340692 0.0523099 -1.98081e-20)
(0.325386 0.0859606 1.17629e-19)
(0.351046 0.128322 0)
(0.27884 0.146804 3.05761e-19)
(0.417851 0.238698 -7.08795e-20)
(0.093537 0.143738 1.58392e-18)
(0.74588 0.523034 -1.75293e-20)
(-0.638706 -0.210593 5.43043e-18)
(2.09294 1.57104 -2.40741e-35)
(-3.19984 -1.91633 1.06063e-19)
(5.94834 4.48907 -2.19611e-17)
(-7.51624 -4.02981 -7.39076e-33)
(7.60382 2.12642 3.0713e-17)
(-7.08816 3.31552 1.51956e-17)
(-7.08666 -3.33935 7.40233e-18)
(7.60382 -2.1245 3.0693e-17)
(-7.51627 4.02906 -2.70834e-33)
(5.94833 -4.48958 1.10306e-19)
(-3.19946 1.91583 1.19015e-17)
(2.0929 -1.57121 1.74419e-20)
(-0.638445 0.210361 -2.35747e-19)
(0.745903 -0.523112 9.8573e-19)
(0.0936827 -0.143833 3.3223e-18)
(0.417896 -0.238737 -1.20371e-35)
(0.278912 -0.146837 3.46353e-19)
(0.351076 -0.128335 -2.21024e-21)
(0.325409 -0.0859662 1.63269e-19)
(0.340694 -0.0523143 1.99687e-21)
(0.337308 -0.0173671 1.17351e-20)
(0.3373 0.0173683 -2.02141e-22)
(0.340676 0.0523123 -1.63428e-21)
(0.325371 0.0859581 1.29942e-19)
(0.351035 0.12832 1.43093e-19)
(0.278834 0.146801 0)
(0.417847 0.238695 1.21445e-19)
(0.0935352 0.143734 2.98556e-20)
(0.745875 0.523029 1.8289e-20)
(-0.638716 -0.210599 5.4198e-18)
(2.09291 1.57103 -4.29877e-18)
(-3.19989 -1.91633 -2.88889e-34)
(5.94827 4.48908 2.24977e-17)
(-7.51636 -4.0298 5.05557e-34)
(7.60365 2.12643 -1.80556e-35)
(-7.08826 3.31553 1.51966e-17)
(-7.08676 -3.33936 7.40216e-18)
(7.60376 -2.1245 3.06932e-17)
(-7.51627 4.02906 -2.0463e-34)
(5.94833 -4.48958 1.03444e-36)
(-3.19944 1.91583 6.86131e-20)
(2.09291 -1.5712 -4.33362e-18)
(-0.638439 0.210361 1.1219e-17)
(0.745909 -0.523112 1.24593e-21)
(0.0936858 -0.143833 5.02262e-21)
(0.417898 -0.238737 -7.69074e-21)
(0.278913 -0.146837 -3.46097e-19)
(0.351077 -0.128336 -2.20598e-21)
(0.325409 -0.0859667 1.63798e-19)
(0.340695 -0.0523142 -1.28607e-19)
(0.337309 -0.0173672 6.43648e-22)
(0.337301 0.0173683 1.50884e-21)
(0.340677 0.0523128 -5.80302e-20)
(0.325372 0.0859586 1.30269e-19)
(0.351036 0.12832 1.73063e-21)
(0.278835 0.146802 -3.15668e-19)
(0.417849 0.238695 7.21503e-21)
(0.0935388 0.143734 -5.02287e-21)
(0.745881 0.523028 -7.67015e-22)
(-0.638711 -0.2106 2.20287e-19)
(2.09291 1.57103 9.62965e-35)
(-3.19989 -1.91633 -1.19771e-17)
(5.94827 4.48908 2.18388e-17)
(-7.5164 -4.0298 4.33866e-17)
(7.60358 2.12644 -3.07096e-17)
(-7.08837 3.31553 -7.79884e-18)
(-7.08687 -3.33936 -7.87964e-18)
(7.60359 -2.12452 7.65738e-20)
(-7.51639 4.02905 4.36636e-17)
(5.94827 -4.48959 -2.33109e-19)
(-3.19948 1.91584 -1.20196e-17)
(2.0929 -1.5712 -3.37038e-34)
(-0.63844 0.210369 1.1271e-17)
(0.74591 -0.523105 -4.81482e-35)
(0.0936856 -0.143829 -1.17549e-37)
(0.417895 -0.238734 -3.42564e-21)
(0.278906 -0.146835 -3.54806e-19)
(0.351066 -0.128334 1.50463e-36)
(0.325396 -0.0859639 9.08637e-22)
(0.340677 -0.052312 -1.18971e-21)
(0.33729 -0.0173692 1.46937e-39)
)
;
    }
    frontAndBack
    {
        type            empty;
    }
}


// ************************************************************************* //
