/*--------------------------------*- C++ -*----------------------------------*\
| =========                 |                                                 |
| \\      /  F ield         | OpenFOAM: The Open Source CFD Toolbox           |
|  \\    /   O peration     | Version:  5.x                                   |
|   \\  /    A nd           | Web:      www.OpenFOAM.org                      |
|    \\/     M anipulation  |                                                 |
\*---------------------------------------------------------------------------*/
FoamFile
{
    version     2.0;
    format      ascii;
    class       volScalarField;
    location    "0.3";
    object      p;
}
// * * * * * * * * * * * * * * * * * * * * * * * * * * * * * * * * * * * * * //

dimensions      [0 2 -2 0 0 0 0];

internalField   nonuniform List<scalar> 
500
(
2.74125e-12
5.67075e-12
6.03267e-12
6.00041e-12
5.88729e-12
5.69666e-12
5.4616e-12
5.2108e-12
4.95563e-12
4.69992e-12
4.44476e-12
4.19029e-12
3.93665e-12
3.68358e-12
3.43068e-12
3.17796e-12
2.92552e-12
2.67294e-12
2.42029e-12
2.16781e-12
1.9152e-12
1.66265e-12
1.41002e-12
1.15727e-12
9.04728e-13
6.52095e-13
3.99409e-13
1.46704e-13
-1.06059e-13
-3.58932e-13
-6.11581e-13
-8.63977e-13
-1.11654e-12
-1.36895e-12
-1.62158e-12
-1.87441e-12
-2.12682e-12
-2.37913e-12
-2.63156e-12
-2.88387e-12
-3.13624e-12
-3.3883e-12
-3.63959e-12
-3.88844e-12
-4.12867e-12
-4.34233e-12
-4.51116e-12
-4.65082e-12
-4.52653e-12
-2.21202e-12
2.9287e-12
6.11975e-12
6.12623e-12
5.95185e-12
5.83154e-12
5.65641e-12
5.43459e-12
5.19338e-12
4.94514e-12
4.69365e-12
4.44107e-12
4.18813e-12
3.93522e-12
3.68272e-12
3.43011e-12
3.17756e-12
2.92516e-12
2.67269e-12
2.4201e-12
2.16762e-12
1.91502e-12
1.66248e-12
1.40985e-12
1.1572e-12
9.04563e-13
6.51863e-13
3.99307e-13
1.46634e-13
-1.06029e-13
-3.58964e-13
-6.11554e-13
-8.63954e-13
-1.11651e-12
-1.36895e-12
-1.62149e-12
-1.87413e-12
-2.12644e-12
-2.37873e-12
-2.63081e-12
-2.88253e-12
-3.13373e-12
-3.38398e-12
-3.63236e-12
-3.8772e-12
-4.11216e-12
-4.3203e-12
-4.50257e-12
-4.76429e-12
-4.94884e-12
-2.40019e-12
3.2202e-12
6.75847e-12
6.33616e-12
5.97305e-12
5.81747e-12
5.63951e-12
5.41941e-12
5.1817e-12
4.93719e-12
4.68862e-12
4.43794e-12
4.18626e-12
3.93408e-12
3.68192e-12
3.42969e-12
3.17715e-12
2.92469e-12
2.6723e-12
2.4199e-12
2.16755e-12
1.91487e-12
1.66227e-12
1.40979e-12
1.15732e-12
9.04498e-13
6.51708e-13
3.99197e-13
1.4657e-13
-1.05982e-13
-3.58848e-13
-6.11589e-13
-8.64118e-13
-1.11652e-12
-1.36893e-12
-1.62155e-12
-1.87412e-12
-2.12644e-12
-2.37855e-12
-2.63041e-12
-2.88172e-12
-3.1325e-12
-3.382e-12
-3.62964e-12
-3.87454e-12
-4.11198e-12
-4.32738e-12
-4.54111e-12
-4.94561e-12
-5.48441e-12
-2.65857e-12
3.47354e-12
7.37382e-12
6.61665e-12
6.06331e-12
5.84963e-12
5.65065e-12
5.4206e-12
5.17932e-12
4.93413e-12
4.6862e-12
4.43634e-12
4.18537e-12
3.93354e-12
3.68142e-12
3.42929e-12
3.17671e-12
2.92448e-12
2.67186e-12
2.41962e-12
2.16737e-12
1.91472e-12
1.66191e-12
1.40957e-12
1.15717e-12
9.04458e-13
6.5178e-13
3.98942e-13
1.46396e-13
-1.06124e-13
-3.58633e-13
-6.11692e-13
-8.64218e-13
-1.11639e-12
-1.36892e-12
-1.62191e-12
-1.87428e-12
-2.1264e-12
-2.37846e-12
-2.63046e-12
-2.88223e-12
-3.1331e-12
-3.38337e-12
-3.63283e-12
-3.88211e-12
-4.1289e-12
-4.36321e-12
-4.62026e-12
-5.14904e-12
-5.93582e-12
-2.85875e-12
3.62339e-12
7.7632e-12
6.81276e-12
6.13433e-12
5.8778e-12
5.66212e-12
5.42342e-12
5.17869e-12
4.93254e-12
4.68459e-12
4.43514e-12
4.18429e-12
3.93258e-12
3.68094e-12
3.42914e-12
3.17653e-12
2.92412e-12
2.67167e-12
2.41904e-12
2.1669e-12
1.91416e-12
1.66154e-12
1.40942e-12
1.15736e-12
9.0432e-13
6.51627e-13
3.98993e-13
1.46633e-13
-1.05945e-13
-3.58812e-13
-6.11433e-13
-8.64222e-13
-1.11648e-12
-1.36893e-12
-1.62206e-12
-1.87419e-12
-2.12646e-12
-2.37855e-12
-2.63093e-12
-2.88278e-12
-3.13395e-12
-3.38518e-12
-3.63666e-12
-3.8893e-12
-4.14311e-12
-4.39102e-12
-4.6736e-12
-5.25981e-12
-6.15424e-12
-2.95271e-12
3.64544e-12
7.83098e-12
6.8457e-12
6.13867e-12
5.87501e-12
5.65839e-12
5.41955e-12
5.17559e-12
4.93004e-12
4.68232e-12
4.43335e-12
4.18318e-12
3.9317e-12
3.68023e-12
3.42843e-12
3.17638e-12
2.92358e-12
2.67073e-12
2.41851e-12
2.1663e-12
1.91389e-12
1.66144e-12
1.40903e-12
1.15707e-12
9.04526e-13
6.51547e-13
3.99088e-13
1.46833e-13
-1.05677e-13
-3.58626e-13
-6.11215e-13
-8.64162e-13
-1.11679e-12
-1.36921e-12
-1.62156e-12
-1.8741e-12
-2.12659e-12
-2.37871e-12
-2.63069e-12
-2.88274e-12
-3.13421e-12
-3.38518e-12
-3.63653e-12
-3.88957e-12
-4.14242e-12
-4.3883e-12
-4.66415e-12
-5.22556e-12
-6.08637e-12
-2.92762e-12
3.5338e-12
7.56053e-12
6.70812e-12
6.07592e-12
5.84284e-12
5.64111e-12
5.41046e-12
5.17024e-12
4.92628e-12
4.68008e-12
4.43158e-12
4.18195e-12
3.93118e-12
3.67966e-12
3.42751e-12
3.1754e-12
2.92292e-12
2.67018e-12
2.41774e-12
2.16547e-12
1.91349e-12
1.66105e-12
1.40877e-12
1.15706e-12
9.04609e-13
6.52087e-13
3.99061e-13
1.46565e-13
-1.05997e-13
-3.5851e-13
-6.1144e-13
-8.6447e-13
-1.11671e-12
-1.36872e-12
-1.6213e-12
-1.87395e-12
-2.12611e-12
-2.37814e-12
-2.63048e-12
-2.88232e-12
-3.13361e-12
-3.38367e-12
-3.63328e-12
-3.88195e-12
-4.12594e-12
-4.35472e-12
-4.59365e-12
-5.05487e-12
-5.74929e-12
-2.79e-12
3.3024e-12
7.01815e-12
6.46534e-12
5.99414e-12
5.80923e-12
5.62711e-12
5.40592e-12
5.16901e-12
4.92596e-12
4.67998e-12
4.4315e-12
4.18142e-12
3.9308e-12
3.67929e-12
3.42663e-12
3.174e-12
2.92193e-12
2.66981e-12
2.41731e-12
2.16465e-12
1.91263e-12
1.66049e-12
1.40831e-12
1.15658e-12
9.04539e-13
6.51883e-13
3.99032e-13
1.46785e-13
-1.05959e-13
-3.58658e-13
-6.11507e-13
-8.643e-13
-1.11668e-12
-1.36855e-12
-1.62101e-12
-1.87356e-12
-2.1257e-12
-2.37833e-12
-2.63097e-12
-2.88196e-12
-3.13237e-12
-3.38246e-12
-3.6303e-12
-3.87348e-12
-4.10569e-12
-4.31224e-12
-4.49939e-12
-4.81178e-12
-5.22445e-12
-2.56243e-12
3.00672e-12
6.38154e-12
6.26289e-12
5.97759e-12
5.82481e-12
5.64324e-12
5.4198e-12
5.17915e-12
4.93259e-12
4.68377e-12
4.43339e-12
4.18285e-12
3.93147e-12
3.67937e-12
3.42634e-12
3.17367e-12
2.92114e-12
2.66893e-12
2.41686e-12
2.16349e-12
1.91213e-12
1.66039e-12
1.40792e-12
1.1564e-12
9.04198e-13
6.5112e-13
3.99325e-13
1.4683e-13
-1.06248e-13
-3.58527e-13
-6.11456e-13
-8.64285e-13
-1.11669e-12
-1.36845e-12
-1.62063e-12
-1.87383e-12
-2.12628e-12
-2.37861e-12
-2.63099e-12
-2.88261e-12
-3.13399e-12
-3.38441e-12
-3.63269e-12
-3.87498e-12
-4.10323e-12
-4.30003e-12
-4.45167e-12
-4.61762e-12
-4.68178e-12
-2.30373e-12
2.79903e-12
5.88367e-12
6.1479e-12
6.02256e-12
5.88046e-12
5.68322e-12
5.44532e-12
5.19632e-12
4.94368e-12
4.68971e-12
4.4363e-12
4.18463e-12
3.93341e-12
3.67979e-12
3.42664e-12
3.17383e-12
2.92119e-12
2.6686e-12
2.41564e-12
2.16285e-12
1.91238e-12
1.66068e-12
1.40777e-12
1.15621e-12
9.04448e-13
6.51438e-13
3.98784e-13
1.47048e-13
-1.05968e-13
-3.5867e-13
-6.11531e-13
-8.64477e-13
-1.11611e-12
-1.36863e-12
-1.62135e-12
-1.87336e-12
-2.12636e-12
-2.37945e-12
-2.63195e-12
-2.88399e-12
-3.13606e-12
-3.38892e-12
-3.6392e-12
-3.88609e-12
-4.1195e-12
-4.32079e-12
-4.45838e-12
-4.51806e-12
-4.30153e-12
-2.13279e-12
)
;

boundaryField
{
    movingWall
    {
        type            zeroGradient;
    }
    Inlet
    {
        type            fixedValue;
        value           uniform 0;
    }
    Outlet
    {
        type            fixedValue;
        value           uniform 0;
    }
    Bottom
    {
        type            zeroGradient;
    }
    frontAndBack
    {
        type            empty;
    }
}


// ************************************************************************* //
