/*--------------------------------*- C++ -*----------------------------------*\
| =========                 |                                                 |
| \\      /  F ield         | OpenFOAM: The Open Source CFD Toolbox           |
|  \\    /   O peration     | Version:  5.x                                   |
|   \\  /    A nd           | Web:      www.OpenFOAM.org                      |
|    \\/     M anipulation  |                                                 |
\*---------------------------------------------------------------------------*/
FoamFile
{
    version     2.0;
    format      ascii;
    class       volVectorField;
    location    "0.3";
    object      wallShearStress;
}
// * * * * * * * * * * * * * * * * * * * * * * * * * * * * * * * * * * * * * //

dimensions      [0 2 -2 0 0 0 0];

internalField   uniform (0 0 0);

boundaryField
{
    movingWall
    {
        type            calculated;
        value           nonuniform List<vector> 
50
(
(0.184675 -6.04992e-13 0)
(0.184675 -5.23494e-13 0)
(0.184675 -2.35413e-13 0)
(0.184675 -1.21569e-13 0)
(0.184675 -6.7376e-14 0)
(0.184675 -3.45933e-14 0)
(0.184675 -1.69017e-14 0)
(0.184675 -8.09241e-15 0)
(0.184675 -3.9855e-15 0)
(0.184675 -2.23046e-15 0)
(0.184675 -1.43407e-15 0)
(0.184675 -8.99683e-16 0)
(0.184675 -3.76838e-16 0)
(0.184675 -2.65472e-16 0)
(0.184675 -2.71557e-16 0)
(0.184675 -3.43606e-16 0)
(0.184675 -1.83638e-16 0)
(0.184675 -1.65697e-16 0)
(0.184675 -4.08271e-16 0)
(0.184675 -2.57766e-16 0)
(0.184675 7.69185e-18 0)
(0.184675 2.0001e-16 0)
(0.184675 2.86866e-16 0)
(0.184675 2.76477e-16 0)
(0.184675 1.29545e-16 0)
(0.184675 2.82646e-17 0)
(0.184675 3.93082e-17 0)
(0.184675 1.02561e-16 0)
(0.184675 -1.52873e-16 0)
(0.184675 -2.45375e-16 0)
(0.184675 1.31551e-16 0)
(0.184675 -7.51451e-17 0)
(0.184675 -5.8894e-17 0)
(0.184675 -4.20387e-17 0)
(0.184675 -1.75539e-16 0)
(0.184675 1.84691e-16 0)
(0.184675 5.29584e-16 0)
(0.184675 5.10672e-16 0)
(0.184675 3.98973e-16 0)
(0.184675 7.87887e-16 0)
(0.184675 1.21897e-15 0)
(0.184675 2.44908e-15 0)
(0.184675 5.31156e-15 0)
(0.184675 1.07539e-14 0)
(0.184675 2.21834e-14 0)
(0.184675 4.49578e-14 0)
(0.184675 8.60173e-14 0)
(0.184675 1.61196e-13 0)
(0.184675 3.86839e-13 0)
(0.184675 4.92805e-13 0)
)
;
    }
    Inlet
    {
        type            calculated;
        value           uniform (0 0 0);
    }
    Outlet
    {
        type            calculated;
        value           uniform (0 0 0);
    }
    Bottom
    {
        type            calculated;
        value           nonuniform List<vector> 
50
(
(-0.184675 6.20223e-13 0)
(-0.184675 5.0969e-13 0)
(-0.184675 2.31747e-13 0)
(-0.184675 1.23405e-13 0)
(-0.184675 6.77082e-14 0)
(-0.184675 3.44758e-14 0)
(-0.184675 1.67181e-14 0)
(-0.184675 7.91863e-15 0)
(-0.184675 3.70252e-15 0)
(-0.184675 1.70351e-15 0)
(-0.184675 8.52893e-16 0)
(-0.184675 3.94059e-16 0)
(-0.184675 2.5372e-16 0)
(-0.184675 2.62638e-16 0)
(-0.184675 1.15403e-16 0)
(-0.184675 6.32499e-17 0)
(-0.184675 1.89928e-16 0)
(-0.184675 1.17682e-16 0)
(-0.184675 5.07048e-17 0)
(-0.184675 1.36625e-16 0)
(-0.184675 9.58827e-17 0)
(-0.184675 9.10624e-17 0)
(-0.184675 7.47499e-17 0)
(-0.184675 -2.50118e-17 0)
(-0.184675 4.90203e-17 0)
(-0.184675 1.10797e-16 0)
(-0.184675 -1.77171e-17 0)
(-0.184675 2.56097e-17 0)
(-0.184675 5.91639e-17 0)
(-0.184675 -1.40343e-16 0)
(-0.184675 -6.01474e-17 0)
(-0.184675 -6.00525e-17 0)
(-0.184675 -1.38189e-16 0)
(-0.184675 1.09262e-16 0)
(-0.184675 1.56849e-17 0)
(-0.184675 -3.15819e-16 0)
(-0.184675 -1.70201e-16 0)
(-0.184675 -2.13354e-16 0)
(-0.184675 -3.17427e-16 0)
(-0.184675 -5.32314e-16 0)
(-0.184675 -1.33617e-15 0)
(-0.184675 -2.35749e-15 0)
(-0.184675 -4.69595e-15 0)
(-0.184675 -1.001e-14 0)
(-0.184675 -2.13066e-14 0)
(-0.184675 -4.43793e-14 0)
(-0.184675 -8.41068e-14 0)
(-0.184675 -1.64555e-13 0)
(-0.184675 -4.03743e-13 0)
(-0.184675 -4.87772e-13 0)
)
;
    }
    frontAndBack
    {
        type            empty;
    }
}


// ************************************************************************* //
