/*--------------------------------*- C++ -*----------------------------------*\
| =========                 |                                                 |
| \\      /  F ield         | OpenFOAM: The Open Source CFD Toolbox           |
|  \\    /   O peration     | Version:  5.x                                   |
|   \\  /    A nd           | Web:      www.OpenFOAM.org                      |
|    \\/     M anipulation  |                                                 |
\*---------------------------------------------------------------------------*/
FoamFile
{
    version     2.0;
    format      ascii;
    class       faceSet;
    location    "constant/polyMesh/sets";
    object      nonOrthoFaces;
}
// * * * * * * * * * * * * * * * * * * * * * * * * * * * * * * * * * * * * * //


468
(
0 
1 
2 
3 
5124 
6148 
10245 
5 
10246 
5126 
10247 
5127 
6151 
10248 
5128 
10249 
5130 
10251 
5131 
5132 
5133 
1076 
54 
1078 
55 
56 
1080 
57 
1081 
58 
60 
61 
62 
63 
10304 
5184 
6208 
10305 
65 
10306 
5186 
10307 
5187 
6211 
10308 
5188 
10310 
5190 
5191 
5192 
5193 
1136 
114 
1138 
115 
116 
1140 
117 
1141 
118 
120 
121 
122 
10363 
123 
10364 
5244 
6268 
10365 
125 
10366 
5246 
10367 
5247 
5248 
10369 
5250 
5251 
5252 
5253 
1196 
174 
1198 
175 
176 
1200 
177 
1201 
178 
180 
181 
10422 
182 
10423 
183 
10424 
5304 
10425 
185 
10426 
5306 
5307 
10428 
5308 
5310 
5311 
5312 
5313 
1256 
234 
1258 
235 
236 
237 
1261 
238 
240 
10481 
241 
10482 
242 
10483 
243 
10484 
5364 
10485 
245 
5366 
5367 
5368 
5370 
5371 
5372 
5373 
294 
1318 
295 
296 
297 
1321 
298 
10540 
300 
301 
10542 
302 
10543 
303 
10544 
5424 
5426 
5427 
5428 
5430 
5431 
5433 
9540 
9541 
9542 
9543 
9545 
354 
1378 
356 
357 
1381 
358 
10599 
360 
10601 
361 
10602 
362 
10603 
363 
5486 
5487 
5488 
5490 
5491 
5493 
9594 
9595 
9596 
9597 
9598 
9599 
9600 
9601 
9602 
9604 
414 
1438 
416 
417 
1441 
10658 
418 
10660 
420 
10661 
421 
10662 
422 
423 
5546 
5547 
5548 
5550 
5551 
5553 
9653 
9654 
9655 
9656 
9657 
9658 
9659 
9660 
9661 
9663 
474 
1498 
476 
10717 
477 
478 
10719 
10720 
480 
10721 
481 
482 
483 
5606 
5607 
5608 
5610 
5611 
5613 
9712 
9713 
9714 
9715 
9716 
9717 
9718 
9719 
9720 
9722 
534 
10776 
536 
537 
10778 
538 
10780 
540 
541 
542 
543 
5666 
5667 
5668 
5670 
5671 
5673 
9771 
9772 
9773 
9774 
9775 
9776 
9777 
9778 
9779 
9781 
594 
596 
10837 
597 
598 
10839 
600 
601 
602 
603 
5726 
5727 
5728 
5730 
5731 
9830 
9831 
9832 
9833 
9834 
9835 
9836 
9837 
9838 
654 
10896 
656 
657 
10898 
658 
660 
661 
663 
5786 
5788 
5790 
5791 
9889 
4770 
4771 
9891 
4772 
9892 
4773 
9893 
9894 
4775 
9895 
9896 
9897 
10955 
716 
10957 
717 
718 
720 
721 
723 
5846 
4824 
5848 
4825 
4826 
5850 
4827 
5851 
4828 
9948 
4830 
9950 
4831 
9951 
4832 
9952 
4833 
9953 
9954 
4835 
9955 
9956 
11014 
776 
777 
778 
780 
781 
783 
5906 
4884 
5908 
4885 
4886 
5910 
4887 
5911 
10007 
4888 
10009 
4890 
10010 
4891 
10011 
4892 
10012 
4893 
10013 
10014 
4895 
10015 
836 
837 
838 
840 
841 
843 
5966 
4944 
5968 
4945 
4946 
5970 
10066 
4947 
5971 
4948 
10068 
10069 
4950 
10070 
4951 
10071 
4952 
10072 
4953 
10073 
10074 
4955 
896 
897 
898 
900 
901 
903 
6026 
5004 
6028 
5005 
10125 
5006 
5007 
6031 
10127 
5008 
10128 
10129 
5010 
10130 
5011 
10131 
5012 
10132 
5013 
10133 
5015 
956 
957 
958 
960 
961 
5064 
6088 
10184 
5065 
5066 
10186 
5067 
6091 
10187 
5068 
10188 
10189 
10190 
5070 
5071 
10192 
5072 
5073 
1016 
1018 
1020 
1021 
)

// ************************************************************************* //
