/*--------------------------------*- C++ -*----------------------------------*\
| =========                 |                                                 |
| \\      /  F ield         | OpenFOAM: The Open Source CFD Toolbox           |
|  \\    /   O peration     | Version:  5.x                                   |
|   \\  /    A nd           | Web:      www.OpenFOAM.org                      |
|    \\/     M anipulation  |                                                 |
\*---------------------------------------------------------------------------*/
FoamFile
{
    version     2.0;
    format      ascii;
    class       volScalarField;
    location    "0.01";
    object      p;
}
// * * * * * * * * * * * * * * * * * * * * * * * * * * * * * * * * * * * * * //

dimensions      [0 2 -2 0 0 0 0];

internalField   nonuniform List<scalar> 
7200
(
0.000137828
0.0615068
0.170259
0.179793
0.425196
0.140378
1.0874
-0.749088
3.74273
-5.91957
15.7805
-29.5994
58.542
-82.5195
73.4332
0.00205573
0.0672622
0.177381
0.197577
0.426325
0.201832
1.00583
-0.451591
3.12525
-4.33122
12.3698
-22.587
47.3515
-69.9964
67.9823
0.00405614
0.0722131
0.185063
0.211341
0.434525
0.240438
0.976487
-0.289991
2.82702
-3.48985
10.5483
-18.5004
40.2197
-61.1329
64.18
0.00592448
0.0773045
0.192549
0.225181
0.443179
0.276311
0.956932
-0.157978
2.61165
-2.86336
9.25079
-15.5199
34.8038
-53.8642
60.713
0.00773161
0.0827578
0.200183
0.239789
0.452426
0.312223
0.942646
-0.0383801
2.43856
-2.3416
8.2154
-13.1055
30.3234
-47.484
57.4839
0.00952032
0.0885074
0.208091
0.25494
0.462683
0.347616
0.934232
0.0692273
2.30368
-1.91091
7.40321
-11.1697
26.6776
-41.924
54.5092
0.0113148
0.0945076
0.216307
0.270518
0.474022
0.382443
0.931189
0.166921
2.19981
-1.55235
6.76978
-9.62026
23.7583
-37.1213
51.7677
0.0131347
0.100739
0.224861
0.286495
0.486445
0.416894
0.932773
0.257166
2.11973
-1.24673
6.27152
-8.36108
21.4323
-32.9842
49.2325
0.0149958
0.107186
0.233772
0.302853
0.499948
0.451136
0.938409
0.341802
2.05828
-0.979556
5.87616
-7.317
19.5823
-29.4272
46.8819
0.0169101
0.113837
0.243052
0.319581
0.514513
0.485295
0.947654
0.422186
2.0119
-0.740152
5.56011
-6.4316
18.1094
-26.3751
44.6971
0.0188857
0.120678
0.252706
0.336663
0.530112
0.519473
0.96015
0.499368
1.97812
-0.520644
5.30572
-5.66286
16.9298
-23.7602
42.6617
0.0209284
0.127696
0.262728
0.354087
0.546708
0.553746
0.975609
0.574163
1.95518
-0.315418
5.09965
-4.98035
15.973
-21.5212
40.7612
0.0230411
0.134879
0.273108
0.371834
0.564251
0.588168
0.993786
0.647201
1.94181
-0.120674
4.93164
-4.36297
15.1813
-19.6034
38.9823
0.0252244
0.14221
0.283826
0.389879
0.582685
0.622766
1.01446
0.718941
1.93694
0.06595
4.79363
-3.79684
14.5082
-17.9577
37.3133
0.0274767
0.149673
0.294857
0.408189
0.601939
0.657539
1.03742
0.789677
1.9396
0.245697
4.67907
-3.27341
13.9171
-16.5408
35.7436
0.0297942
0.157246
0.306166
0.426723
0.621925
0.692455
1.06242
0.859542
1.94879
0.418987
4.58239
-2.78791
13.3801
-15.3147
34.2636
0.0321711
0.164905
0.317711
0.445425
0.642541
0.727446
1.0892
0.928507
1.96343
0.585582
4.4989
-2.33812
12.8768
-14.2466
32.8646
0.0345993
0.172624
0.329442
0.464228
0.663663
0.762404
1.11744
0.996386
1.98236
0.744807
4.42443
-1.92331
12.3927
-13.3082
31.5388
0.0370689
0.180368
0.341298
0.483052
0.685148
0.797181
1.14676
1.06286
2.0043
0.895716
4.3554
-1.54342
11.9186
-12.4756
30.279
0.0395678
0.188101
0.353211
0.5018
0.706828
0.831584
1.17674
1.12747
2.02793
1.03729
4.28866
-1.19855
11.4491
-11.7288
29.0789
0.0420822
0.195783
0.365102
0.520362
0.728513
0.865382
1.20691
1.1897
2.05196
1.16842
4.22156
-0.888596
10.9817
-11.0516
27.9328
0.0445965
0.203366
0.376886
0.538613
0.749996
0.898308
1.23676
1.24895
2.07508
1.28813
4.15198
-0.613003
10.5161
-10.4308
26.8358
0.0470935
0.210803
0.388469
0.556418
0.77105
0.930067
1.26575
1.3046
2.09608
1.3956
4.0783
-0.370705
10.0533
-9.85584
25.7834
0.0495549
0.218038
0.39975
0.573628
0.791435
0.960349
1.29335
1.35603
2.11388
1.49022
3.99938
-0.160117
9.59544
-9.31869
24.7716
0.0519611
0.225017
0.410626
0.590092
0.810905
0.988829
1.31901
1.40267
2.12752
1.57161
3.9146
0.0207965
9.14479
-8.81319
23.7972
0.054292
0.231681
0.42099
0.60565
0.829212
1.01519
1.34224
1.44401
2.13623
1.63966
3.82373
0.174412
8.70377
-8.33483
22.8572
0.0565271
0.237973
0.430733
0.620146
0.846114
1.03913
1.36259
1.47963
2.13945
1.69449
3.72692
0.303326
8.2746
-7.88036
21.9492
0.058646
0.243835
0.439751
0.633428
0.861382
1.06037
1.37965
1.50921
2.13679
1.73648
3.62465
0.410228
7.85917
-7.44751
21.0711
0.060629
0.249211
0.447942
0.645352
0.874805
1.07866
1.3931
1.53255
2.12805
1.7662
3.51759
0.497789
7.45895
-7.03477
20.2211
0.062457
0.254048
0.455213
0.655787
0.886195
1.0938
1.40269
1.54955
2.11321
1.78439
3.4066
0.568566
7.07495
-6.64114
19.3979
0.0641126
0.258299
0.461478
0.664617
0.895396
1.10564
1.40825
1.56023
2.09241
1.79192
3.29261
0.624928
6.70777
-6.26598
18.6003
0.0655798
0.261921
0.466664
0.671748
0.902284
1.11407
1.40969
1.56471
2.0659
1.78975
3.17659
0.669014
6.35761
-5.90885
17.8274
0.0668449
0.264878
0.47071
0.677105
0.906769
1.11904
1.407
1.56322
2.03407
1.77889
3.05946
0.702705
6.02437
-5.56943
17.0785
0.0678964
0.267141
0.47357
0.680636
0.908798
1.12056
1.40025
1.55606
1.99737
1.76038
2.94211
0.727618
5.70769
-5.24743
16.3529
0.0687253
0.26869
0.475212
0.682313
0.908356
1.11866
1.38955
1.54357
1.95631
1.73521
2.82531
0.745118
5.40699
-4.94252
15.6501
0.0693253
0.269513
0.475619
0.682133
0.905461
1.11345
1.3751
1.52618
1.91142
1.70436
2.70976
0.75634
5.12162
-4.65434
14.9699
0.0696929
0.269605
0.474792
0.680115
0.900164
1.10505
1.35713
1.50433
1.86327
1.66873
2.59601
0.762217
4.85082
-4.38245
14.3117
0.0698273
0.268972
0.472745
0.6763
0.892546
1.09365
1.33589
1.47849
1.8124
1.62915
2.48453
0.763514
4.59384
-4.12632
13.6755
0.0697302
0.267626
0.469506
0.670751
0.882717
1.07943
1.31168
1.44912
1.75933
1.58639
2.37567
0.760855
4.3499
-3.88539
13.0608
0.0694062
0.265588
0.465117
0.663547
0.870807
1.06263
1.28481
1.41671
1.70457
1.54113
2.26969
0.754761
4.11827
-3.65901
12.4673
0.0688619
0.262886
0.459631
0.654784
0.856964
1.04346
1.25561
1.3817
1.64858
1.49395
2.16679
0.74567
3.89827
-3.4465
11.8948
0.0681062
0.259553
0.453114
0.644571
0.841354
1.02219
1.22438
1.34453
1.59179
1.44539
2.06708
0.733964
3.68928
-3.24713
11.3429
0.0671501
0.25563
0.445638
0.633028
0.82415
0.999072
1.19145
1.30562
1.53457
1.39591
1.97064
0.71998
3.4907
-3.06018
10.8113
0.0660061
0.25116
0.437283
0.620283
0.805535
0.974351
1.15713
1.26536
1.47727
1.34591
1.87752
0.704032
3.30202
-2.88488
10.2996
0.064688
0.246191
0.428136
0.606471
0.785696
0.948285
1.12172
1.22411
1.4202
1.29572
1.78771
0.686411
3.12275
-2.7205
9.80728
0.063211
0.240775
0.418288
0.591729
0.764819
0.92112
1.0855
1.1822
1.36363
1.24566
1.70121
0.667395
2.95245
-2.56631
9.3339
0.0615912
0.234966
0.407831
0.576198
0.743091
0.893096
1.04873
1.13994
1.3078
1.19599
1.618
0.647251
2.79072
-2.4216
8.87892
0.059845
0.228818
0.396861
0.560016
0.720695
0.864443
1.01168
1.0976
1.25292
1.14692
1.53806
0.626236
2.63717
-2.28568
8.4418
0.0579898
0.222387
0.385473
0.543324
0.697808
0.835379
0.974573
1.05545
1.19917
1.09868
1.46136
0.604594
2.49144
-2.15787
8.02193
0.0560427
0.21573
0.373762
0.526255
0.674604
0.806112
0.937627
1.0137
1.14672
1.05144
1.38787
0.582562
2.3532
-2.03756
7.61869
0.0540211
0.208901
0.361821
0.508942
0.651246
0.776837
0.901044
0.972559
1.09571
1.00535
1.31755
0.56036
2.22212
-1.92413
7.23143
0.0519425
0.201955
0.349741
0.491513
0.627892
0.747737
0.86501
0.932225
1.04627
0.960573
1.25037
0.538198
2.09788
-1.81701
6.85948
0.0498239
0.194947
0.337612
0.47409
0.604692
0.718984
0.829694
0.892864
0.998516
0.917224
1.1863
0.516268
1.98016
-1.71567
6.50214
0.047682
0.187927
0.325519
0.45679
0.581786
0.690736
0.795254
0.854631
0.952547
0.875423
1.12531
0.49475
1.86868
-1.61959
6.15873
0.0455333
0.180947
0.313544
0.439724
0.559307
0.663141
0.761832
0.817665
0.908452
0.835273
1.06738
0.473807
1.76313
-1.52828
5.82853
0.0433937
0.174055
0.301766
0.422999
0.53738
0.636339
0.729562
0.782094
0.866314
0.796869
1.01246
0.453588
1.66324
-1.4413
5.51083
0.0412786
0.167298
0.290259
0.406715
0.516123
0.610456
0.698564
0.748033
0.826206
0.760298
0.96053
0.434231
1.56874
-1.35822
5.20496
0.0392028
0.160719
0.279096
0.390966
0.495646
0.585612
0.668952
0.71559
0.788196
0.725637
0.911562
0.415859
1.47936
-1.27865
4.91022
0.0371808
0.154362
0.268344
0.37584
0.476051
0.561919
0.64083
0.684864
0.752346
0.69296
0.865529
0.398584
1.39486
-1.20222
4.62596
0.0352264
0.148266
0.258066
0.361423
0.457435
0.539479
0.614296
0.655945
0.718716
0.662334
0.822409
0.38251
1.31501
-1.12857
4.35153
0.0333526
0.142471
0.248324
0.347794
0.43989
0.51839
0.58944
0.628922
0.687363
0.633826
0.782184
0.367736
1.23959
-1.05741
4.08635
0.0315724
0.137012
0.239176
0.335027
0.423501
0.498743
0.566349
0.603875
0.658343
0.6075
0.744844
0.354351
1.16842
-0.988429
3.82985
0.0298978
0.131924
0.230675
0.323193
0.40835
0.480627
0.545106
0.580886
0.631712
0.58342
0.710384
0.342446
1.10132
-0.92137
3.58152
0.0283405
0.12724
0.222873
0.31236
0.394513
0.464122
0.525791
0.560032
0.607529
0.561653
0.678811
0.332109
1.03815
-0.855993
3.34093
0.0269117
0.122992
0.215819
0.302591
0.382064
0.44931
0.508482
0.54139
0.585854
0.542268
0.650143
0.32343
0.978802
-0.792086
3.10771
0.0256221
0.119207
0.209559
0.293945
0.371072
0.436266
0.493254
0.525038
0.566753
0.525341
0.624408
0.316501
0.9232
-0.729465
2.88156
0.0244819
0.115915
0.204137
0.286481
0.361605
0.425064
0.480183
0.511056
0.550296
0.510951
0.601651
0.311421
0.871305
-0.667977
2.66231
0.0235007
0.113142
0.199595
0.280252
0.353727
0.415777
0.469346
0.499523
0.536557
0.499188
0.581931
0.308297
0.823119
-0.607499
2.44991
0.0226878
0.110912
0.195971
0.275311
0.3475
0.408475
0.460817
0.490524
0.525618
0.490148
0.565326
0.307244
0.77869
-0.547942
2.24442
0.0220517
0.109249
0.193301
0.271706
0.342983
0.403227
0.454671
0.484143
0.517566
0.483937
0.551929
0.308389
0.738116
-0.489254
2.04611
0.0216006
0.108173
0.191621
0.269483
0.340232
0.4001
0.450984
0.480468
0.512494
0.480669
0.54185
0.31187
0.70155
-0.431428
1.85542
0.0213417
0.107704
0.19096
0.268684
0.339299
0.399158
0.44983
0.479589
0.510503
0.480468
0.535221
0.317838
0.669198
-0.374503
1.67303
0.0212819
0.107861
0.191347
0.269349
0.340236
0.400463
0.451284
0.481596
0.511694
0.483466
0.532185
0.32646
0.641325
-0.31858
1.49993
0.0214268
0.108657
0.192807
0.271512
0.343087
0.404073
0.455415
0.48658
0.516177
0.489805
0.532903
0.337917
0.618258
-0.26383
1.33741
0.0217815
0.110107
0.195361
0.275204
0.347893
0.410042
0.462295
0.494632
0.524061
0.499632
0.537553
0.352402
0.600393
-0.210532
1.18721
0.0223486
0.112216
0.199022
0.280443
0.354681
0.418407
0.471969
0.505822
0.535434
0.513075
0.546298
0.370092
0.588175
-0.159125
1.05155
0.0231282
0.114983
0.203784
0.287225
0.363448
0.429174
0.484456
0.520185
0.550347
0.530234
0.559253
0.391178
0.581996
-0.110078
0.933023
0.024137
0.118462
0.209742
0.295684
0.374369
0.442562
0.500014
0.538043
0.569147
0.551571
0.576831
0.416315
0.582457
-0.0635681
0.834824
0.0254362
0.122856
0.217244
0.306319
0.388098
0.459379
0.519618
0.560499
0.593152
0.578347
0.600858
0.44632
0.592942
-0.0225552
0.764486
0.0267428
0.127269
0.224801
0.317064
0.402064
0.476541
0.539917
0.583586
0.618953
0.605336
0.630027
0.472092
0.620412
-0.00616549
0.738202
-73.4725
82.4798
-58.5847
29.5504
-15.8284
5.86824
-3.79284
0.698229
-1.13763
-0.190827
-0.475614
-0.230449
-0.221161
-0.112849
-0.0520037
0.0343784
0.0952297
0.203577
0.212878
0.458181
0.173446
1.12088
-0.714789
3.77804
-5.88379
15.815
-29.5683
58.5675
-82.5008
73.4411
-68.0217
69.9568
-47.393
22.5389
-12.4174
4.2803
-3.17535
0.400787
-1.05609
-0.252256
-0.476714
-0.248184
-0.22822
-0.118498
-0.0536657
0.0360312
0.100871
0.21063
0.230615
0.459292
0.234933
1.03941
-0.417162
3.16056
-4.29582
12.4034
-22.5575
47.3749
-69.9802
67.9888
-64.2193
61.0933
-40.2603
18.4533
-10.5954
3.43938
-2.877
0.239249
-1.02675
-0.290836
-0.484873
-0.261886
-0.235822
-0.123319
-0.055425
0.0377741
0.105677
0.218219
0.244313
0.467463
0.273571
1.01016
-0.255475
2.86221
-3.45505
10.5807
-18.4727
40.2409
-61.1192
64.1852
-60.7523
53.8245
-34.8437
15.4737
-9.29721
2.81341
-2.66142
0.10734
-1.00717
-0.326672
-0.493476
-0.275654
-0.243215
-0.128268
-0.057071
0.0393946
0.110602
0.225592
0.258071
0.476076
0.309461
0.990666
-0.123468
2.64656
-2.82938
9.28175
-15.4942
34.8227
-53.8526
60.7175
-57.5233
47.4442
-30.3626
13.0602
-8.26111
2.29224
-2.48803
-0.0120982
-0.99282
-0.362531
-0.502663
-0.290182
-0.250747
-0.133574
-0.0586801
0.0409674
0.115873
0.233094
0.272581
0.485267
0.345365
0.97638
-0.00399967
2.47298
-2.30865
8.24475
-13.0817
30.3401
-47.4742
57.4878
-54.5487
41.884
-26.7163
11.1252
-7.44819
1.86218
-2.35278
-0.119489
-0.984307
-0.397851
-0.512847
-0.305245
-0.258547
-0.139176
-0.0602912
0.0425305
0.121429
0.240853
0.287616
0.495445
0.380712
0.967887
0.103339
2.33743
-1.87918
7.43084
-11.1479
26.6924
-41.9157
54.5128
-51.8073
37.0811
-23.7967
9.5765
-6.81404
1.50427
-2.24847
-0.216909
-0.981122
-0.432581
-0.5241
-0.320727
-0.266649
-0.14503
-0.0619215
0.0440998
0.127225
0.248902
0.303059
0.506679
0.415442
0.964672
0.200618
2.23272
-1.52198
6.79565
-9.60042
23.7714
-37.1141
51.7709
-49.2723
32.9437
-21.4704
8.31792
-6.3151
1.1993
-2.16789
-0.306831
-0.98252
-0.46691
-0.536423
-0.336598
-0.275083
-0.151116
-0.063585
0.0456884
0.133238
0.257268
0.318875
0.518962
0.449736
0.96598
0.290305
2.15164
-1.2178
6.29565
-8.34301
21.4439
-32.9778
49.2356
-46.9218
29.3865
-19.6203
7.27431
-5.9191
0.932768
-2.10593
-0.391099
-0.987929
-0.501001
-0.549808
-0.352841
-0.283867
-0.157418
-0.0652941
0.0473073
0.139453
0.26597
0.335046
0.532282
0.48375
0.971232
0.374247
2.08908
-0.952128
5.89859
-7.30054
19.5927
-29.4215
46.8848
-44.7373
26.3342
-18.1473
6.38929
-5.60249
0.693974
-2.05902
-0.471082
-0.996908
-0.534979
-0.564236
-0.369441
-0.293015
-0.163923
-0.0670577
0.0489647
0.145852
0.275018
0.351553
0.546616
0.517606
0.979985
0.453819
2.0415
-0.714237
5.58093
-6.4166
18.1188
-26.3699
44.7
-42.7022
23.719
-16.9676
5.62083
-5.34759
0.475036
-2.0247
-0.547837
-1.0091
-0.568948
-0.579678
-0.386384
-0.302528
-0.170615
-0.0688825
0.0506662
0.152423
0.284412
0.36838
0.561932
0.551401
0.991888
0.530087
2.00646
-0.496221
5.32503
-5.64914
16.9383
-23.7553
42.6646
-40.8019
21.4798
-16.0108
4.93851
-5.14108
0.270332
-2.00125
-0.622192
-1.02424
-0.602986
-0.596097
-0.403656
-0.312402
-0.177481
-0.0707725
0.0524149
0.159148
0.294145
0.385509
0.578187
0.585214
1.00666
0.60389
1.98224
-0.29244
5.11756
-4.96776
15.9808
-21.5167
40.7641
-39.0234
19.5616
-15.2191
4.32125
-4.9727
0.0760596
-1.98738
-0.694786
-1.04206
-0.637149
-0.613444
-0.421236
-0.322624
-0.184506
-0.0727293
0.054212
0.166014
0.304206
0.402918
0.595332
0.6191
1.02407
0.675879
1.96758
-0.0990753
4.94828
-4.35138
15.1886
-19.599
38.9853
-37.3549
17.9156
-14.5461
3.75518
-4.83439
-0.110145
-1.98204
-0.766084
-1.06238
-0.671468
-0.631663
-0.4391
-0.333175
-0.191675
-0.0747526
0.0560566
0.173002
0.314572
0.420583
0.613311
0.653092
1.04392
0.746534
1.96144
0.0862481
4.80912
-3.7861
14.515
-17.9534
37.3164
-35.7857
16.4984
-13.9551
3.23175
-4.71958
-0.289524
-1.98426
-0.83639
-1.08497
-0.705945
-0.650685
-0.457217
-0.34403
-0.198968
-0.0768396
0.0579458
0.180095
0.325218
0.438471
0.632053
0.687198
1.06599
0.81617
1.96287
0.26478
4.69352
-3.26341
13.9235
-16.5365
35.7469
-34.3062
15.272
-13.4183
2.7462
-4.62271
-0.462494
-1.99304
-0.90584
-1.1096
-0.740554
-0.670424
-0.475543
-0.355153
-0.206364
-0.0789856
0.059875
0.18727
0.336109
0.456538
0.651478
0.721395
1.09008
0.884936
1.97087
0.436945
4.59592
-2.77854
13.3863
-15.3105
34.2671
-32.9077
14.2035
-12.9151
2.29633
-4.53906
-0.628816
-2.00732
-0.97441
-1.13601
-0.775229
-0.69078
-0.494024
-0.366501
-0.213839
-0.0811838
0.0618377
0.194504
0.347202
0.474733
0.671485
0.755624
1.11591
0.952816
1.98439
0.602503
4.51159
-2.32929
12.8827
-14.2423
32.8682
-31.5823
13.2646
-12.4313
1.88139
-4.4645
-0.787814
-2.02591
-1.04192
-1.16388
-0.809868
-0.711632
-0.512596
-0.378025
-0.221363
-0.0834252
0.0638259
0.201768
0.358448
0.492991
0.691958
0.789788
1.1432
1.01964
2.00225
0.760777
4.4364
-1.91493
12.3985
-13.3038
31.5425
-30.3231
12.4316
-11.9575
1.50134
-4.39542
-0.938536
-2.04756
-1.10804
-1.19286
-0.844323
-0.732838
-0.531177
-0.389663
-0.228904
-0.0856992
0.06583
0.209031
0.369788
0.511234
0.712759
0.823746
1.17157
1.08509
2.02319
0.910821
4.36672
-1.5354
11.9243
-12.4711
30.2829
-29.1236
11.6843
-11.4883
1.15627
-4.32867
-1.07996
-2.07093
-1.17233
-1.2225
-0.878405
-0.754232
-0.549672
-0.401348
-0.236424
-0.0879928
0.0678384
0.216257
0.381156
0.529371
0.733728
0.857318
1.20062
1.14872
2.04589
1.0516
4.29941
-1.19084
11.4548
-11.7243
29.083
-27.9781
11.0066
-11.0212
0.846082
-4.26161
-1.21098
-2.09473
-1.23427
-1.25235
-0.911885
-0.775627
-0.567973
-0.413
-0.243882
-0.0902914
0.0698385
0.223406
0.392476
0.547296
0.754683
0.89028
1.22987
1.21001
2.06905
1.18202
4.23183
-0.88112
10.9873
-11.0469
27.9371
-26.8816
10.3852
-10.556
0.57022
-4.1921
-1.33062
-2.11766
-1.29324
-1.28189
-0.944499
-0.796816
-0.585954
-0.424535
-0.251231
-0.0925786
0.0718161
0.230434
0.403664
0.564888
0.775421
0.922372
1.25883
1.26837
2.09137
1.30109
4.16182
-0.605712
10.5217
-10.426
26.8402
-25.8297
9.80966
-10.0937
0.32762
-4.11853
-1.43805
-2.1385
-1.34864
-1.31059
-0.975952
-0.817574
-0.603481
-0.435859
-0.258422
-0.0948367
0.0737556
0.237294
0.414631
0.582016
0.795721
0.953306
1.28696
1.32318
2.11163
1.40799
4.08777
-0.363552
10.059
-9.85087
25.7879
-24.8184
9.27192
-9.63625
0.116698
-4.03978
-1.53267
-2.15617
-1.39984
-1.3379
-1.00593
-0.837661
-0.620407
-0.446871
-0.265399
-0.0970464
0.0756407
0.243935
0.425281
0.598538
0.815351
0.982775
1.31372
1.37382
2.12874
1.5021
4.00855
-0.153063
9.6012
-9.31358
24.7763
-23.8444
8.76584
-9.18609
-0.0645767
-3.95519
-1.61409
-2.16971
-1.44628
-1.3633
-1.03412
-0.856832
-0.636578
-0.457467
-0.272108
-0.0991877
0.0774539
0.250304
0.435511
0.614305
0.834068
1.01046
1.33858
1.41972
2.14176
1.58303
3.92351
0.0277849
9.15062
-8.80796
23.802
-22.9049
8.28691
-8.74558
-0.218579
-3.86454
-1.68219
-2.17835
-1.48744
-1.38629
-1.06019
-0.87484
-0.651838
-0.46754
-0.27849
-0.10124
0.0791776
0.256345
0.445218
0.629163
0.85163
1.03605
1.36106
1.46036
2.1499
1.65068
3.83242
0.181361
8.70968
-8.32949
22.8621
-21.9972
7.83187
-8.31693
-0.347902
-3.768
-1.73712
-2.18153
-1.5229
-1.4064
-1.08385
-0.891443
-0.66603
-0.476983
-0.284486
-0.103181
0.0807936
0.262004
0.454299
0.642959
0.867797
1.05924
1.38068
1.49534
2.1526
1.70515
3.73544
0.310256
8.28059
-7.87491
21.9542
-21.1195
7.39848
-7.90202
-0.455229
-3.66602
-1.77922
-2.17885
-1.55234
-1.42324
-1.10481
-0.90641
-0.679001
-0.485688
-0.290038
-0.104992
0.0822843
0.267225
0.462651
0.655545
0.882344
1.07975
1.39705
1.52432
2.14947
1.74683
3.63302
0.417155
7.86524
-7.44197
21.0761
-20.2698
6.98522
-7.50232
-0.543225
-3.55928
-1.80908
-2.17011
-1.57555
-1.43649
-1.12284
-0.919531
-0.690607
-0.493557
-0.295091
-0.10665
0.0836322
0.271956
0.470176
0.666779
0.895062
1.09735
1.40985
1.54709
2.1403
1.77627
3.52584
0.504722
7.46509
-7.02916
20.2262
-19.4469
6.59111
-7.11883
-0.614441
-3.44863
-1.82744
-2.1553
-1.59245
-1.44588
-1.13772
-0.930619
-0.700718
-0.500494
-0.299592
-0.108139
0.084821
0.276147
0.476783
0.676533
0.905766
1.11183
1.41883
1.56357
2.12507
1.79421
3.41475
0.57551
7.08115
-6.63547
19.403
-18.6496
6.2155
-6.75215
-0.671242
-3.335
-1.83515
-2.13455
-1.60304
-1.45126
-1.1493
-0.939518
-0.709218
-0.506414
-0.303492
-0.109439
0.0858356
0.279751
0.482389
0.684695
0.914301
1.12302
1.42381
1.57377
2.1039
1.80153
3.30068
0.631885
6.71402
-6.26027
18.6055
-17.8769
5.85796
-6.40247
-0.71576
-3.21933
-1.83318
-2.10811
-1.60746
-1.45253
-1.15748
-0.946102
-0.716012
-0.511245
-0.306748
-0.110535
0.0866625
0.282729
0.486923
0.691171
0.920543
1.13085
1.42471
1.57781
2.07707
1.79917
3.18458
0.675982
6.36391
-5.90311
17.8326
-17.1282
5.51817
-6.06968
-0.749871
-3.10257
-1.82255
-2.07637
-1.60591
-1.44968
-1.1622
-0.950282
-0.721025
-0.514925
-0.309327
-0.111414
0.0872901
0.285048
0.490327
0.695888
0.924405
1.13523
1.42151
1.57591
2.04495
1.78814
3.06739
0.70968
6.0307
-5.56368
17.0836
-16.4027
5.19583
-5.75341
-0.775185
-2.98559
-1.80426
-2.03977
-1.5987
-1.44277
-1.16347
-0.952007
-0.724207
-0.517409
-0.311199
-0.112064
0.0877092
0.28668
0.492556
0.698795
0.925834
1.13619
1.41427
1.56836
2.00798
1.76947
2.94998
0.734594
5.71402
-5.24168
16.358
-15.7001
4.89062
-5.4531
-0.793064
-2.86916
-1.77932
-1.99882
-1.58619
-1.43194
-1.16134
-0.95126
-0.725531
-0.518666
-0.312344
-0.112478
0.0879125
0.287607
0.49358
0.699867
0.924814
1.13377
1.40312
1.55551
1.96667
1.74416
2.83313
0.752087
5.41333
-4.93679
15.6552
-15.02
4.60219
-5.16808
-0.80464
-2.75395
-1.74869
-1.95406
-1.56878
-1.41736
-1.1559
-0.948061
-0.724994
-0.518681
-0.312753
-0.11265
0.0878957
0.287819
0.493383
0.699099
0.921363
1.12805
1.38824
1.53779
1.92155
1.71318
2.71752
0.763294
5.12795
-4.64863
14.975
-14.3619
4.33007
-4.89761
-0.810841
-2.64054
-1.71329
-1.90603
-1.54692
-1.39926
-1.14728
-0.942461
-0.722615
-0.517454
-0.312421
-0.112579
0.0876567
0.287312
0.491967
0.696513
0.915533
1.11918
1.36987
1.51563
1.87319
1.67742
2.60371
0.769147
4.85713
-4.37676
14.3168
-13.7257
4.07377
-4.6409
-0.812429
-2.52938
-1.67393
-1.85529
-1.52108
-1.3779
-1.13565
-0.934543
-0.718438
-0.515002
-0.311357
-0.112266
0.0871962
0.286093
0.489346
0.692149
0.907405
1.10732
1.34825
1.4895
1.82211
1.63773
2.49217
0.77041
4.60011
-4.12068
13.6805
-13.111
3.8327
-4.3972
-0.810028
-2.42081
-1.63138
-1.80235
-1.49171
-1.35358
-1.12122
-0.924415
-0.712526
-0.511354
-0.309574
-0.111713
0.0865172
0.284176
0.48555
0.68607
0.897087
1.09268
1.32368
1.45986
1.76886
1.59485
2.38324
0.76771
4.35613
-3.8798
13.0657
-12.5175
3.60622
-4.16578
-0.804157
-2.3151
-1.58631
-1.74771
-1.4593
-1.32661
-1.1042
-0.912211
-0.704961
-0.506555
-0.307095
-0.110929
0.085625
0.281581
0.480621
0.678355
0.884708
1.07546
1.29648
1.42718
1.71392
1.54947
2.2772
0.761566
4.12445
-3.65347
12.4722
-11.945
3.39364
-3.94596
-0.795252
-2.21244
-1.53931
-1.69184
-1.42429
-1.29731
-1.08484
-0.898079
-0.695839
-0.500661
-0.30395
-0.109923
0.0845274
0.278338
0.474613
0.6691
0.870417
1.05591
1.26695
1.39192
1.65775
1.50218
2.17422
0.752419
3.9044
-3.44101
11.8997
-11.3931
3.19424
-3.73711
-0.783695
-2.11294
-1.4909
-1.63515
-1.38712
-1.26598
-1.06337
-0.882185
-0.685272
-0.493737
-0.300177
-0.108705
0.083234
0.274481
0.467591
0.658414
0.854377
1.03426
1.23541
1.35452
1.60079
1.45351
2.07443
0.740649
3.69535
-3.2417
11.3478
-10.8614
3.00728
-3.53863
-0.769825
-2.01668
-1.44156
-1.57802
-1.34821
-1.23296
-1.04006
-0.864704
-0.673381
-0.48586
-0.295817
-0.107291
0.0817562
0.27005
0.459628
0.646416
0.836762
1.01079
1.20219
1.31538
1.5434
1.40391
1.97791
0.726597
3.49671
-3.0548
10.8161
-10.3496
2.83202
-3.35002
-0.753954
-1.9237
-1.39166
-1.5208
-1.30795
-1.19855
-1.01515
-0.845821
-0.660297
-0.477113
-0.290917
-0.105696
0.0801069
0.265089
0.450804
0.633235
0.817754
0.985725
1.16759
1.27491
1.48594
1.35379
1.8847
0.710576
3.30796
-2.87956
10.3043
-9.85717
2.6677
-3.17079
-0.736374
-1.83401
-1.34156
-1.4638
-1.26669
-1.16305
-0.988903
-0.825723
-0.646157
-0.467583
-0.28553
-0.103936
0.0783004
0.259647
0.441205
0.619003
0.797539
0.959334
1.13191
1.23345
1.42872
1.30349
1.7948
0.692879
3.12862
-2.71524
9.81196
-9.38365
2.51361
-3.0005
-0.717366
-1.7476
-1.29156
-1.40728
-1.22476
-1.12674
-0.961565
-0.804597
-0.631098
-0.457365
-0.279708
-0.102031
0.076352
0.253774
0.430922
0.60386
0.776302
0.931858
1.09544
1.19134
1.37199
1.25331
1.70821
0.673786
2.95825
-2.56111
9.33853
-8.92853
2.36903
-2.83875
-0.697195
-1.66445
-1.24192
-1.35148
-1.18247
-1.08989
-0.933376
-0.782632
-0.615265
-0.446555
-0.273509
-0.0999992
0.0742777
0.247526
0.420047
0.587943
0.754229
0.903537
1.05843
1.14888
1.31601
1.20352
1.62491
0.653563
2.79645
-2.41646
8.88352
-8.49124
2.23326
-2.68515
-0.676121
-1.58453
-1.19286
-1.29661
-1.1401
-1.05275
-0.904565
-0.760012
-0.598798
-0.435249
-0.266991
-0.0978611
0.0720943
0.240955
0.408676
0.571392
0.731502
0.874599
1.02114
1.10635
1.26098
1.15434
1.54487
0.632468
2.64283
-2.28058
8.44635
-8.07119
2.10564
-2.53935
-0.654391
-1.50783
-1.14461
-1.24286
-1.0979
-1.01555
-0.875352
-0.736915
-0.581837
-0.423546
-0.260211
-0.0956365
0.0698188
0.234118
0.396904
0.554345
0.708299
0.845262
0.983802
1.06401
1.20708
1.10598
1.46808
0.610747
2.49704
-2.15283
8.02645
-7.66775
1.98553
-2.40101
-0.632239
-1.4343
-1.09732
-1.19039
-1.0561
-0.978521
-0.845944
-0.713515
-0.564519
-0.411543
-0.25323
-0.0933458
0.0674683
0.227071
0.384824
0.536937
0.684792
0.815734
0.946637
1.02208
1.15449
1.05862
1.39449
0.588637
2.35874
-2.03257
7.62318
-7.28028
1.87234
-2.2698
-0.60989
-1.36392
-1.05118
-1.13934
-1.0149
-0.941853
-0.816537
-0.689978
-0.54698
-0.399335
-0.246104
-0.0910091
0.0650601
0.219869
0.37253
0.5193
0.661145
0.786208
0.909843
0.980771
1.10334
1.01243
1.32407
0.566359
2.22759
-1.91918
7.23589
-6.90809
1.76548
-2.14541
-0.587553
-1.29666
-1.00631
-1.08985
-0.974502
-0.905735
-0.787316
-0.666462
-0.529346
-0.387015
-0.238891
-0.0886461
0.0626113
0.212567
0.360113
0.501561
0.637514
0.756867
0.873605
0.94027
1.05377
0.967534
1.25681
0.544123
2.10329
-1.81211
6.8639
-6.55051
1.66443
-2.02752
-0.565423
-1.23248
-0.962859
-1.04203
-0.935068
-0.870337
-0.758451
-0.643117
-0.511743
-0.374674
-0.231647
-0.0862762
0.0601388
0.205217
0.347662
0.483841
0.614048
0.727883
0.838094
0.900747
1.00588
0.924076
1.19265
0.522121
1.98552
-1.71081
6.50654
-6.20683
1.56865
-1.91585
-0.54368
-1.17136
-0.920932
-0.995983
-0.896755
-0.835816
-0.730102
-0.620085
-0.494288
-0.362399
-0.224425
-0.0839181
0.057659
0.197872
0.335261
0.466258
0.590889
0.699414
0.803465
0.862357
0.959781
0.882169
1.13158
0.500533
1.87398
-1.61476
6.1631
-5.87636
1.47767
-1.81009
-0.52249
-1.11327
-0.88064
-0.951795
-0.859705
-0.802318
-0.702419
-0.597501
-0.477093
-0.350274
-0.217277
-0.0815897
0.0551881
0.190581
0.322992
0.448923
0.568168
0.671608
0.769863
0.82524
0.915562
0.841917
1.07356
0.479523
1.76838
-1.52349
5.83287
-5.55838
1.39105
-1.70997
-0.502004
-1.05818
-0.842077
-0.909552
-0.824045
-0.769975
-0.675541
-0.575489
-0.460267
-0.338378
-0.210253
-0.0793083
0.0527416
0.183393
0.310934
0.431941
0.54601
0.644604
0.73742
0.789523
0.873303
0.803414
1.01856
0.459241
1.66845
-1.43655
5.51516
-5.2522
1.30834
-1.61522
-0.482358
-1.00606
-0.805331
-0.869329
-0.789892
-0.73891
-0.649595
-0.554167
-0.443908
-0.326786
-0.2034
-0.0770902
0.0503347
0.176353
0.299162
0.415411
0.524533
0.618528
0.706257
0.755323
0.833079
0.766748
0.966553
0.439823
1.5739
-1.3535
5.20926
-4.95716
1.22916
-1.52558
-0.46368
-0.956885
-0.770483
-0.831195
-0.757356
-0.709236
-0.624702
-0.533647
-0.428113
-0.315572
-0.196764
-0.074951
0.0479819
0.169507
0.287746
0.399429
0.503846
0.5935
0.676487
0.722746
0.794958
0.731995
0.917511
0.421392
1.48447
-1.27396
4.9145
-4.67257
1.15313
-1.4408
-0.446082
-0.91063
-0.737606
-0.795214
-0.726535
-0.681058
-0.600974
-0.514031
-0.412971
-0.304802
-0.190386
-0.0729052
0.0456973
0.162896
0.276754
0.384083
0.484052
0.569631
0.648214
0.691892
0.759001
0.699231
0.871407
0.404062
1.39993
-1.19756
4.63022
-4.39781
1.07991
-1.36066
-0.429671
-0.867275
-0.706772
-0.761448
-0.697523
-0.654476
-0.578514
-0.495416
-0.398566
-0.294542
-0.184308
-0.0709667
0.0434944
0.156561
0.266249
0.369456
0.465248
0.547025
0.621535
0.662851
0.72527
0.668522
0.82822
0.387937
1.32004
-1.12394
4.35578
-4.13228
1.00918
-1.28494
-0.414545
-0.826804
-0.678047
-0.729955
-0.670407
-0.62958
-0.557421
-0.477895
-0.384977
-0.28485
-0.178567
-0.0691481
0.0413861
0.150538
0.256293
0.355629
0.447524
0.525778
0.596543
0.635712
0.69382
0.639935
0.787932
0.373113
1.24459
-1.0528
4.09057
-3.87543
0.940656
-1.21345
-0.400798
-0.789208
-0.651497
-0.700792
-0.645272
-0.606459
-0.537786
-0.461552
-0.372279
-0.275786
-0.173199
-0.0674617
0.0393849
0.144865
0.246943
0.342675
0.430967
0.505983
0.573323
0.610556
0.664709
0.613534
0.750532
0.359683
1.17338
-0.983844
3.83406
-3.62674
0.874062
-1.14602
-0.38852
-0.754485
-0.627189
-0.674018
-0.622199
-0.585196
-0.519698
-0.446469
-0.360542
-0.267401
-0.168239
-0.0659185
0.0375025
0.139576
0.238252
0.330666
0.415657
0.487725
0.551959
0.587463
0.637992
0.589384
0.716017
0.347734
1.10625
-0.916806
3.58572
-3.38578
0.809163
-1.08252
-0.377801
-0.722643
-0.605192
-0.649692
-0.601266
-0.565872
-0.503239
-0.432723
-0.349833
-0.259747
-0.163716
-0.064529
0.0357504
0.134703
0.230272
0.319667
0.401671
0.471089
0.532529
0.566512
0.613727
0.56755
0.684391
0.337357
1.04305
-0.85145
3.34511
-3.15217
0.745744
-1.02283
-0.368733
-0.6937
-0.585575
-0.627878
-0.582553
-0.548565
-0.488488
-0.420387
-0.340215
-0.252872
-0.159662
-0.0633028
0.0341396
0.130278
0.223051
0.309744
0.389082
0.456153
0.515112
0.547779
0.591977
0.548104
0.655674
0.32864
0.983674
-0.787562
3.11187
-2.92564
0.683621
-0.966879
-0.36141
-0.667689
-0.568417
-0.608642
-0.566138
-0.533352
-0.475523
-0.40953
-0.331746
-0.246821
-0.156104
-0.062249
0.0326805
0.126329
0.216637
0.300954
0.37796
0.442993
0.499785
0.531342
0.572806
0.531119
0.629893
0.321676
0.928048
-0.724959
2.88572
-2.706
0.622639
-0.91463
-0.355934
-0.644655
-0.553799
-0.592054
-0.552102
-0.52031
-0.464418
-0.400219
-0.324483
-0.241635
-0.153069
-0.0613757
0.031383
0.122884
0.211071
0.293357
0.368373
0.431685
0.486622
0.517281
0.556283
0.516677
0.607095
0.316564
0.876129
-0.663487
2.66646
-2.49319
0.562674
-0.866084
-0.35241
-0.624658
-0.541812
-0.578192
-0.540527
-0.509515
-0.455245
-0.392518
-0.31848
-0.237355
-0.15058
-0.0606906
0.0302566
0.119969
0.206396
0.287005
0.360383
0.422299
0.475699
0.505676
0.542484
0.504865
0.587337
0.313411
0.827922
-0.603024
2.45404
-2.28729
0.503635
-0.821291
-0.350958
-0.607778
-0.532554
-0.567138
-0.531496
-0.501042
-0.448074
-0.386488
-0.313787
-0.234017
-0.14866
-0.0602007
0.0293102
0.117609
0.20265
0.281951
0.354054
0.414907
0.467091
0.496611
0.53149
0.495781
0.570697
0.312332
0.783474
-0.54348
2.24855
-2.08855
0.445472
-0.78035
-0.351705
-0.59411
-0.526131
-0.558981
-0.525096
-0.494968
-0.442974
-0.382186
-0.310451
-0.231657
-0.147331
-0.0599123
0.0285524
0.115826
0.199869
0.278243
0.349443
0.409576
0.460874
0.490169
0.523388
0.48953
0.557269
0.313454
0.742883
-0.484804
2.05023
-1.89743
0.388173
-0.743413
-0.35479
-0.583766
-0.522661
-0.553817
-0.521416
-0.491367
-0.440012
-0.379669
-0.308517
-0.230307
-0.146611
-0.0598311
0.027991
0.114643
0.198088
0.275926
0.346608
0.406375
0.457123
0.486441
0.518272
0.486227
0.547163
0.316914
0.706302
-0.426988
1.85953
-1.7146
0.331779
-0.710686
-0.360367
-0.576877
-0.522269
-0.551744
-0.520545
-0.490316
-0.439252
-0.378988
-0.308026
-0.229996
-0.146518
-0.0599622
0.0276332
0.114077
0.197337
0.275044
0.3456
0.405366
0.455912
0.485513
0.516242
0.485995
0.54051
0.322865
0.673938
-0.370073
1.67714
-1.54103
0.276388
-0.682435
-0.368603
-0.57359
-0.525088
-0.552868
-0.522576
-0.491887
-0.440755
-0.380193
-0.309015
-0.23075
-0.147067
-0.06031
0.0274855
0.114148
0.197645
0.275635
0.34647
0.406612
0.457315
0.487478
0.5174
0.488966
0.537454
0.331473
0.646055
-0.314156
1.50402
-1.37804
0.22217
-0.658986
-0.379681
-0.574066
-0.53126
-0.557298
-0.5276
-0.496153
-0.444579
-0.383329
-0.311518
-0.232594
-0.148273
-0.0608784
0.0275538
0.114869
0.199036
0.277734
0.349264
0.410172
0.461404
0.492427
0.521854
0.495284
0.538157
0.342919
0.62298
-0.259411
1.3415
-1.22734
0.169406
-0.640734
-0.393795
-0.578482
-0.540936
-0.565144
-0.53571
-0.503184
-0.45078
-0.388436
-0.315566
-0.235546
-0.150146
-0.0616704
0.0278428
0.116254
0.201532
0.281372
0.354022
0.416099
0.468247
0.50045
0.529714
0.505093
0.542794
0.357395
0.60511
-0.206118
1.1913
-1.09116
0.118531
-0.628124
-0.411124
-0.587006
-0.554244
-0.576499
-0.546974
-0.513027
-0.459392
-0.395539
-0.321175
-0.239617
-0.152691
-0.0626871
0.0283553
0.118311
0.205144
0.286566
0.36077
0.424429
0.477893
0.511617
0.54107
0.518524
0.551531
0.37508
0.592889
-0.154713
1.05563
-0.972089
0.0700144
-0.621549
-0.431861
-0.599753
-0.571286
-0.59141
-0.56143
-0.525699
-0.470422
-0.404637
-0.32834
-0.244803
-0.155905
-0.0639263
0.0290914
0.121035
0.209869
0.293314
0.369506
0.43517
0.490357
0.525963
0.555971
0.535675
0.564481
0.396164
0.58671
-0.105666
0.937104
-0.873306
0.0240376
-0.621603
-0.456659
-0.617136
-0.592524
-0.61023
-0.579403
-0.541463
-0.484092
-0.415905
-0.337198
-0.251197
-0.159844
-0.0654078
0.0300681
0.124483
0.215799
0.301749
0.380406
0.44854
0.505901
0.54381
0.574764
0.557008
0.582059
0.421303
0.587173
-0.0591549
0.838904
-0.802314
-0.0164216
-0.631651
-0.486328
-0.640976
-0.619222
-0.634281
-0.602004
-0.561306
-0.501225
-0.430015
-0.348264
-0.25917
-0.164732
-0.0672122
0.0313469
0.128859
0.223286
0.312369
0.394122
0.465346
0.525498
0.566261
0.598767
0.583785
0.606089
0.451312
0.597662
-0.0181394
0.768566
-0.775376
-0.0323115
-0.658691
-0.51182
-0.669976
-0.64617
-0.660144
-0.625252
-0.581849
-0.518702
-0.444355
-0.35943
-0.267182
-0.169622
-0.0690049
0.0326445
0.133265
0.230837
0.323109
0.408084
0.482505
0.545795
0.589349
0.62457
0.610779
0.635263
0.477089
0.625138
-0.00174589
0.742282
-73.4704
82.4788
-58.5854
29.5497
-15.8288
5.86834
-3.79224
0.69919
-1.13647
-0.18956
-0.474287
-0.229075
-0.219741
-0.111384
-0.0504942
0.0359332
0.0968318
0.20523
0.214589
0.459967
0.175356
1.12302
-0.712252
3.78113
-5.88016
15.8188
-29.5651
58.57
-82.5
73.4383
-68.0191
69.9566
-47.3935
22.5382
-12.4179
4.2803
-3.17485
0.401675
-1.05497
-0.25101
-0.475399
-0.246817
-0.226805
-0.117037
-0.0521581
0.0375859
0.102475
0.212287
0.232334
0.461095
0.236879
1.04161
-0.414528
3.16375
-4.29218
12.4071
-22.5545
47.3768
-69.9805
67.9851
-64.2165
61.0938
-40.2604
18.4527
-10.5959
3.43929
-2.87661
0.24005
-1.02568
-0.289617
-0.483573
-0.260529
-0.234414
-0.121863
-0.0539203
0.0393281
0.107283
0.219881
0.246042
0.469287
0.275559
1.01244
-0.252739
2.86547
-3.45145
10.5841
-18.4701
40.242
-61.1206
64.1812
-60.7495
53.8257
-34.8434
15.4733
-9.2977
2.81324
-2.66114
0.108047
-1.00616
-0.325489
-0.492196
-0.27431
-0.241817
-0.126819
-0.0555706
0.0409467
0.112209
0.227258
0.259811
0.477924
0.311498
0.993026
-0.120645
2.64985
-2.82588
9.2849
-15.4921
34.8229
-53.855
60.7132
-57.5205
47.4459
-30.3619
13.0599
-8.26154
2.29201
-2.48785
-0.0114896
-0.991884
-0.361392
-0.501409
-0.288854
-0.249361
-0.132133
-0.0571855
0.0425167
0.11748
0.234766
0.274334
0.487144
0.347454
0.978814
-0.00110967
2.47627
-2.30532
8.24753
-13.0803
30.3395
-47.4773
57.4836
-54.546
41.8861
-26.7152
11.1253
-7.4485
1.86195
-2.35268
-0.118974
-0.983447
-0.396762
-0.511623
-0.303937
-0.257175
-0.137745
-0.0588039
0.0440756
0.123036
0.242529
0.289383
0.497352
0.382852
0.970385
0.106265
2.34066
-1.87608
7.43318
-11.1471
26.691
-41.9193
54.5085
-51.8045
37.0834
-23.7953
9.57686
-6.81418
1.50408
-2.24842
-0.216478
-0.980339
-0.431547
-0.522912
-0.319442
-0.265294
-0.143612
-0.0604429
0.0456394
0.12883
0.250583
0.304839
0.508614
0.417629
0.967216
0.203542
2.23582
-1.51917
6.7975
-9.60022
23.7694
-37.118
51.7667
-49.2696
32.9461
-21.4688
8.31857
-6.31504
1.19918
-2.16786
-0.306468
-0.981811
-0.465934
-0.535274
-0.33534
-0.273746
-0.149712
-0.0621171
0.047221
0.13484
0.258952
0.320669
0.520924
0.451959
0.968546
0.293186
2.15457
-1.21534
6.29698
-8.3434
21.4415
-32.9818
49.2314
-46.9191
29.389
-19.6185
7.27524
-5.91883
0.93276
-2.10589
-0.390785
-0.987286
-0.500082
-0.548701
-0.351612
-0.282552
-0.156031
-0.0638384
0.0488312
0.14105
0.267655
0.33685
0.534265
0.485996
0.973795
0.377043
2.09179
-0.950058
5.8994
-7.30146
19.59
-29.4256
46.8807
-44.7346
26.3367
-18.1454
6.39045
-5.60199
0.694104
-2.05894
-0.470793
-0.996319
-0.534116
-0.563172
-0.368244
-0.291722
-0.162553
-0.0656162
0.0504781
0.147443
0.276702
0.353364
0.548613
0.519859
0.982514
0.456487
2.04394
-0.712577
5.58124
-6.41797
18.1158
-26.374
44.6959
-42.6995
23.7215
-16.9656
5.62217
-5.34688
0.475321
-2.02455
-0.547551
-1.00856
-0.568135
-0.578658
-0.38522
-0.30126
-0.169264
-0.0674569
0.0521669
0.154005
0.286092
0.370192
0.563931
0.553642
0.994352
0.532589
2.0086
-0.494978
5.32488
-5.65089
16.9351
-23.7594
42.6606
-40.7993
21.4822
-16.0087
4.94
-5.14018
0.270779
-2.001
-0.621887
-1.02372
-0.602216
-0.595117
-0.402524
-0.31116
-0.176152
-0.0693647
0.0539009
0.160719
0.295817
0.387316
0.580177
0.587421
1.00903
0.606193
1.98406
-0.291606
5.117
-4.96981
15.9775
-21.5206
40.7602
-39.0207
19.5641
-15.2171
4.32286
-4.97164
0.0766649
-1.98702
-0.694441
-1.04156
-0.636414
-0.612503
-0.420138
-0.32141
-0.1832
-0.0713412
0.0556808
0.167569
0.305865
0.404713
0.597301
0.621251
1.02632
0.677956
1.96907
-0.0986297
4.94736
-4.35366
15.1852
-19.6028
38.9814
-37.3521
17.918
-14.544
3.75687
-4.83319
-0.10939
-1.98157
-0.765684
-1.06187
-0.670757
-0.630756
-0.438034
-0.331989
-0.190393
-0.073386
0.0575056
0.17454
0.316214
0.422357
0.615242
0.655167
1.04601
0.748367
1.9626
0.0863349
4.8079
-3.78855
14.5117
-17.9571
37.3126
-35.7829
16.5008
-13.953
3.2335
-4.71826
-0.288634
-1.98368
-0.835922
-1.08444
-0.705249
-0.649805
-0.45618
-0.342871
-0.197711
-0.0754963
0.0593725
0.18161
0.326836
0.440213
0.633933
0.689176
1.06792
0.817747
1.96371
0.264544
4.69206
-3.26598
13.9202
-16.5402
35.7431
-34.3033
15.2744
-13.4162
2.74798
-4.6213
-0.461485
-1.99235
-0.905298
-1.10904
-0.739863
-0.669567
-0.474534
-0.354021
-0.205133
-0.0776673
0.0612766
0.188759
0.337697
0.45824
0.653291
0.723258
1.09182
0.886254
1.97141
0.436423
4.59425
-2.78118
13.383
-15.314
34.2633
-32.9047
14.2059
-12.9131
2.29814
-4.53759
-0.627706
-2.00652
-0.973789
-1.13541
-0.774534
-0.689939
-0.49304
-0.365396
-0.212634
-0.0798922
0.0632116
0.195963
0.348754
0.476384
0.673219
0.757358
1.11746
0.953878
1.98465
0.601735
4.50976
-2.33197
12.8795
-14.2458
32.8644
-31.5792
13.2671
-12.4292
1.88322
-4.46298
-0.786619
-2.02502
-1.04122
-1.16324
-0.80916
-0.710801
-0.511633
-0.376945
-0.220185
-0.0821618
0.0651693
0.203192
0.359957
0.494582
0.693601
0.791381
1.14454
1.02045
2.00225
0.7598
4.43445
-1.91762
12.3954
-13.3072
31.5387
-30.3199
12.4341
-11.9554
1.50317
-4.39386
-0.937271
-2.04658
-1.10726
-1.19216
-0.843595
-0.732011
-0.530232
-0.388607
-0.227753
-0.0844654
0.0671402
0.210416
0.371248
0.512757
0.7143
0.82519
1.17272
1.08567
2.02297
0.909669
4.36469
-1.53809
11.9213
-12.4744
30.2791
-29.1202
11.6869
-11.4862
1.15812
-4.32708
-1.07864
-2.06988
-1.17149
-1.22176
-0.877654
-0.753405
-0.548741
-0.400314
-0.2353
-0.0867899
0.0691131
0.217599
0.38256
0.530818
0.735159
0.858608
1.20157
1.14908
2.04547
1.05031
4.29732
-1.19351
11.4517
-11.7275
29.0792
-27.9746
11.0092
-11.0191
0.847939
-4.25999
-1.20961
-2.09362
-1.23335
-1.25155
-0.911107
-0.774795
-0.567052
-0.411988
-0.242785
-0.0891205
0.0710752
0.224702
0.39382
0.54866
0.755998
0.891414
1.23063
1.21018
2.06845
1.18061
4.22969
-0.883762
10.9844
-11.0502
27.9333
-26.878
10.3879
-10.5538
0.572094
-4.19047
-1.32921
-2.11649
-1.29227
-1.28104
-0.943691
-0.795976
-0.585042
-0.423542
-0.250161
-0.0914407
0.0730127
0.23168
0.404943
0.566164
0.776616
0.923351
1.25941
1.26836
2.09062
1.29959
4.15966
-0.60832
10.5188
-10.4292
26.8364
-25.826
9.81245
-10.0915
0.329517
-4.11687
-1.43661
-2.13729
-1.34761
-1.3097
-0.975113
-0.816722
-0.602575
-0.434883
-0.257377
-0.0937325
0.0749102
0.238487
0.415842
0.5832
0.796795
0.954133
1.28736
1.323
2.11075
1.40642
4.0856
-0.366125
10.0562
-9.85406
25.784
-24.8146
9.2748
-9.634
0.118625
-4.0381
-1.5312
-2.15491
-1.39877
-1.33697
-1.00506
-0.836797
-0.619504
-0.445911
-0.264381
-0.0959766
0.0767517
0.245073
0.426419
0.599628
0.816303
0.983457
1.31397
1.37349
2.12776
1.50047
4.00638
-0.1556
9.59837
-9.31678
24.7723
-23.8405
8.76882
-9.18377
-0.062613
-3.95348
-1.61259
-2.16841
-1.44516
-1.36233
-1.03322
-0.855954
-0.635677
-0.456522
-0.271115
-0.0981525
0.0785201
0.251384
0.436575
0.615299
0.834901
1.011
1.33869
1.41926
2.14068
1.58136
3.92135
0.0252786
9.14782
-8.81117
23.798
-22.9009
8.28998
-8.74319
-0.216572
-3.86281
-1.68067
-2.17703
-1.48628
-1.38528
-1.05927
-0.873948
-0.650938
-0.466609
-0.277522
-0.100239
0.080198
0.257367
0.446207
0.630061
0.852345
1.03646
1.36103
1.4598
2.14876
1.64898
3.83027
0.178881
8.70689
-8.33272
22.858
-21.9931
7.83504
-8.31446
-0.345843
-3.76623
-1.73557
-2.18017
-1.52171
-1.40536
-1.0829
-0.890536
-0.665129
-0.476064
-0.283542
-0.102216
0.0817677
0.262966
0.455212
0.643762
0.8684
1.05953
1.38053
1.49468
2.15139
1.70343
3.7333
0.307797
8.2778
-7.87817
21.9501
-21.1153
7.40174
-7.89947
-0.453113
-3.66421
-1.77764
-2.17746
-1.55112
-1.42217
-1.10384
-0.90549
-0.678099
-0.484782
-0.289119
-0.104062
0.0832116
0.268127
0.463487
0.656254
0.882839
1.07993
1.3968
1.52357
2.14821
1.74509
3.63089
0.414709
7.86245
-7.44527
21.072
-20.2656
6.98858
-7.49969
-0.541047
-3.55743
-1.80747
-2.1687
-1.57431
-1.43538
-1.12184
-0.918598
-0.689705
-0.492662
-0.294195
-0.105755
0.0845129
0.272797
0.470937
0.667399
0.895455
1.09742
1.40951
1.54627
2.13899
1.77452
3.52372
0.502282
7.46228
-7.03249
20.222
-19.4427
6.59455
-7.11611
-0.612197
-3.44673
-1.82579
-2.15386
-1.59118
-1.44475
-1.1367
-0.929674
-0.699814
-0.49961
-0.298718
-0.107278
0.0856553
0.276929
0.477471
0.677066
0.906063
1.1118
1.4184
1.56269
2.12372
1.79246
3.41263
0.573068
7.07832
-6.63884
19.3988
-18.6453
6.21901
-6.74934
-0.668929
-3.33305
-1.83347
-2.13307
-1.60174
-1.4501
-1.14826
-0.938561
-0.708313
-0.505541
-0.30264
-0.108612
0.0866242
0.280475
0.483006
0.685145
0.914508
1.12291
1.4233
1.57283
2.10253
1.79976
3.29856
0.629435
6.71116
-6.26368
18.6012
-17.8726
5.86154
-6.39958
-0.713376
-3.21733
-1.83146
-2.10661
-1.60613
-1.45135
-1.15642
-0.945134
-0.715106
-0.510381
-0.305918
-0.109741
0.0874062
0.283396
0.487471
0.691542
0.920667
1.13065
1.42413
1.57682
2.07568
1.79739
3.18246
0.673518
6.36102
-5.90657
17.8283
-17.1238
5.52181
-6.06672
-0.747415
-3.10051
-1.82078
-2.07483
-1.60456
-1.44848
-1.16113
-0.949304
-0.720119
-0.514071
-0.308518
-0.110652
0.0879901
0.285659
0.490809
0.696184
0.92445
1.13496
1.42087
1.57487
2.04353
1.78635
3.06526
0.707195
6.02777
-5.56718
17.0793
-16.3983
5.19953
-5.75037
-0.77266
-2.98347
-1.80244
-2.03819
-1.59732
-1.44155
-1.16238
-0.951019
-0.7233
-0.516565
-0.31041
-0.111334
0.0883666
0.287238
0.492975
0.699021
0.925807
1.13585
1.41357
1.56728
2.00653
1.76767
2.94783
0.732084
5.71106
-5.24521
16.3537
-15.6957
4.89437
-5.45
-0.790472
-2.86698
-1.77746
-1.99721
-1.58478
-1.43069
-1.16023
-0.950263
-0.724623
-0.517831
-0.311575
-0.111778
0.088529
0.288114
0.493938
0.700027
0.92472
1.13337
1.40238
1.5544
1.9652
1.74235
2.83097
0.74955
5.41033
-4.94035
15.651
-15.0156
4.60596
-5.16492
-0.801983
-2.75171
-1.74678
-1.95241
-1.56734
-1.41609
-1.15477
-0.947054
-0.724085
-0.517855
-0.312003
-0.11198
0.0884727
0.288276
0.493684
0.699198
0.921207
1.1276
1.38745
1.53665
1.92006
1.71134
2.71533
0.760726
5.12491
-4.65222
14.9707
-14.3575
4.33387
-4.89439
-0.808124
-2.63825
-1.71133
-1.90434
-1.54545
-1.39797
-1.14614
-0.941445
-0.721705
-0.516636
-0.31169
-0.111937
0.0881959
0.287723
0.492214
0.696553
0.91532
1.11867
1.36903
1.51446
1.87167
1.67556
2.6015
0.766547
4.85406
-4.38038
14.3125
-13.7213
4.07759
-4.63764
-0.809657
-2.52703
-1.67193
-1.85356
-1.51957
-1.37659
-1.1345
-0.933518
-0.717527
-0.514192
-0.310642
-0.11165
0.0876993
0.28646
0.489543
0.692136
0.907139
1.10677
1.34737
1.48829
1.82057
1.63585
2.48994
0.767778
4.59701
-4.12432
13.6762
-13.1066
3.83653
-4.3939
-0.807206
-2.41841
-1.62933
-1.80058
-1.49018
-1.35225
-1.12005
-0.923382
-0.711614
-0.510552
-0.308876
-0.111124
0.086986
0.2845
0.485699
0.686006
0.896772
1.09208
1.32277
1.45862
1.76729
1.59295
2.38098
0.765046
4.35299
-3.88345
13.0615
-12.5132
3.61005
-4.16246
-0.80129
-2.31265
-1.58421
-1.74591
-1.45773
-1.32525
-1.10301
-0.911168
-0.704047
-0.50576
-0.306412
-0.110364
0.0860613
0.281867
0.480726
0.678244
0.884347
1.07482
1.29553
1.42592
1.71233
1.54754
2.27491
0.758871
4.12129
-3.65714
12.468
-11.9407
3.39747
-3.94261
-0.792347
-2.20994
-1.53716
-1.68999
-1.4227
-1.29592
-1.08363
-0.897027
-0.694924
-0.499872
-0.303283
-0.10938
0.0849329
0.278586
0.474676
0.668946
0.870014
1.05523
1.26597
1.39063
1.65614
1.50023
2.1719
0.749694
3.90122
-3.44469
11.8954
-11.3888
3.19806
-3.73374
-0.780757
-2.1104
-1.48872
-1.63327
-1.3855
-1.26458
-1.06215
-0.881123
-0.684355
-0.492954
-0.299523
-0.108184
0.0836105
0.274694
0.467615
0.658219
0.853934
1.03355
1.2344
1.3532
1.59915
1.45153
2.07209
0.737897
3.69214
-3.24538
11.3436
-10.8572
3.0111
-3.53525
-0.76686
-2.01411
-1.43934
-1.57611
-1.34656
-1.23153
-1.03882
-0.863634
-0.672462
-0.485082
-0.295176
-0.106791
0.0821054
0.27023
0.459615
0.646184
0.836283
1.01004
1.20115
1.31404
1.54174
1.40191
1.97554
0.723821
3.49349
-3.05848
10.8119
-10.3454
2.83582
-3.34663
-0.750967
-1.9211
-1.38941
-1.51886
-1.30627
-1.1971
-1.01389
-0.844742
-0.659376
-0.47634
-0.290289
-0.105214
0.0804305
0.265238
0.450757
0.632967
0.817241
0.984943
1.16653
1.27354
1.48425
1.35176
1.8823
0.707779
3.30473
-2.88325
10.3002
-9.85299
2.6715
-3.1674
-0.73337
-1.83138
-1.33928
-1.46182
-1.26498
-1.16157
-0.987632
-0.824634
-0.645233
-0.466815
-0.284912
-0.103473
0.0786
0.259767
0.441126
0.618703
0.796993
0.958522
1.13082
1.23205
1.427
1.30144
1.79238
0.690063
3.12538
-2.71892
9.80782
-9.3795
2.51739
-2.99711
-0.714349
-1.74495
-1.28925
-1.40527
-1.22303
-1.12524
-0.96028
-0.8035
-0.630173
-0.456601
-0.279102
-0.101585
0.0766292
0.253868
0.430813
0.603528
0.775725
0.931018
1.09431
1.18992
1.37026
1.25124
1.70577
0.670954
2.955
-2.56479
9.33441
-8.9244
2.37279
-2.83536
-0.694169
-1.66178
-1.23958
-1.34945
-1.18071
-1.08837
-0.932076
-0.781526
-0.614336
-0.445794
-0.272912
-0.0995689
0.0745339
0.247594
0.419911
0.587582
0.753624
0.90267
1.05728
1.14743
1.31425
1.20142
1.62245
0.650717
2.7932
-2.42012
8.87941
-8.48713
2.237
-2.68176
-0.673089
-1.58185
-1.19051
-1.29456
-1.13832
-1.05122
-0.903252
-0.758897
-0.597867
-0.434492
-0.266403
-0.0974455
0.0723309
0.241
0.408514
0.571005
0.730871
0.873706
1.01997
1.10489
1.2592
1.15222
1.5424
0.629612
2.63958
-2.28424
8.44227
-8.06711
2.10937
-2.53597
-0.651355
-1.50513
-1.14224
-1.24079
-1.0961
-1.014
-0.874026
-0.735793
-0.580903
-0.422792
-0.259632
-0.0952347
0.070037
0.234142
0.396717
0.553932
0.707643
0.844345
0.982608
1.06252
1.20528
1.10385
1.46559
0.607883
2.49379
-2.15648
8.02239
-7.66369
1.98925
-2.39764
-0.629203
-1.4316
-1.09494
-1.1883
-1.05428
-0.976957
-0.844607
-0.712385
-0.563584
-0.410792
-0.252659
-0.0929568
0.0676695
0.227074
0.384615
0.536501
0.684112
0.814794
0.945421
1.02057
1.15267
1.05647
1.39199
0.585767
2.35549
-2.0362
7.61914
-7.27624
1.87604
-2.26644
-0.606855
-1.36121
-1.04878
-1.13724
-1.01307
-0.940276
-0.81519
-0.688842
-0.546042
-0.398586
-0.245541
-0.090632
0.0652454
0.219853
0.3723
0.518842
0.660443
0.785247
0.908607
0.979244
1.1015
1.01026
1.32156
0.563485
2.22434
-1.92281
7.23187
-6.90407
1.76917
-2.14205
-0.584521
-1.29394
-1.00391
-1.08774
-0.972662
-0.904146
-0.785959
-0.66532
-0.528406
-0.386269
-0.238335
-0.0882801
0.0627819
0.212533
0.359864
0.501082
0.636792
0.755887
0.872351
0.938725
1.05192
0.965358
1.25429
0.541246
2.10004
-1.81573
6.8599
-6.54651
1.6681
-2.02418
-0.562395
-1.22977
-0.960449
-1.03991
-0.933218
-0.868738
-0.757086
-0.64197
-0.510801
-0.37393
-0.231097
-0.0859206
0.0602956
0.205167
0.347394
0.483344
0.613307
0.726884
0.836822
0.899187
1.00401
0.92189
1.19013
0.519243
1.98228
-1.71442
6.50256
-6.20285
1.57231
-1.91251
-0.540657
-1.16865
-0.918518
-0.993855
-0.894896
-0.834209
-0.72873
-0.618934
-0.493345
-0.361658
-0.223881
-0.0835722
0.057803
0.197806
0.334976
0.465743
0.59013
0.698398
0.802178
0.860783
0.957905
0.879974
1.12905
0.497656
1.87074
-1.61836
6.15913
-5.87239
1.48132
-1.80676
-0.519473
-1.11056
-0.878224
-0.949661
-0.857839
-0.800704
-0.701042
-0.596346
-0.47615
-0.349535
-0.216739
-0.0812529
0.0553202
0.190501
0.322692
0.448392
0.567393
0.670577
0.768562
0.823653
0.913675
0.839715
1.07103
0.476648
1.76516
-1.52708
5.82892
-5.55442
1.39468
-1.70666
-0.498994
-1.05547
-0.83966
-0.907415
-0.822174
-0.768356
-0.674158
-0.574331
-0.459323
-0.337641
-0.20972
-0.07898
0.0528627
0.1833
0.31062
0.431395
0.545221
0.643558
0.736105
0.787925
0.871408
0.801207
1.01603
0.456369
1.66523
-1.44012
5.51123
-5.24827
1.31196
-1.61192
-0.479356
-1.00336
-0.802915
-0.86719
-0.788018
-0.737286
-0.648209
-0.553007
-0.442965
-0.326053
-0.202873
-0.0767699
0.0504455
0.176249
0.298835
0.414851
0.52373
0.61747
0.704931
0.753715
0.831177
0.764536
0.964019
0.436955
1.57069
-1.35706
5.20535
-4.95323
1.23276
-1.52228
-0.460685
-0.954185
-0.768069
-0.829056
-0.755479
-0.70761
-0.623314
-0.532486
-0.427171
-0.314841
-0.196242
-0.0746382
0.0480833
0.169392
0.287407
0.398857
0.503031
0.59243
0.67515
0.721131
0.79305
0.729781
0.914978
0.418529
1.48127
-1.27751
4.91061
-4.66866
1.15672
-1.43752
-0.443096
-0.907936
-0.735196
-0.793076
-0.724658
-0.679431
-0.599584
-0.512869
-0.412029
-0.304074
-0.189869
-0.0725994
0.04579
0.162771
0.276404
0.383499
0.483226
0.568551
0.646869
0.690269
0.757089
0.697015
0.868876
0.401204
1.39674
-1.20109
4.62634
-4.39391
1.08349
-1.35738
-0.426694
-0.864587
-0.704365
-0.759312
-0.695646
-0.652847
-0.577124
-0.494255
-0.397626
-0.293817
-0.183796
-0.0706674
0.043579
0.156426
0.265889
0.368863
0.464412
0.545936
0.620183
0.661224
0.723355
0.666306
0.825692
0.385085
1.31686
-1.12746
4.35191
-4.1284
1.01275
-1.28167
-0.411577
-0.824123
-0.675645
-0.727822
-0.668532
-0.627953
-0.556031
-0.476734
-0.384038
-0.284129
-0.17806
-0.068855
0.0414633
0.150395
0.255924
0.355027
0.44668
0.524682
0.595185
0.63408
0.691903
0.63772
0.785408
0.370268
1.24141
-1.05631
4.08672
-3.87156
0.944213
-1.21019
-0.397839
-0.786535
-0.649102
-0.698663
-0.6434
-0.604833
-0.536398
-0.460393
-0.371343
-0.275068
-0.172697
-0.0671744
0.0394552
0.144715
0.246566
0.342065
0.430115
0.504881
0.57196
0.608921
0.662791
0.611321
0.748013
0.356845
1.17021
-0.987344
3.83022
-3.62288
0.877608
-1.14278
-0.385571
-0.751821
-0.6248
-0.671894
-0.62033
-0.583573
-0.518312
-0.445313
-0.359609
-0.266687
-0.167741
-0.0656367
0.0375666
0.139419
0.237868
0.330049
0.414799
0.486618
0.550592
0.585827
0.636074
0.587174
0.713503
0.344905
1.10309
-0.920295
3.58189
-3.38193
0.812697
-1.07928
-0.374862
-0.719987
-0.60281
-0.647574
-0.599402
-0.564252
-0.501856
-0.43157
-0.348903
-0.259037
-0.163223
-0.0642523
0.0358088
0.13454
0.229882
0.319045
0.400808
0.469978
0.53116
0.564875
0.611812
0.565344
0.681883
0.334536
1.0399
-0.854926
3.3413
-3.14834
0.749267
-1.01961
-0.365805
-0.691054
-0.583201
-0.625766
-0.580694
-0.54695
-0.487109
-0.419237
-0.339288
-0.252166
-0.159173
-0.0630309
0.0341929
0.130109
0.222657
0.309117
0.388216
0.455039
0.513743
0.546142
0.590064
0.545903
0.653173
0.325827
0.980541
-0.791027
3.10807
-2.92181
0.687133
-0.963669
-0.358492
-0.665052
-0.566052
-0.606537
-0.564285
-0.531742
-0.474148
-0.408384
-0.330823
-0.246118
-0.155619
-0.0619816
0.0327291
0.126156
0.216238
0.300324
0.377091
0.441878
0.498415
0.529708
0.570896
0.528923
0.6274
0.318873
0.924925
-0.728412
2.88193
-2.70218
0.62614
-0.911431
-0.353027
-0.642028
-0.551443
-0.589957
-0.550256
-0.518706
-0.463048
-0.399078
-0.323565
-0.240936
-0.152588
-0.0611125
0.0314275
0.122707
0.210669
0.292723
0.367502
0.430569
0.485253
0.515649
0.554378
0.514487
0.604609
0.313771
0.873017
-0.666929
2.66268
-2.48938
0.566164
-0.862896
-0.349515
-0.622042
-0.539465
-0.576104
-0.538688
-0.507917
-0.453881
-0.391382
-0.317567
-0.236661
-0.150103
-0.0604314
0.0302974
0.119789
0.205991
0.28637
0.359512
0.421184
0.474332
0.504048
0.540584
0.502683
0.58486
0.310628
0.824821
-0.606454
2.45028
-2.28349
0.507115
-0.818115
-0.348074
-0.605173
-0.530217
-0.565059
-0.529665
-0.499452
-0.446716
-0.385357
-0.312879
-0.233328
-0.148188
-0.0599451
0.0293479
0.117426
0.202243
0.281315
0.353183
0.413794
0.465727
0.494987
0.529596
0.493607
0.56823
0.30956
0.780384
-0.546899
2.24479
-2.08477
0.44894
-0.777185
-0.348832
-0.591516
-0.523805
-0.556912
-0.523274
-0.493385
-0.441623
-0.381061
-0.309548
-0.230972
-0.146862
-0.0596601
0.0285874
0.115642
0.199462
0.277607
0.348574
0.408466
0.459515
0.488552
0.521502
0.487365
0.554811
0.310692
0.739805
-0.488213
2.04648
-1.89365
0.391631
-0.740259
-0.351929
-0.581184
-0.520346
-0.551758
-0.519603
-0.489793
-0.438669
-0.37855
-0.307619
-0.229627
-0.146146
-0.059582
0.0280238
0.114457
0.19768
0.275292
0.345741
0.405268
0.455769
0.48483
0.516395
0.484071
0.544717
0.314164
0.703235
-0.430386
1.85579
-1.71083
0.335227
-0.707544
-0.357518
-0.574307
-0.519965
-0.549696
-0.518743
-0.488751
-0.437916
-0.377877
-0.307134
-0.229321
-0.146057
-0.059716
0.0276642
0.113891
0.19693
0.274412
0.344737
0.404265
0.454564
0.483911
0.514373
0.483849
0.538075
0.320127
0.670882
-0.37346
1.67341
-1.53727
0.279825
-0.679305
-0.365767
-0.571032
-0.522796
-0.550831
-0.520784
-0.490331
-0.439428
-0.379089
-0.308129
-0.23008
-0.146611
-0.0600665
0.0275151
0.113961
0.197239
0.275005
0.345611
0.405517
0.455975
0.485884
0.515541
0.486832
0.53503
0.328746
0.643011
-0.317533
1.5003
-1.37428
0.225598
-0.655868
-0.376858
-0.571521
-0.528982
-0.555273
-0.525819
-0.494608
-0.443261
-0.382233
-0.310639
-0.231928
-0.14782
-0.0606372
0.0275824
0.114683
0.198632
0.277108
0.34841
0.409083
0.460072
0.490843
0.520006
0.493161
0.535745
0.340204
0.619948
-0.262779
1.33779
-1.2236
0.172824
-0.637628
-0.390985
-0.575952
-0.538671
-0.563133
-0.533941
-0.501649
-0.449471
-0.387348
-0.314694
-0.234886
-0.149696
-0.0614314
0.0278709
0.11607
0.201131
0.280751
0.353174
0.415018
0.466924
0.498876
0.527879
0.502983
0.540396
0.354694
0.602089
-0.209475
1.18759
-1.08742
0.121939
-0.625031
-0.408327
-0.584489
-0.551992
-0.5745
-0.545217
-0.511503
-0.458093
-0.394459
-0.320309
-0.238962
-0.152245
-0.0624499
0.0283834
0.118127
0.204746
0.28595
0.359929
0.423357
0.476581
0.510055
0.539247
0.516427
0.549146
0.372392
0.58988
-0.15806
1.05193
-0.968354
0.0734125
-0.618468
-0.429078
-0.59725
-0.569049
-0.589425
-0.559686
-0.524186
-0.469133
-0.403565
-0.327481
-0.244153
-0.155462
-0.0636906
0.0291197
0.120854
0.209475
0.292704
0.368673
0.434107
0.489056
0.524413
0.554162
0.533593
0.562111
0.39349
0.583714
-0.109004
0.933408
-0.869577
0.0274265
-0.618533
-0.453889
-0.614647
-0.590301
-0.608259
-0.577672
-0.539962
-0.482813
-0.414842
-0.336345
-0.250552
-0.159404
-0.0651733
0.0300971
0.124305
0.21541
0.301145
0.379581
0.447487
0.504611
0.542274
0.572969
0.55494
0.579703
0.418642
0.584188
-0.0624843
0.835212
-0.798589
-0.0130413
-0.628594
-0.483572
-0.638502
-0.617013
-0.632323
-0.600285
-0.559816
-0.499955
-0.428959
-0.347418
-0.25853
-0.164296
-0.0669786
0.031377
0.128684
0.222902
0.311771
0.393306
0.464303
0.52422
0.564737
0.596985
0.581731
0.603748
0.448664
0.594689
-0.0214608
0.764878
-0.771655
-0.0289388
-0.655644
-0.509075
-0.667514
-0.643974
-0.658198
-0.623545
-0.580369
-0.517441
-0.443307
-0.358589
-0.266546
-0.169187
-0.0687718
0.0326759
0.133093
0.230458
0.322518
0.407276
0.481472
0.544528
0.587838
0.622802
0.608739
0.632935
0.474454
0.622175
-0.00506034
0.738595
-73.482
82.457
-58.6149
29.5155
-15.8659
5.8308
-3.82889
0.663734
-1.17108
-0.223811
-0.508505
-0.263417
-0.254284
-0.146212
-0.0857556
-68.029
69.9372
-47.421
22.5054
-12.4541
4.24297
-3.21161
0.366037
-1.0897
-0.285295
-0.509598
-0.281117
-0.261295
-0.151802
-0.0873208
-64.225
61.077
-40.2855
18.4216
-10.6311
3.40237
-2.91339
0.204254
-1.06053
-0.32394
-0.517745
-0.294769
-0.268828
-0.156537
-0.0889453
-60.7571
53.8111
-34.8661
15.4441
-9.33164
2.77695
-2.69777
0.0721676
-1.04111
-0.359842
-0.526333
-0.308476
-0.276135
-0.161376
-0.0904275
-57.5274
47.4332
-30.3823
13.0327
-8.29399
2.25659
-2.52415
-0.0473427
-1.02689
-0.395758
-0.535497
-0.322929
-0.283562
-0.166549
-0.0918532
-54.5524
41.8749
-26.7336
11.1
-7.47932
1.8276
-2.38846
-0.15467
-1.01844
-0.431111
-0.545645
-0.337902
-0.29124
-0.171999
-0.0932676
-51.8105
37.0734
-23.8118
9.55353
-6.8433
1.47096
-2.28349
-0.251873
-1.01523
-0.465836
-0.556843
-0.353279
-0.299201
-0.177682
-0.0946893
-49.2752
32.9371
-21.4838
8.29706
-6.34243
1.16742
-2.20207
-0.341417
-1.0165
-0.500107
-0.569083
-0.369024
-0.307474
-0.183578
-0.0961319
-46.9245
29.3807
-19.6321
7.2554
-5.94452
0.902435
-2.13908
-0.425145
-1.02167
-0.534075
-0.58235
-0.385117
-0.316078
-0.189671
-0.0976058
-44.7397
26.329
-18.1579
6.37213
-5.62604
0.665253
-2.09102
-0.504436
-1.03029
-0.567855
-0.596615
-0.401538
-0.32502
-0.195945
-0.0991184
-42.7045
23.7142
-16.9771
5.60523
-5.36939
0.447944
-2.05543
-0.580364
-1.04201
-0.601544
-0.611844
-0.418269
-0.334303
-0.202386
-0.100674
-40.8041
21.4754
-16.0194
4.92428
-5.16124
0.244849
-2.03064
-0.653776
-1.05656
-0.635215
-0.627992
-0.43529
-0.343917
-0.208977
-0.102275
-39.0255
19.5575
-15.2271
4.30823
-4.99136
0.0521328
-2.0154
-0.725335
-1.07369
-0.668925
-0.645008
-0.452578
-0.35385
-0.215702
-0.103921
-37.3568
17.9117
-14.5534
3.7432
-4.85169
-0.132589
-2.00869
-0.795532
-1.09322
-0.702707
-0.662833
-0.470107
-0.364078
-0.222543
-0.10561
-35.7875
16.4947
-13.9619
3.22068
-4.73564
-0.310573
-2.00955
-0.864695
-1.11495
-0.736571
-0.681398
-0.487842
-0.374576
-0.229481
-0.107338
-34.3079
15.2684
-13.4246
2.73592
-4.63766
-0.482242
-2.01702
-0.932983
-1.13866
-0.770497
-0.70062
-0.505739
-0.385306
-0.236494
-0.109099
-32.9093
14.2
-12.9211
2.28674
-4.55303
-0.647361
-2.03003
-1.00039
-1.16411
-0.80443
-0.720403
-0.523747
-0.396226
-0.243556
-0.110887
-31.5839
13.2613
-12.437
1.87239
-4.47758
-0.805249
-2.04743
-1.06675
-1.191
-0.838279
-0.74063
-0.5418
-0.407285
-0.250637
-0.112691
-30.3246
12.4282
-11.963
1.49286
-4.4077
-0.954952
-2.06794
-1.13175
-1.21897
-0.871907
-0.761167
-0.559821
-0.418425
-0.257707
-0.114502
-29.125
11.6811
-11.4935
1.14824
-4.34024
-1.09544
-2.09025
-1.19496
-1.24762
-0.905136
-0.781854
-0.577719
-0.429578
-0.264727
-0.116307
-27.9794
11.0034
-11.0263
0.838437
-4.27254
-1.22561
-2.11305
-1.25585
-1.27648
-0.937747
-0.802512
-0.595389
-0.440669
-0.271658
-0.118092
-26.8829
10.3821
-10.5609
0.562915
-4.20246
-1.34447
-2.13504
-1.31382
-1.30505
-0.969484
-0.822941
-0.612711
-0.451614
-0.278455
-0.119843
-25.8309
9.80663
-10.0985
0.320614
-4.12838
-1.45119
-2.15502
-1.36827
-1.3328
-1.00006
-0.842923
-0.629556
-0.462323
-0.28507
-0.121543
-24.8195
9.26896
-9.64093
0.109956
-4.04917
-1.54515
-2.17187
-1.41858
-1.3592
-1.02917
-0.862225
-0.645781
-0.472699
-0.291452
-0.123174
-23.8455
8.76295
-9.19065
-0.0710844
-3.96417
-1.62598
-2.18466
-1.46416
-1.38372
-1.05651
-0.880608
-0.661238
-0.482642
-0.297546
-0.12472
-22.9059
8.28409
-8.75003
-0.224876
-3.87316
-1.69354
-2.19261
-1.50452
-1.40585
-1.08174
-0.897829
-0.675775
-0.492049
-0.303298
-0.126162
-21.9982
7.82913
-8.32127
-0.354006
-3.77628
-1.74796
-2.19514
-1.53922
-1.42515
-1.10458
-0.913651
-0.689239
-0.500814
-0.308653
-0.12748
-21.1204
7.39582
-7.90626
-0.461154
-3.67399
-1.78961
-2.19186
-1.56795
-1.44122
-1.12475
-0.927848
-0.701482
-0.508836
-0.313554
-0.128657
-20.2707
6.98264
-7.50646
-0.548983
-3.56698
-1.81905
-2.18257
-1.59049
-1.45372
-1.14201
-0.940212
-0.712364
-0.516017
-0.317948
-0.129675
-19.4477
6.58861
-7.12286
-0.620041
-3.45607
-1.83702
-2.16723
-1.60676
-1.46241
-1.15615
-0.950559
-0.721757
-0.522267
-0.321787
-0.130517
-18.6504
6.21308
-6.75607
-0.676689
-3.34219
-1.84437
-2.146
-1.61676
-1.46711
-1.16701
-0.958735
-0.729549
-0.527503
-0.325024
-0.131169
-17.8776
5.85563
-6.40628
-0.721059
-3.2263
-1.84207
-2.11911
-1.62062
-1.46774
-1.17451
-0.964615
-0.735645
-0.531655
-0.327619
-0.131617
-17.1288
5.51592
-6.07339
-0.755024
-3.10933
-1.83112
-2.08694
-1.61855
-1.46428
-1.17857
-0.968113
-0.739976
-0.534664
-0.32954
-0.13185
-16.4034
5.19366
-5.75701
-0.780196
-2.99214
-1.81254
-2.04995
-1.61084
-1.4568
-1.17921
-0.969176
-0.742489
-0.536487
-0.330761
-0.131859
-15.7007
4.88853
-5.45659
-0.797936
-2.87551
-1.78732
-2.00862
-1.59786
-1.44542
-1.17647
-0.96779
-0.743161
-0.537094
-0.331263
-0.131638
-15.0205
4.60017
-5.17147
-0.809374
-2.76012
-1.75644
-1.96351
-1.58001
-1.43032
-1.17045
-0.963973
-0.74199
-0.536472
-0.331038
-0.131184
-14.3625
4.32813
-4.90089
-0.815439
-2.64652
-1.72078
-1.91515
-1.55773
-1.41172
-1.16127
-0.957778
-0.738995
-0.534623
-0.330085
-0.130496
-13.7262
4.07189
-4.64408
-0.816894
-2.53518
-1.68119
-1.86409
-1.53149
-1.3899
-1.14912
-0.949287
-0.734221
-0.531564
-0.328411
-0.129578
-13.1115
3.83089
-4.40028
-0.814363
-2.42644
-1.6384
-1.81085
-1.50175
-1.36513
-1.13418
-0.938609
-0.727732
-0.527326
-0.326033
-0.128433
-12.5181
3.60446
-4.16877
-0.808363
-2.32057
-1.59311
-1.75593
-1.46898
-1.33773
-1.11667
-0.925875
-0.719608
-0.521953
-0.322973
-0.127071
-11.9455
3.39194
-3.94886
-0.799335
-2.21774
-1.5459
-1.69978
-1.43363
-1.30802
-1.09684
-0.911235
-0.709947
-0.515503
-0.319264
-0.1255
-11.3936
3.19259
-3.73991
-0.787657
-2.11809
-1.49729
-1.64283
-1.39614
-1.27631
-1.07493
-0.894853
-0.698861
-0.508041
-0.314943
-0.123735
-10.8619
3.00568
-3.54135
-0.773671
-2.02168
-1.44775
-1.58545
-1.35692
-1.24292
-1.05119
-0.876905
-0.686471
-0.499644
-0.310052
-0.121789
-10.3501
2.83047
-3.35266
-0.757688
-1.92855
-1.39766
-1.528
-1.31636
-1.20816
-1.02588
-0.857574
-0.672906
-0.490395
-0.304638
-0.119678
-9.85763
2.6662
-3.17335
-0.74
-1.83872
-1.34738
-1.47076
-1.27481
-1.17232
-0.999251
-0.837046
-0.658303
-0.480382
-0.298755
-0.11742
-9.38411
2.51215
-3.00299
-0.720888
-1.75217
-1.2972
-1.41402
-1.23261
-1.13568
-0.971543
-0.815509
-0.642802
-0.469699
-0.292455
-0.115034
-8.92897
2.36761
-2.84117
-0.700619
-1.66889
-1.24739
-1.35801
-1.19007
-1.09853
-0.943001
-0.793151
-0.626544
-0.458442
-0.285795
-0.112539
-8.49167
2.23187
-2.6875
-0.67945
-1.58885
-1.19818
-1.30294
-1.14745
-1.06109
-0.913853
-0.770155
-0.60967
-0.446707
-0.278834
-0.109955
-8.07161
2.10429
-2.54164
-0.657629
-1.51202
-1.14977
-1.24899
-1.10501
-1.02362
-0.884318
-0.746699
-0.592319
-0.434593
-0.271629
-0.107302
-7.66817
1.98422
-2.40324
-0.635391
-1.43838
-1.10234
-1.19634
-1.06298
-0.98632
-0.854603
-0.722956
-0.57463
-0.422196
-0.26424
-0.1046
-7.28068
1.87106
-2.27198
-0.612959
-1.36789
-1.05605
-1.14512
-1.02157
-0.949397
-0.824904
-0.699092
-0.556734
-0.409611
-0.256725
-0.10187
-6.90849
1.76423
-2.14753
-0.590544
-1.30052
-1.01105
-1.09546
-0.980968
-0.913037
-0.795404
-0.675264
-0.538762
-0.396932
-0.249139
-0.0991303
-6.5509
1.6632
-2.02959
-0.56834
-1.23624
-0.967464
-1.04748
-0.94134
-0.877408
-0.766273
-0.651623
-0.520835
-0.384248
-0.241538
-0.0964006
-6.20721
1.56745
-1.91787
-0.546527
-1.17503
-0.925416
-1.00127
-0.902841
-0.842668
-0.737673
-0.628309
-0.503072
-0.371646
-0.233977
-0.0936993
-5.87673
1.4765
-1.81207
-0.525271
-1.11685
-0.885007
-0.956941
-0.865614
-0.808962
-0.70975
-0.605456
-0.485586
-0.35921
-0.226506
-0.0910441
-5.55874
1.3899
-1.71191
-0.504722
-1.06167
-0.846333
-0.914561
-0.829787
-0.776421
-0.682645
-0.58319
-0.468482
-0.347018
-0.219176
-0.088452
-5.25256
1.30721
-1.61712
-0.485018
-1.00947
-0.809483
-0.874207
-0.795476
-0.745169
-0.656484
-0.561628
-0.45186
-0.335147
-0.212032
-0.0859389
-4.95751
1.22805
-1.52744
-0.466284
-0.960221
-0.774537
-0.83595
-0.76279
-0.715318
-0.631388
-0.540879
-0.435816
-0.323667
-0.20512
-0.0835202
-4.67292
1.15204
-1.44263
-0.448635
-0.913895
-0.741568
-0.799854
-0.731828
-0.686974
-0.607467
-0.521048
-0.420439
-0.312647
-0.198482
-0.0812101
-4.39815
1.07884
-1.36245
-0.432175
-0.870473
-0.710647
-0.765979
-0.702684
-0.660234
-0.584827
-0.502231
-0.405812
-0.302149
-0.192158
-0.0790221
-4.13262
1.00813
-1.2867
-0.417005
-0.829941
-0.681841
-0.734383
-0.675444
-0.635191
-0.563564
-0.484519
-0.392015
-0.292236
-0.186186
-0.0769686
-3.87576
0.939618
-1.21518
-0.403217
-0.792288
-0.655216
-0.705126
-0.650193
-0.611933
-0.543771
-0.467997
-0.379121
-0.282962
-0.180602
-0.0750615
-3.62707
0.873038
-1.14773
-0.390901
-0.757512
-0.630839
-0.678263
-0.627011
-0.590541
-0.525534
-0.452747
-0.367201
-0.274382
-0.175438
-0.0733116
-3.3861
0.80815
-1.08421
-0.380149
-0.725622
-0.608777
-0.653856
-0.605978
-0.571097
-0.508936
-0.438846
-0.356322
-0.266546
-0.170726
-0.071729
-3.15249
0.744741
-1.0245
-0.37105
-0.696636
-0.589102
-0.631967
-0.587172
-0.55368
-0.494057
-0.426365
-0.346545
-0.259501
-0.166496
-0.0703231
-2.92596
0.682627
-0.968535
-0.3637
-0.670585
-0.57189
-0.612662
-0.570673
-0.538366
-0.480974
-0.415374
-0.337929
-0.253292
-0.162775
-0.0691027
-2.70631
0.621652
-0.916271
-0.3582
-0.647516
-0.557225
-0.596012
-0.556559
-0.52523
-0.46976
-0.40594
-0.330531
-0.247961
-0.159589
-0.0680757
-2.4935
0.561692
-0.867713
-0.354657
-0.627489
-0.545195
-0.582094
-0.544914
-0.51435
-0.460488
-0.398127
-0.324404
-0.243547
-0.156962
-0.0672494
-2.2876
0.502657
-0.822912
-0.353188
-0.610583
-0.5359
-0.570991
-0.53582
-0.505801
-0.453228
-0.391994
-0.319598
-0.240088
-0.154917
-0.0666306
-2.08887
0.444495
-0.781964
-0.353921
-0.596893
-0.529446
-0.562791
-0.529365
-0.499659
-0.448047
-0.3876
-0.31616
-0.237618
-0.153474
-0.0662254
-1.89774
0.387197
-0.745023
-0.356997
-0.586533
-0.52595
-0.55759
-0.525637
-0.495999
-0.445014
-0.385001
-0.314135
-0.236169
-0.152652
-0.0660393
-1.71491
0.330802
-0.712294
-0.362568
-0.579631
-0.525536
-0.555487
-0.524726
-0.494896
-0.444191
-0.384248
-0.313562
-0.23577
-0.152469
-0.0660771
-1.54134
0.275407
-0.684045
-0.370802
-0.576335
-0.52834
-0.556587
-0.526723
-0.496424
-0.445641
-0.38539
-0.314481
-0.236447
-0.152939
-0.0663429
-1.37835
0.221185
-0.660601
-0.381882
-0.576808
-0.534503
-0.561
-0.531721
-0.500654
-0.449421
-0.388473
-0.316924
-0.238224
-0.154077
-0.0668405
-1.22766
0.168414
-0.642357
-0.396001
-0.581227
-0.544174
-0.568835
-0.539811
-0.507657
-0.455585
-0.393536
-0.320921
-0.24112
-0.155892
-0.0675726
-1.09148
0.117529
-0.629758
-0.41334
-0.589757
-0.557484
-0.580185
-0.551064
-0.517481
-0.46417
-0.400604
-0.326488
-0.245145
-0.158389
-0.0685399
-0.972418
0.069002
-0.623196
-0.43409
-0.602515
-0.574533
-0.595098
-0.565515
-0.53014
-0.475181
-0.409675
-0.333622
-0.250294
-0.161565
-0.0697402
-0.873641
0.0230128
-0.623265
-0.458905
-0.619913
-0.595783
-0.613925
-0.58349
-0.5459
-0.488841
-0.420927
-0.342457
-0.256662
-0.165477
-0.0711929
-0.802655
-0.01746
-0.633332
-0.488594
-0.643773
-0.622498
-0.637988
-0.606098
-0.565746
-0.50597
-0.435028
-0.35351
-0.264617
-0.170346
-0.0729781
-0.775723
-0.0333636
-0.660391
-0.514107
-0.672794
-0.649466
-0.663868
-0.629359
-0.586296
-0.52345
-0.449366
-0.364669
-0.272618
-0.175223
-0.0747599
)
;

boundaryField
{
    movingWall
    {
        type            zeroGradient;
    }
    Inlet
    {
        type            cyclic;
    }
    Outlet
    {
        type            cyclic;
    }
    Bottom
    {
        type            zeroGradient;
    }
    frontAndBack
    {
        type            empty;
    }
}


// ************************************************************************* //
