/*--------------------------------*- C++ -*----------------------------------*\
| =========                 |                                                 |
| \\      /  F ield         | OpenFOAM: The Open Source CFD Toolbox           |
|  \\    /   O peration     | Version:  5.x                                   |
|   \\  /    A nd           | Web:      www.OpenFOAM.org                      |
|    \\/     M anipulation  |                                                 |
\*---------------------------------------------------------------------------*/
FoamFile
{
    version     2.0;
    format      ascii;
    class       volVectorField;
    location    "0.01";
    object      wallShearStress;
}
// * * * * * * * * * * * * * * * * * * * * * * * * * * * * * * * * * * * * * //

dimensions      [0 2 -2 0 0 0 0];

internalField   uniform (0 0 0);

boundaryField
{
    movingWall
    {
        type            calculated;
        value           uniform (0 0 0);
    }
    Inlet
    {
        type            cyclic;
    }
    Outlet
    {
        type            cyclic;
    }
    Bottom
    {
        type            calculated;
        value           nonuniform List<vector> 
90
(
(0.322932 0.0166344 1.17549e-38)
(0.326234 0.0500951 -1.87304e-20)
(0.311454 0.082308 1.11981e-19)
(0.336291 0.122915 -7.52316e-37)
(0.26666 0.140521 2.91617e-19)
(0.400596 0.228715 -6.40894e-20)
(0.0889518 0.137593 1.51474e-18)
(0.714235 0.500537 -1.67492e-20)
(-0.608867 -0.199074 5.19061e-18)
(1.99274 1.49555 -3.61112e-35)
(-3.03205 -1.80951 1.00399e-19)
(5.62935 4.24643 -2.08381e-17)
(-7.09726 -3.78775 -4.11668e-33)
(7.18121 2.01204 2.90233e-17)
(-6.69269 3.14368 1.43519e-17)
(-6.69165 -3.16038 6.98959e-18)
(7.1811 -2.0106 2.90102e-17)
(-7.09738 3.78727 -1.10741e-33)
(5.62929 -4.2468 1.04548e-19)
(-3.0318 1.80918 1.13113e-17)
(1.99268 -1.49564 1.67973e-20)
(-0.608663 0.198912 -2.23231e-19)
(0.714243 -0.500581 9.76977e-19)
(0.089075 -0.137667 3.14031e-18)
(0.400634 -0.228747 0)
(0.266728 -0.140553 3.21157e-19)
(0.336328 -0.122931 -1.95185e-21)
(0.311491 -0.082318 1.46298e-19)
(0.326259 -0.0501012 1.79425e-21)
(0.322971 -0.0166342 8.87433e-21)
(0.322967 0.0166341 -2.27646e-22)
(0.326253 0.0501001 -1.66169e-21)
(0.311477 0.0823139 1.32741e-19)
(0.33632 0.122925 1.44479e-19)
(0.266696 0.140536 -2.82119e-37)
(0.40064 0.228733 1.21826e-19)
(0.0890059 0.137612 2.82717e-20)
(0.714292 0.500554 1.75787e-20)
(-0.608823 -0.199059 5.20229e-18)
(1.99273 1.49557 -4.09919e-18)
(-3.03212 -1.80947 -1.44445e-34)
(5.6292 4.24647 2.13326e-17)
(-7.09746 -3.78766 -1.27593e-33)
(7.18083 2.01208 1.50463e-36)
(-6.69283 3.144 1.43532e-17)
(-6.69181 -3.16013 6.98941e-18)
(7.181 -2.01061 2.90099e-17)
(-7.09734 3.78725 9.50928e-34)
(5.62929 -4.24678 -8.46356e-37)
(-3.03178 1.80918 6.49496e-20)
(1.99269 -1.49564 -4.15228e-18)
(-0.608648 0.198915 1.06848e-17)
(0.714249 -0.50058 9.79273e-22)
(0.0890813 -0.137666 4.83191e-21)
(0.400638 -0.228747 -7.17356e-21)
(0.266731 -0.140553 -3.20303e-19)
(0.33633 -0.122931 -1.93776e-21)
(0.311493 -0.0823178 1.46074e-19)
(0.326261 -0.0501011 -1.07364e-19)
(0.322973 -0.0166343 5.3628e-22)
(0.32297 0.0166341 2.58265e-21)
(0.326256 0.0500999 -6.48112e-20)
(0.31148 0.0823141 1.33804e-19)
(0.336324 0.122925 1.79169e-21)
(0.266701 0.140536 -3.11055e-19)
(0.400649 0.228733 7.03349e-21)
(0.0890209 0.137613 -4.82636e-21)
(0.71431 0.500553 -8.43798e-22)
(-0.608803 -0.199063 2.0822e-19)
(1.99275 1.49557 2.40741e-35)
(-3.03213 -1.80948 -1.14049e-17)
(5.6292 4.24648 2.07107e-17)
(-7.09752 -3.78767 4.10792e-17)
(7.1807 2.01207 -2.90173e-17)
(-6.69307 3.14425 -7.36601e-18)
(-6.69209 -3.15983 -7.44084e-18)
(7.18066 -2.0106 7.22594e-20)
(-7.09761 3.78731 4.13321e-17)
(5.62916 -4.24675 -2.2032e-19)
(-3.03188 1.80924 -1.14359e-17)
(1.99267 -1.49558 -4.33334e-34)
(-0.608643 0.198965 1.07809e-17)
(0.71426 -0.500541 0)
(0.0890765 -0.137637 -9.40395e-38)
(0.400617 -0.228724 -3.24168e-21)
(0.266698 -0.140533 -3.38534e-19)
(0.33629 -0.122915 1.50463e-36)
(0.311447 -0.0823049 8.63276e-22)
(0.32621 -0.0500922 -1.13237e-21)
(0.322919 -0.0166319 1.46937e-39)
)
;
    }
    frontAndBack
    {
        type            empty;
    }
}


// ************************************************************************* //
