/*--------------------------------*- C++ -*----------------------------------*\
| =========                 |                                                 |
| \\      /  F ield         | OpenFOAM: The Open Source CFD Toolbox           |
|  \\    /   O peration     | Version:  5.x                                   |
|   \\  /    A nd           | Web:      www.OpenFOAM.org                      |
|    \\/     M anipulation  |                                                 |
\*---------------------------------------------------------------------------*/
FoamFile
{
    version     2.0;
    format      ascii;
    class       vectorField;
    location    "constant/polyMesh";
    object      points;
}
// * * * * * * * * * * * * * * * * * * * * * * * * * * * * * * * * * * * * * //


1122
(
(0 0 0)
(0.0004 0 0)
(0.0008 0 0)
(0.0012 0 0)
(0.0016 0 0)
(0.002 0 0)
(0.0024 0 0)
(0.0028 0 0)
(0.0032 0 0)
(0.0036 0 0)
(0.004 0 0)
(0.0044 0 0)
(0.0048 0 0)
(0.0052 0 0)
(0.0056 0 0)
(0.006 0 0)
(0.0064 0 0)
(0.0068 0 0)
(0.0072 0 0)
(0.0076 0 0)
(0.008 0 0)
(0.0084 0 0)
(0.0088 0 0)
(0.0092 0 0)
(0.0096 0 0)
(0.01 0 0)
(0.0104 0 0)
(0.0108 0 0)
(0.0112 0 0)
(0.0116 0 0)
(0.012 0 0)
(0.0124 0 0)
(0.0128 0 0)
(0.0132 0 0)
(0.0136 0 0)
(0.014 0 0)
(0.0144 0 0)
(0.0148 0 0)
(0.0152 0 0)
(0.0156 0 0)
(0.016 0 0)
(0.0164 0 0)
(0.0168 0 0)
(0.0172 0 0)
(0.0176 0 0)
(0.018 0 0)
(0.0184 0 0)
(0.0188 0 0)
(0.0192 0 0)
(0.0196 0 0)
(0.02 0 0)
(0 0.0004 0)
(0.0004 0.0004 0)
(0.0008 0.0004 0)
(0.0012 0.0004 0)
(0.0016 0.0004 0)
(0.002 0.0004 0)
(0.0024 0.0004 0)
(0.0028 0.0004 0)
(0.0032 0.0004 0)
(0.0036 0.0004 0)
(0.004 0.0004 0)
(0.0044 0.0004 0)
(0.0048 0.0004 0)
(0.0052 0.0004 0)
(0.0056 0.0004 0)
(0.006 0.0004 0)
(0.0064 0.0004 0)
(0.0068 0.0004 0)
(0.0072 0.0004 0)
(0.0076 0.0004 0)
(0.008 0.0004 0)
(0.0084 0.0004 0)
(0.0088 0.0004 0)
(0.0092 0.0004 0)
(0.0096 0.0004 0)
(0.01 0.0004 0)
(0.0104 0.0004 0)
(0.0108 0.0004 0)
(0.0112 0.0004 0)
(0.0116 0.0004 0)
(0.012 0.0004 0)
(0.0124 0.0004 0)
(0.0128 0.0004 0)
(0.0132 0.0004 0)
(0.0136 0.0004 0)
(0.014 0.0004 0)
(0.0144 0.0004 0)
(0.0148 0.0004 0)
(0.0152 0.0004 0)
(0.0156 0.0004 0)
(0.016 0.0004 0)
(0.0164 0.0004 0)
(0.0168 0.0004 0)
(0.0172 0.0004 0)
(0.0176 0.0004 0)
(0.018 0.0004 0)
(0.0184 0.0004 0)
(0.0188 0.0004 0)
(0.0192 0.0004 0)
(0.0196 0.0004 0)
(0.02 0.0004 0)
(0 0.0008 0)
(0.0004 0.0008 0)
(0.0008 0.0008 0)
(0.0012 0.0008 0)
(0.0016 0.0008 0)
(0.002 0.0008 0)
(0.0024 0.0008 0)
(0.0028 0.0008 0)
(0.0032 0.0008 0)
(0.0036 0.0008 0)
(0.004 0.0008 0)
(0.0044 0.0008 0)
(0.0048 0.0008 0)
(0.0052 0.0008 0)
(0.0056 0.0008 0)
(0.006 0.0008 0)
(0.0064 0.0008 0)
(0.0068 0.0008 0)
(0.0072 0.0008 0)
(0.0076 0.0008 0)
(0.008 0.0008 0)
(0.0084 0.0008 0)
(0.0088 0.0008 0)
(0.0092 0.0008 0)
(0.0096 0.0008 0)
(0.01 0.0008 0)
(0.0104 0.0008 0)
(0.0108 0.0008 0)
(0.0112 0.0008 0)
(0.0116 0.0008 0)
(0.012 0.0008 0)
(0.0124 0.0008 0)
(0.0128 0.0008 0)
(0.0132 0.0008 0)
(0.0136 0.0008 0)
(0.014 0.0008 0)
(0.0144 0.0008 0)
(0.0148 0.0008 0)
(0.0152 0.0008 0)
(0.0156 0.0008 0)
(0.016 0.0008 0)
(0.0164 0.0008 0)
(0.0168 0.0008 0)
(0.0172 0.0008 0)
(0.0176 0.0008 0)
(0.018 0.0008 0)
(0.0184 0.0008 0)
(0.0188 0.0008 0)
(0.0192 0.0008 0)
(0.0196 0.0008 0)
(0.02 0.0008 0)
(0 0.0012 0)
(0.0004 0.0012 0)
(0.0008 0.0012 0)
(0.0012 0.0012 0)
(0.0016 0.0012 0)
(0.002 0.0012 0)
(0.0024 0.0012 0)
(0.0028 0.0012 0)
(0.0032 0.0012 0)
(0.0036 0.0012 0)
(0.004 0.0012 0)
(0.0044 0.0012 0)
(0.0048 0.0012 0)
(0.0052 0.0012 0)
(0.0056 0.0012 0)
(0.006 0.0012 0)
(0.0064 0.0012 0)
(0.0068 0.0012 0)
(0.0072 0.0012 0)
(0.0076 0.0012 0)
(0.008 0.0012 0)
(0.0084 0.0012 0)
(0.0088 0.0012 0)
(0.0092 0.0012 0)
(0.0096 0.0012 0)
(0.01 0.0012 0)
(0.0104 0.0012 0)
(0.0108 0.0012 0)
(0.0112 0.0012 0)
(0.0116 0.0012 0)
(0.012 0.0012 0)
(0.0124 0.0012 0)
(0.0128 0.0012 0)
(0.0132 0.0012 0)
(0.0136 0.0012 0)
(0.014 0.0012 0)
(0.0144 0.0012 0)
(0.0148 0.0012 0)
(0.0152 0.0012 0)
(0.0156 0.0012 0)
(0.016 0.0012 0)
(0.0164 0.0012 0)
(0.0168 0.0012 0)
(0.0172 0.0012 0)
(0.0176 0.0012 0)
(0.018 0.0012 0)
(0.0184 0.0012 0)
(0.0188 0.0012 0)
(0.0192 0.0012 0)
(0.0196 0.0012 0)
(0.02 0.0012 0)
(0 0.0016 0)
(0.0004 0.0016 0)
(0.0008 0.0016 0)
(0.0012 0.0016 0)
(0.0016 0.0016 0)
(0.002 0.0016 0)
(0.0024 0.0016 0)
(0.0028 0.0016 0)
(0.0032 0.0016 0)
(0.0036 0.0016 0)
(0.004 0.0016 0)
(0.0044 0.0016 0)
(0.0048 0.0016 0)
(0.0052 0.0016 0)
(0.0056 0.0016 0)
(0.006 0.0016 0)
(0.0064 0.0016 0)
(0.0068 0.0016 0)
(0.0072 0.0016 0)
(0.0076 0.0016 0)
(0.008 0.0016 0)
(0.0084 0.0016 0)
(0.0088 0.0016 0)
(0.0092 0.0016 0)
(0.0096 0.0016 0)
(0.01 0.0016 0)
(0.0104 0.0016 0)
(0.0108 0.0016 0)
(0.0112 0.0016 0)
(0.0116 0.0016 0)
(0.012 0.0016 0)
(0.0124 0.0016 0)
(0.0128 0.0016 0)
(0.0132 0.0016 0)
(0.0136 0.0016 0)
(0.014 0.0016 0)
(0.0144 0.0016 0)
(0.0148 0.0016 0)
(0.0152 0.0016 0)
(0.0156 0.0016 0)
(0.016 0.0016 0)
(0.0164 0.0016 0)
(0.0168 0.0016 0)
(0.0172 0.0016 0)
(0.0176 0.0016 0)
(0.018 0.0016 0)
(0.0184 0.0016 0)
(0.0188 0.0016 0)
(0.0192 0.0016 0)
(0.0196 0.0016 0)
(0.02 0.0016 0)
(0 0.002 0)
(0.0004 0.002 0)
(0.0008 0.002 0)
(0.0012 0.002 0)
(0.0016 0.002 0)
(0.002 0.002 0)
(0.0024 0.002 0)
(0.0028 0.002 0)
(0.0032 0.002 0)
(0.0036 0.002 0)
(0.004 0.002 0)
(0.0044 0.002 0)
(0.0048 0.002 0)
(0.0052 0.002 0)
(0.0056 0.002 0)
(0.006 0.002 0)
(0.0064 0.002 0)
(0.0068 0.002 0)
(0.0072 0.002 0)
(0.0076 0.002 0)
(0.008 0.002 0)
(0.0084 0.002 0)
(0.0088 0.002 0)
(0.0092 0.002 0)
(0.0096 0.002 0)
(0.01 0.002 0)
(0.0104 0.002 0)
(0.0108 0.002 0)
(0.0112 0.002 0)
(0.0116 0.002 0)
(0.012 0.002 0)
(0.0124 0.002 0)
(0.0128 0.002 0)
(0.0132 0.002 0)
(0.0136 0.002 0)
(0.014 0.002 0)
(0.0144 0.002 0)
(0.0148 0.002 0)
(0.0152 0.002 0)
(0.0156 0.002 0)
(0.016 0.002 0)
(0.0164 0.002 0)
(0.0168 0.002 0)
(0.0172 0.002 0)
(0.0176 0.002 0)
(0.018 0.002 0)
(0.0184 0.002 0)
(0.0188 0.002 0)
(0.0192 0.002 0)
(0.0196 0.002 0)
(0.02 0.002 0)
(0 0.0024 0)
(0.0004 0.0024 0)
(0.0008 0.0024 0)
(0.0012 0.0024 0)
(0.0016 0.0024 0)
(0.002 0.0024 0)
(0.0024 0.0024 0)
(0.0028 0.0024 0)
(0.0032 0.0024 0)
(0.0036 0.0024 0)
(0.004 0.0024 0)
(0.0044 0.0024 0)
(0.0048 0.0024 0)
(0.0052 0.0024 0)
(0.0056 0.0024 0)
(0.006 0.0024 0)
(0.0064 0.0024 0)
(0.0068 0.0024 0)
(0.0072 0.0024 0)
(0.0076 0.0024 0)
(0.008 0.0024 0)
(0.0084 0.0024 0)
(0.0088 0.0024 0)
(0.0092 0.0024 0)
(0.0096 0.0024 0)
(0.01 0.0024 0)
(0.0104 0.0024 0)
(0.0108 0.0024 0)
(0.0112 0.0024 0)
(0.0116 0.0024 0)
(0.012 0.0024 0)
(0.0124 0.0024 0)
(0.0128 0.0024 0)
(0.0132 0.0024 0)
(0.0136 0.0024 0)
(0.014 0.0024 0)
(0.0144 0.0024 0)
(0.0148 0.0024 0)
(0.0152 0.0024 0)
(0.0156 0.0024 0)
(0.016 0.0024 0)
(0.0164 0.0024 0)
(0.0168 0.0024 0)
(0.0172 0.0024 0)
(0.0176 0.0024 0)
(0.018 0.0024 0)
(0.0184 0.0024 0)
(0.0188 0.0024 0)
(0.0192 0.0024 0)
(0.0196 0.0024 0)
(0.02 0.0024 0)
(0 0.0028 0)
(0.0004 0.0028 0)
(0.0008 0.0028 0)
(0.0012 0.0028 0)
(0.0016 0.0028 0)
(0.002 0.0028 0)
(0.0024 0.0028 0)
(0.0028 0.0028 0)
(0.0032 0.0028 0)
(0.0036 0.0028 0)
(0.004 0.0028 0)
(0.0044 0.0028 0)
(0.0048 0.0028 0)
(0.0052 0.0028 0)
(0.0056 0.0028 0)
(0.006 0.0028 0)
(0.0064 0.0028 0)
(0.0068 0.0028 0)
(0.0072 0.0028 0)
(0.0076 0.0028 0)
(0.008 0.0028 0)
(0.0084 0.0028 0)
(0.0088 0.0028 0)
(0.0092 0.0028 0)
(0.0096 0.0028 0)
(0.01 0.0028 0)
(0.0104 0.0028 0)
(0.0108 0.0028 0)
(0.0112 0.0028 0)
(0.0116 0.0028 0)
(0.012 0.0028 0)
(0.0124 0.0028 0)
(0.0128 0.0028 0)
(0.0132 0.0028 0)
(0.0136 0.0028 0)
(0.014 0.0028 0)
(0.0144 0.0028 0)
(0.0148 0.0028 0)
(0.0152 0.0028 0)
(0.0156 0.0028 0)
(0.016 0.0028 0)
(0.0164 0.0028 0)
(0.0168 0.0028 0)
(0.0172 0.0028 0)
(0.0176 0.0028 0)
(0.018 0.0028 0)
(0.0184 0.0028 0)
(0.0188 0.0028 0)
(0.0192 0.0028 0)
(0.0196 0.0028 0)
(0.02 0.0028 0)
(0 0.0032 0)
(0.0004 0.0032 0)
(0.0008 0.0032 0)
(0.0012 0.0032 0)
(0.0016 0.0032 0)
(0.002 0.0032 0)
(0.0024 0.0032 0)
(0.0028 0.0032 0)
(0.0032 0.0032 0)
(0.0036 0.0032 0)
(0.004 0.0032 0)
(0.0044 0.0032 0)
(0.0048 0.0032 0)
(0.0052 0.0032 0)
(0.0056 0.0032 0)
(0.006 0.0032 0)
(0.0064 0.0032 0)
(0.0068 0.0032 0)
(0.0072 0.0032 0)
(0.0076 0.0032 0)
(0.008 0.0032 0)
(0.0084 0.0032 0)
(0.0088 0.0032 0)
(0.0092 0.0032 0)
(0.0096 0.0032 0)
(0.01 0.0032 0)
(0.0104 0.0032 0)
(0.0108 0.0032 0)
(0.0112 0.0032 0)
(0.0116 0.0032 0)
(0.012 0.0032 0)
(0.0124 0.0032 0)
(0.0128 0.0032 0)
(0.0132 0.0032 0)
(0.0136 0.0032 0)
(0.014 0.0032 0)
(0.0144 0.0032 0)
(0.0148 0.0032 0)
(0.0152 0.0032 0)
(0.0156 0.0032 0)
(0.016 0.0032 0)
(0.0164 0.0032 0)
(0.0168 0.0032 0)
(0.0172 0.0032 0)
(0.0176 0.0032 0)
(0.018 0.0032 0)
(0.0184 0.0032 0)
(0.0188 0.0032 0)
(0.0192 0.0032 0)
(0.0196 0.0032 0)
(0.02 0.0032 0)
(0 0.0036 0)
(0.0004 0.0036 0)
(0.0008 0.0036 0)
(0.0012 0.0036 0)
(0.0016 0.0036 0)
(0.002 0.0036 0)
(0.0024 0.0036 0)
(0.0028 0.0036 0)
(0.0032 0.0036 0)
(0.0036 0.0036 0)
(0.004 0.0036 0)
(0.0044 0.0036 0)
(0.0048 0.0036 0)
(0.0052 0.0036 0)
(0.0056 0.0036 0)
(0.006 0.0036 0)
(0.0064 0.0036 0)
(0.0068 0.0036 0)
(0.0072 0.0036 0)
(0.0076 0.0036 0)
(0.008 0.0036 0)
(0.0084 0.0036 0)
(0.0088 0.0036 0)
(0.0092 0.0036 0)
(0.0096 0.0036 0)
(0.01 0.0036 0)
(0.0104 0.0036 0)
(0.0108 0.0036 0)
(0.0112 0.0036 0)
(0.0116 0.0036 0)
(0.012 0.0036 0)
(0.0124 0.0036 0)
(0.0128 0.0036 0)
(0.0132 0.0036 0)
(0.0136 0.0036 0)
(0.014 0.0036 0)
(0.0144 0.0036 0)
(0.0148 0.0036 0)
(0.0152 0.0036 0)
(0.0156 0.0036 0)
(0.016 0.0036 0)
(0.0164 0.0036 0)
(0.0168 0.0036 0)
(0.0172 0.0036 0)
(0.0176 0.0036 0)
(0.018 0.0036 0)
(0.0184 0.0036 0)
(0.0188 0.0036 0)
(0.0192 0.0036 0)
(0.0196 0.0036 0)
(0.02 0.0036 0)
(0 0.004 0)
(0.0004 0.004 0)
(0.0008 0.004 0)
(0.0012 0.004 0)
(0.0016 0.004 0)
(0.002 0.004 0)
(0.0024 0.004 0)
(0.0028 0.004 0)
(0.0032 0.004 0)
(0.0036 0.004 0)
(0.004 0.004 0)
(0.0044 0.004 0)
(0.0048 0.004 0)
(0.0052 0.004 0)
(0.0056 0.004 0)
(0.006 0.004 0)
(0.0064 0.004 0)
(0.0068 0.004 0)
(0.0072 0.004 0)
(0.0076 0.004 0)
(0.008 0.004 0)
(0.0084 0.004 0)
(0.0088 0.004 0)
(0.0092 0.004 0)
(0.0096 0.004 0)
(0.01 0.004 0)
(0.0104 0.004 0)
(0.0108 0.004 0)
(0.0112 0.004 0)
(0.0116 0.004 0)
(0.012 0.004 0)
(0.0124 0.004 0)
(0.0128 0.004 0)
(0.0132 0.004 0)
(0.0136 0.004 0)
(0.014 0.004 0)
(0.0144 0.004 0)
(0.0148 0.004 0)
(0.0152 0.004 0)
(0.0156 0.004 0)
(0.016 0.004 0)
(0.0164 0.004 0)
(0.0168 0.004 0)
(0.0172 0.004 0)
(0.0176 0.004 0)
(0.018 0.004 0)
(0.0184 0.004 0)
(0.0188 0.004 0)
(0.0192 0.004 0)
(0.0196 0.004 0)
(0.02 0.004 0)
(0 0 0.001)
(0.0004 0 0.001)
(0.0008 0 0.001)
(0.0012 0 0.001)
(0.0016 0 0.001)
(0.002 0 0.001)
(0.0024 0 0.001)
(0.0028 0 0.001)
(0.0032 0 0.001)
(0.0036 0 0.001)
(0.004 0 0.001)
(0.0044 0 0.001)
(0.0048 0 0.001)
(0.0052 0 0.001)
(0.0056 0 0.001)
(0.006 0 0.001)
(0.0064 0 0.001)
(0.0068 0 0.001)
(0.0072 0 0.001)
(0.0076 0 0.001)
(0.008 0 0.001)
(0.0084 0 0.001)
(0.0088 0 0.001)
(0.0092 0 0.001)
(0.0096 0 0.001)
(0.01 0 0.001)
(0.0104 0 0.001)
(0.0108 0 0.001)
(0.0112 0 0.001)
(0.0116 0 0.001)
(0.012 0 0.001)
(0.0124 0 0.001)
(0.0128 0 0.001)
(0.0132 0 0.001)
(0.0136 0 0.001)
(0.014 0 0.001)
(0.0144 0 0.001)
(0.0148 0 0.001)
(0.0152 0 0.001)
(0.0156 0 0.001)
(0.016 0 0.001)
(0.0164 0 0.001)
(0.0168 0 0.001)
(0.0172 0 0.001)
(0.0176 0 0.001)
(0.018 0 0.001)
(0.0184 0 0.001)
(0.0188 0 0.001)
(0.0192 0 0.001)
(0.0196 0 0.001)
(0.02 0 0.001)
(0 0.0004 0.001)
(0.0004 0.0004 0.001)
(0.0008 0.0004 0.001)
(0.0012 0.0004 0.001)
(0.0016 0.0004 0.001)
(0.002 0.0004 0.001)
(0.0024 0.0004 0.001)
(0.0028 0.0004 0.001)
(0.0032 0.0004 0.001)
(0.0036 0.0004 0.001)
(0.004 0.0004 0.001)
(0.0044 0.0004 0.001)
(0.0048 0.0004 0.001)
(0.0052 0.0004 0.001)
(0.0056 0.0004 0.001)
(0.006 0.0004 0.001)
(0.0064 0.0004 0.001)
(0.0068 0.0004 0.001)
(0.0072 0.0004 0.001)
(0.0076 0.0004 0.001)
(0.008 0.0004 0.001)
(0.0084 0.0004 0.001)
(0.0088 0.0004 0.001)
(0.0092 0.0004 0.001)
(0.0096 0.0004 0.001)
(0.01 0.0004 0.001)
(0.0104 0.0004 0.001)
(0.0108 0.0004 0.001)
(0.0112 0.0004 0.001)
(0.0116 0.0004 0.001)
(0.012 0.0004 0.001)
(0.0124 0.0004 0.001)
(0.0128 0.0004 0.001)
(0.0132 0.0004 0.001)
(0.0136 0.0004 0.001)
(0.014 0.0004 0.001)
(0.0144 0.0004 0.001)
(0.0148 0.0004 0.001)
(0.0152 0.0004 0.001)
(0.0156 0.0004 0.001)
(0.016 0.0004 0.001)
(0.0164 0.0004 0.001)
(0.0168 0.0004 0.001)
(0.0172 0.0004 0.001)
(0.0176 0.0004 0.001)
(0.018 0.0004 0.001)
(0.0184 0.0004 0.001)
(0.0188 0.0004 0.001)
(0.0192 0.0004 0.001)
(0.0196 0.0004 0.001)
(0.02 0.0004 0.001)
(0 0.0008 0.001)
(0.0004 0.0008 0.001)
(0.0008 0.0008 0.001)
(0.0012 0.0008 0.001)
(0.0016 0.0008 0.001)
(0.002 0.0008 0.001)
(0.0024 0.0008 0.001)
(0.0028 0.0008 0.001)
(0.0032 0.0008 0.001)
(0.0036 0.0008 0.001)
(0.004 0.0008 0.001)
(0.0044 0.0008 0.001)
(0.0048 0.0008 0.001)
(0.0052 0.0008 0.001)
(0.0056 0.0008 0.001)
(0.006 0.0008 0.001)
(0.0064 0.0008 0.001)
(0.0068 0.0008 0.001)
(0.0072 0.0008 0.001)
(0.0076 0.0008 0.001)
(0.008 0.0008 0.001)
(0.0084 0.0008 0.001)
(0.0088 0.0008 0.001)
(0.0092 0.0008 0.001)
(0.0096 0.0008 0.001)
(0.01 0.0008 0.001)
(0.0104 0.0008 0.001)
(0.0108 0.0008 0.001)
(0.0112 0.0008 0.001)
(0.0116 0.0008 0.001)
(0.012 0.0008 0.001)
(0.0124 0.0008 0.001)
(0.0128 0.0008 0.001)
(0.0132 0.0008 0.001)
(0.0136 0.0008 0.001)
(0.014 0.0008 0.001)
(0.0144 0.0008 0.001)
(0.0148 0.0008 0.001)
(0.0152 0.0008 0.001)
(0.0156 0.0008 0.001)
(0.016 0.0008 0.001)
(0.0164 0.0008 0.001)
(0.0168 0.0008 0.001)
(0.0172 0.0008 0.001)
(0.0176 0.0008 0.001)
(0.018 0.0008 0.001)
(0.0184 0.0008 0.001)
(0.0188 0.0008 0.001)
(0.0192 0.0008 0.001)
(0.0196 0.0008 0.001)
(0.02 0.0008 0.001)
(0 0.0012 0.001)
(0.0004 0.0012 0.001)
(0.0008 0.0012 0.001)
(0.0012 0.0012 0.001)
(0.0016 0.0012 0.001)
(0.002 0.0012 0.001)
(0.0024 0.0012 0.001)
(0.0028 0.0012 0.001)
(0.0032 0.0012 0.001)
(0.0036 0.0012 0.001)
(0.004 0.0012 0.001)
(0.0044 0.0012 0.001)
(0.0048 0.0012 0.001)
(0.0052 0.0012 0.001)
(0.0056 0.0012 0.001)
(0.006 0.0012 0.001)
(0.0064 0.0012 0.001)
(0.0068 0.0012 0.001)
(0.0072 0.0012 0.001)
(0.0076 0.0012 0.001)
(0.008 0.0012 0.001)
(0.0084 0.0012 0.001)
(0.0088 0.0012 0.001)
(0.0092 0.0012 0.001)
(0.0096 0.0012 0.001)
(0.01 0.0012 0.001)
(0.0104 0.0012 0.001)
(0.0108 0.0012 0.001)
(0.0112 0.0012 0.001)
(0.0116 0.0012 0.001)
(0.012 0.0012 0.001)
(0.0124 0.0012 0.001)
(0.0128 0.0012 0.001)
(0.0132 0.0012 0.001)
(0.0136 0.0012 0.001)
(0.014 0.0012 0.001)
(0.0144 0.0012 0.001)
(0.0148 0.0012 0.001)
(0.0152 0.0012 0.001)
(0.0156 0.0012 0.001)
(0.016 0.0012 0.001)
(0.0164 0.0012 0.001)
(0.0168 0.0012 0.001)
(0.0172 0.0012 0.001)
(0.0176 0.0012 0.001)
(0.018 0.0012 0.001)
(0.0184 0.0012 0.001)
(0.0188 0.0012 0.001)
(0.0192 0.0012 0.001)
(0.0196 0.0012 0.001)
(0.02 0.0012 0.001)
(0 0.0016 0.001)
(0.0004 0.0016 0.001)
(0.0008 0.0016 0.001)
(0.0012 0.0016 0.001)
(0.0016 0.0016 0.001)
(0.002 0.0016 0.001)
(0.0024 0.0016 0.001)
(0.0028 0.0016 0.001)
(0.0032 0.0016 0.001)
(0.0036 0.0016 0.001)
(0.004 0.0016 0.001)
(0.0044 0.0016 0.001)
(0.0048 0.0016 0.001)
(0.0052 0.0016 0.001)
(0.0056 0.0016 0.001)
(0.006 0.0016 0.001)
(0.0064 0.0016 0.001)
(0.0068 0.0016 0.001)
(0.0072 0.0016 0.001)
(0.0076 0.0016 0.001)
(0.008 0.0016 0.001)
(0.0084 0.0016 0.001)
(0.0088 0.0016 0.001)
(0.0092 0.0016 0.001)
(0.0096 0.0016 0.001)
(0.01 0.0016 0.001)
(0.0104 0.0016 0.001)
(0.0108 0.0016 0.001)
(0.0112 0.0016 0.001)
(0.0116 0.0016 0.001)
(0.012 0.0016 0.001)
(0.0124 0.0016 0.001)
(0.0128 0.0016 0.001)
(0.0132 0.0016 0.001)
(0.0136 0.0016 0.001)
(0.014 0.0016 0.001)
(0.0144 0.0016 0.001)
(0.0148 0.0016 0.001)
(0.0152 0.0016 0.001)
(0.0156 0.0016 0.001)
(0.016 0.0016 0.001)
(0.0164 0.0016 0.001)
(0.0168 0.0016 0.001)
(0.0172 0.0016 0.001)
(0.0176 0.0016 0.001)
(0.018 0.0016 0.001)
(0.0184 0.0016 0.001)
(0.0188 0.0016 0.001)
(0.0192 0.0016 0.001)
(0.0196 0.0016 0.001)
(0.02 0.0016 0.001)
(0 0.002 0.001)
(0.0004 0.002 0.001)
(0.0008 0.002 0.001)
(0.0012 0.002 0.001)
(0.0016 0.002 0.001)
(0.002 0.002 0.001)
(0.0024 0.002 0.001)
(0.0028 0.002 0.001)
(0.0032 0.002 0.001)
(0.0036 0.002 0.001)
(0.004 0.002 0.001)
(0.0044 0.002 0.001)
(0.0048 0.002 0.001)
(0.0052 0.002 0.001)
(0.0056 0.002 0.001)
(0.006 0.002 0.001)
(0.0064 0.002 0.001)
(0.0068 0.002 0.001)
(0.0072 0.002 0.001)
(0.0076 0.002 0.001)
(0.008 0.002 0.001)
(0.0084 0.002 0.001)
(0.0088 0.002 0.001)
(0.0092 0.002 0.001)
(0.0096 0.002 0.001)
(0.01 0.002 0.001)
(0.0104 0.002 0.001)
(0.0108 0.002 0.001)
(0.0112 0.002 0.001)
(0.0116 0.002 0.001)
(0.012 0.002 0.001)
(0.0124 0.002 0.001)
(0.0128 0.002 0.001)
(0.0132 0.002 0.001)
(0.0136 0.002 0.001)
(0.014 0.002 0.001)
(0.0144 0.002 0.001)
(0.0148 0.002 0.001)
(0.0152 0.002 0.001)
(0.0156 0.002 0.001)
(0.016 0.002 0.001)
(0.0164 0.002 0.001)
(0.0168 0.002 0.001)
(0.0172 0.002 0.001)
(0.0176 0.002 0.001)
(0.018 0.002 0.001)
(0.0184 0.002 0.001)
(0.0188 0.002 0.001)
(0.0192 0.002 0.001)
(0.0196 0.002 0.001)
(0.02 0.002 0.001)
(0 0.0024 0.001)
(0.0004 0.0024 0.001)
(0.0008 0.0024 0.001)
(0.0012 0.0024 0.001)
(0.0016 0.0024 0.001)
(0.002 0.0024 0.001)
(0.0024 0.0024 0.001)
(0.0028 0.0024 0.001)
(0.0032 0.0024 0.001)
(0.0036 0.0024 0.001)
(0.004 0.0024 0.001)
(0.0044 0.0024 0.001)
(0.0048 0.0024 0.001)
(0.0052 0.0024 0.001)
(0.0056 0.0024 0.001)
(0.006 0.0024 0.001)
(0.0064 0.0024 0.001)
(0.0068 0.0024 0.001)
(0.0072 0.0024 0.001)
(0.0076 0.0024 0.001)
(0.008 0.0024 0.001)
(0.0084 0.0024 0.001)
(0.0088 0.0024 0.001)
(0.0092 0.0024 0.001)
(0.0096 0.0024 0.001)
(0.01 0.0024 0.001)
(0.0104 0.0024 0.001)
(0.0108 0.0024 0.001)
(0.0112 0.0024 0.001)
(0.0116 0.0024 0.001)
(0.012 0.0024 0.001)
(0.0124 0.0024 0.001)
(0.0128 0.0024 0.001)
(0.0132 0.0024 0.001)
(0.0136 0.0024 0.001)
(0.014 0.0024 0.001)
(0.0144 0.0024 0.001)
(0.0148 0.0024 0.001)
(0.0152 0.0024 0.001)
(0.0156 0.0024 0.001)
(0.016 0.0024 0.001)
(0.0164 0.0024 0.001)
(0.0168 0.0024 0.001)
(0.0172 0.0024 0.001)
(0.0176 0.0024 0.001)
(0.018 0.0024 0.001)
(0.0184 0.0024 0.001)
(0.0188 0.0024 0.001)
(0.0192 0.0024 0.001)
(0.0196 0.0024 0.001)
(0.02 0.0024 0.001)
(0 0.0028 0.001)
(0.0004 0.0028 0.001)
(0.0008 0.0028 0.001)
(0.0012 0.0028 0.001)
(0.0016 0.0028 0.001)
(0.002 0.0028 0.001)
(0.0024 0.0028 0.001)
(0.0028 0.0028 0.001)
(0.0032 0.0028 0.001)
(0.0036 0.0028 0.001)
(0.004 0.0028 0.001)
(0.0044 0.0028 0.001)
(0.0048 0.0028 0.001)
(0.0052 0.0028 0.001)
(0.0056 0.0028 0.001)
(0.006 0.0028 0.001)
(0.0064 0.0028 0.001)
(0.0068 0.0028 0.001)
(0.0072 0.0028 0.001)
(0.0076 0.0028 0.001)
(0.008 0.0028 0.001)
(0.0084 0.0028 0.001)
(0.0088 0.0028 0.001)
(0.0092 0.0028 0.001)
(0.0096 0.0028 0.001)
(0.01 0.0028 0.001)
(0.0104 0.0028 0.001)
(0.0108 0.0028 0.001)
(0.0112 0.0028 0.001)
(0.0116 0.0028 0.001)
(0.012 0.0028 0.001)
(0.0124 0.0028 0.001)
(0.0128 0.0028 0.001)
(0.0132 0.0028 0.001)
(0.0136 0.0028 0.001)
(0.014 0.0028 0.001)
(0.0144 0.0028 0.001)
(0.0148 0.0028 0.001)
(0.0152 0.0028 0.001)
(0.0156 0.0028 0.001)
(0.016 0.0028 0.001)
(0.0164 0.0028 0.001)
(0.0168 0.0028 0.001)
(0.0172 0.0028 0.001)
(0.0176 0.0028 0.001)
(0.018 0.0028 0.001)
(0.0184 0.0028 0.001)
(0.0188 0.0028 0.001)
(0.0192 0.0028 0.001)
(0.0196 0.0028 0.001)
(0.02 0.0028 0.001)
(0 0.0032 0.001)
(0.0004 0.0032 0.001)
(0.0008 0.0032 0.001)
(0.0012 0.0032 0.001)
(0.0016 0.0032 0.001)
(0.002 0.0032 0.001)
(0.0024 0.0032 0.001)
(0.0028 0.0032 0.001)
(0.0032 0.0032 0.001)
(0.0036 0.0032 0.001)
(0.004 0.0032 0.001)
(0.0044 0.0032 0.001)
(0.0048 0.0032 0.001)
(0.0052 0.0032 0.001)
(0.0056 0.0032 0.001)
(0.006 0.0032 0.001)
(0.0064 0.0032 0.001)
(0.0068 0.0032 0.001)
(0.0072 0.0032 0.001)
(0.0076 0.0032 0.001)
(0.008 0.0032 0.001)
(0.0084 0.0032 0.001)
(0.0088 0.0032 0.001)
(0.0092 0.0032 0.001)
(0.0096 0.0032 0.001)
(0.01 0.0032 0.001)
(0.0104 0.0032 0.001)
(0.0108 0.0032 0.001)
(0.0112 0.0032 0.001)
(0.0116 0.0032 0.001)
(0.012 0.0032 0.001)
(0.0124 0.0032 0.001)
(0.0128 0.0032 0.001)
(0.0132 0.0032 0.001)
(0.0136 0.0032 0.001)
(0.014 0.0032 0.001)
(0.0144 0.0032 0.001)
(0.0148 0.0032 0.001)
(0.0152 0.0032 0.001)
(0.0156 0.0032 0.001)
(0.016 0.0032 0.001)
(0.0164 0.0032 0.001)
(0.0168 0.0032 0.001)
(0.0172 0.0032 0.001)
(0.0176 0.0032 0.001)
(0.018 0.0032 0.001)
(0.0184 0.0032 0.001)
(0.0188 0.0032 0.001)
(0.0192 0.0032 0.001)
(0.0196 0.0032 0.001)
(0.02 0.0032 0.001)
(0 0.0036 0.001)
(0.0004 0.0036 0.001)
(0.0008 0.0036 0.001)
(0.0012 0.0036 0.001)
(0.0016 0.0036 0.001)
(0.002 0.0036 0.001)
(0.0024 0.0036 0.001)
(0.0028 0.0036 0.001)
(0.0032 0.0036 0.001)
(0.0036 0.0036 0.001)
(0.004 0.0036 0.001)
(0.0044 0.0036 0.001)
(0.0048 0.0036 0.001)
(0.0052 0.0036 0.001)
(0.0056 0.0036 0.001)
(0.006 0.0036 0.001)
(0.0064 0.0036 0.001)
(0.0068 0.0036 0.001)
(0.0072 0.0036 0.001)
(0.0076 0.0036 0.001)
(0.008 0.0036 0.001)
(0.0084 0.0036 0.001)
(0.0088 0.0036 0.001)
(0.0092 0.0036 0.001)
(0.0096 0.0036 0.001)
(0.01 0.0036 0.001)
(0.0104 0.0036 0.001)
(0.0108 0.0036 0.001)
(0.0112 0.0036 0.001)
(0.0116 0.0036 0.001)
(0.012 0.0036 0.001)
(0.0124 0.0036 0.001)
(0.0128 0.0036 0.001)
(0.0132 0.0036 0.001)
(0.0136 0.0036 0.001)
(0.014 0.0036 0.001)
(0.0144 0.0036 0.001)
(0.0148 0.0036 0.001)
(0.0152 0.0036 0.001)
(0.0156 0.0036 0.001)
(0.016 0.0036 0.001)
(0.0164 0.0036 0.001)
(0.0168 0.0036 0.001)
(0.0172 0.0036 0.001)
(0.0176 0.0036 0.001)
(0.018 0.0036 0.001)
(0.0184 0.0036 0.001)
(0.0188 0.0036 0.001)
(0.0192 0.0036 0.001)
(0.0196 0.0036 0.001)
(0.02 0.0036 0.001)
(0 0.004 0.001)
(0.0004 0.004 0.001)
(0.0008 0.004 0.001)
(0.0012 0.004 0.001)
(0.0016 0.004 0.001)
(0.002 0.004 0.001)
(0.0024 0.004 0.001)
(0.0028 0.004 0.001)
(0.0032 0.004 0.001)
(0.0036 0.004 0.001)
(0.004 0.004 0.001)
(0.0044 0.004 0.001)
(0.0048 0.004 0.001)
(0.0052 0.004 0.001)
(0.0056 0.004 0.001)
(0.006 0.004 0.001)
(0.0064 0.004 0.001)
(0.0068 0.004 0.001)
(0.0072 0.004 0.001)
(0.0076 0.004 0.001)
(0.008 0.004 0.001)
(0.0084 0.004 0.001)
(0.0088 0.004 0.001)
(0.0092 0.004 0.001)
(0.0096 0.004 0.001)
(0.01 0.004 0.001)
(0.0104 0.004 0.001)
(0.0108 0.004 0.001)
(0.0112 0.004 0.001)
(0.0116 0.004 0.001)
(0.012 0.004 0.001)
(0.0124 0.004 0.001)
(0.0128 0.004 0.001)
(0.0132 0.004 0.001)
(0.0136 0.004 0.001)
(0.014 0.004 0.001)
(0.0144 0.004 0.001)
(0.0148 0.004 0.001)
(0.0152 0.004 0.001)
(0.0156 0.004 0.001)
(0.016 0.004 0.001)
(0.0164 0.004 0.001)
(0.0168 0.004 0.001)
(0.0172 0.004 0.001)
(0.0176 0.004 0.001)
(0.018 0.004 0.001)
(0.0184 0.004 0.001)
(0.0188 0.004 0.001)
(0.0192 0.004 0.001)
(0.0196 0.004 0.001)
(0.02 0.004 0.001)
)


// ************************************************************************* //
