/*--------------------------------*- C++ -*----------------------------------*\
| =========                 |                                                 |
| \\      /  F ield         | OpenFOAM: The Open Source CFD Toolbox           |
|  \\    /   O peration     | Version:  5.x                                   |
|   \\  /    A nd           | Web:      www.OpenFOAM.org                      |
|    \\/     M anipulation  |                                                 |
\*---------------------------------------------------------------------------*/
FoamFile
{
    version     2.0;
    format      ascii;
    class       volScalarField;
    location    "0.02";
    object      p;
}
// * * * * * * * * * * * * * * * * * * * * * * * * * * * * * * * * * * * * * //

dimensions      [0 2 -2 0 0 0 0];

internalField   nonuniform List<scalar> 
7200
(
0.000117062
-0.0711229
-0.0278213
0.248177
0.60076
0.908324
1.17234
1.40982
1.60489
1.71611
1.70148
1.53691
1.22419
0.788403
0.272558
-0.270288
-0.783384
-1.21407
-1.5202
-1.67796
-1.68685
-1.5717
-1.3745
-1.13619
-0.87197
-0.564346
-0.211729
0.0641449
0.107291
0.0359651
-0.0133126
-0.0818777
0.0284184
0.351973
0.691259
0.963208
1.19389
1.39841
1.558
1.63553
1.59729
1.42621
1.12675
0.721952
0.249129
-0.246534
-0.716843
-1.11693
-1.41019
-1.5747
-1.60717
-1.5255
-1.3635
-1.15792
-0.926916
-0.654875
-0.315529
0.00795311
0.118068
0.0494211
-0.0302383
-0.0793066
0.102051
0.451542
0.761943
0.996548
1.19506
1.36717
1.49316
1.54113
1.48462
1.31188
1.02884
0.656209
0.226103
-0.223222
-0.651027
-1.0193
-1.29651
-1.46292
-1.51367
-1.46138
-1.33272
-1.15932
-0.960342
-0.725598
-0.415118
-0.0656466
0.115538
0.0663519
-0.049885
-0.0603913
0.188849
0.543526
0.816842
1.01652
1.18606
1.32922
1.42671
1.45125
1.38185
1.21034
0.943332
0.599356
0.206265
-0.203187
-0.594156
-0.934082
-1.19559
-1.36097
-1.42465
-1.39564
-1.29525
-1.15057
-0.980421
-0.780551
-0.507141
-0.152434
0.0966713
0.0860141
-0.070593
-0.0222245
0.286706
0.62788
0.859555
1.0267
1.16934
1.28606
1.35874
1.36406
1.28531
1.1169
0.865659
0.548099
0.188431
-0.185217
-0.542919
-0.856699
-1.10274
-1.26522
-1.33829
-1.32837
-1.25258
-1.13414
-0.990741
-0.823337
-0.591553
-0.250306
0.0585495
0.106752
-0.0893068
0.0375022
0.390979
0.70138
0.890052
1.02755
1.14524
1.23797
1.28919
1.27886
1.19364
1.02982
0.794126
0.501222
0.172164
-0.168858
-0.496089
-0.785456
-1.01621
-1.17431
-1.25388
-1.25951
-1.20499
-1.11033
-0.991741
-0.853921
-0.665126
-0.354618
-0.00114831
0.125502
-0.101776
0.119373
0.495679
0.761103
0.908523
1.01958
1.1144
1.18581
1.21884
1.19611
1.10693
0.948847
0.728348
0.458399
0.15734
-0.153981
-0.453335
-0.719964
-0.935772
-1.08831
-1.17192
-1.18985
-1.15335
-1.07982
-0.983947
-0.872492
-0.724932
-0.45938
-0.0830143
0.138006
-0.102749
0.221826
0.594456
0.805432
0.915837
1.00358
1.0777
1.13057
1.1485
1.11626
1.02517
0.873687
0.667912
0.41929
0.143834
-0.140451
-0.414313
-0.659811
-0.861123
-1.00725
-1.09281
-1.12018
-1.09862
-1.04345
-0.96814
-0.879914
-0.769348
-0.558233
-0.185488
0.139007
-0.0862334
0.341018
0.681204
0.833986
0.913147
0.98036
1.03603
1.07313
1.0788
1.03954
0.948249
0.80396
0.612362
0.383542
0.131514
-0.128133
-0.378666
-0.604541
-0.791887
-0.930989
-1.01682
-1.05115
-1.04169
-1.00213
-0.945121
-0.877338
-0.797989
-0.645069
-0.304725
0.122507
-0.0458643
0.470887
0.750649
0.84748
0.901668
0.950701
0.990295
1.0143
1.01027
0.966134
0.875999
0.739296
0.561281
0.350836
0.120264
-0.116905
-0.346073
-0.553738
-0.7277
-0.859383
-0.944128
-0.983289
-0.983386
-0.956747
-0.915672
-0.86598
-0.811568
-0.714605
-0.434661
0.0821421
0.0246295
0.603436
0.798882
0.847536
0.882551
0.915386
0.941383
0.95482
0.943355
0.89614
0.808249
0.679353
0.514293
0.32089
0.109981
-0.106662
-0.316251
-0.507026
-0.668221
-0.79226
-0.874836
-0.917031
-0.924434
-0.908198
-0.880577
-0.846986
-0.811706
-0.762928
-0.567292
0.0116404
0.130913
0.729231
0.823783
0.836398
0.856788
0.875218
0.890164
0.895337
0.878406
0.82962
0.744814
0.623809
0.471061
0.293455
0.100575
-0.097309
-0.288945
-0.464067
-0.61313
-0.729438
-0.80901
-0.852743
-0.865486
-0.857352
-0.840638
-0.821349
-0.800645
-0.787913
-0.693179
-0.0946606
0.277534
0.838086
0.825258
0.816592
0.825175
0.831033
0.837462
0.83641
0.815708
0.766588
0.685501
0.57236
0.431273
0.268303
0.0919641
-0.0887622
-0.263928
-0.42455
-0.562125
-0.670728
-0.746666
-0.790708
-0.807103
-0.805035
-0.79669
-0.789865
-0.780911
-0.789463
-0.802134
-0.241306
0.467461
0.919865
0.805266
0.790568
0.788325
0.783708
0.784032
0.778509
0.755474
0.707021
0.630114
0.524724
0.394649
0.245233
0.0840761
-0.0809467
-0.240998
-0.388193
-0.514923
-0.615936
-0.687786
-0.731146
-0.749762
-0.752004
-0.749611
-0.753149
-0.754956
-0.769535
-0.884015
-0.431261
0.701722
0.965316
0.767628
0.760394
0.746733
0.734155
0.730544
0.722026
0.697863
0.650868
0.578456
0.480635
0.360934
0.224062
0.0768464
-0.0737958
-0.219969
-0.354741
-0.47126
-0.564865
-0.63232
-0.674217
-0.693854
-0.698932
-0.700318
-0.711695
-0.724847
-0.73195
-0.929567
-0.665554
0.979188
0.966862
0.717649
0.72751
0.700862
0.683306
0.677565
0.667278
0.642981
0.598053
0.530333
0.439846
0.329893
0.204629
0.0702169
-0.0672496
-0.200678
-0.323959
-0.430888
-0.517323
-0.580195
-0.620031
-0.639703
-0.646391
-0.649742
-0.665971
-0.692028
-0.682011
-0.93121
-0.943055
1.29652
0.919256
0.661572
0.692601
0.651249
0.63207
0.62556
0.614517
0.590892
0.548484
0.485553
0.402126
0.301316
0.186784
0.0641355
-0.0612545
-0.182975
-0.295634
-0.393577
-0.473118
-0.531319
-0.568653
-0.587564
-0.594848
-0.598799
-0.616514
-0.657187
-0.625964
-0.883695
-1.26043
1.64829
0.820045
0.605962
0.655588
0.598596
0.581292
0.57489
0.563944
0.541621
0.502056
0.443931
0.367262
0.275008
0.170395
0.0585555
-0.0557623
-0.166726
-0.269573
-0.359112
-0.432064
-0.485588
-0.520113
-0.537641
-0.544672
-0.548339
-0.564032
-0.620246
-0.570374
-0.784567
-1.61224
2.02727
0.669781
0.557055
0.615727
0.543829
0.531703
0.525827
0.515711
0.495164
0.458653
0.405288
0.335054
0.250793
0.155341
0.0534347
-0.0507296
-0.15181
-0.245597
-0.327292
-0.393981
-0.442885
-0.474404
-0.49009
-0.496137
-0.499095
-0.509454
-0.580467
-0.521481
-0.634374
-1.99127
2.42487
0.471965
0.520181
0.571817
0.488122
0.483868
0.478573
0.46993
0.451487
0.418152
0.36945
0.305316
0.228509
0.141514
0.0487352
-0.0461173
-0.138117
-0.223545
-0.297932
-0.358696
-0.403087
-0.431495
-0.445023
-0.449449
-0.45164
-0.453959
-0.536651
-0.484617
-0.436616
-2.38891
2.83161
0.232744
0.499296
0.522455
0.432862
0.43816
0.433277
0.426674
0.410536
0.380429
0.336253
0.277876
0.20801
0.128814
0.0444226
-0.0418902
-0.125547
-0.203268
-0.270856
-0.326039
-0.366068
-0.391331
-0.402519
-0.404765
-0.406353
-0.39894
-0.487402
-0.463744
-0.19744
-2.79571
3.23775
-0.0396088
0.496685
0.466332
0.379572
0.394738
0.390067
0.385982
0.372239
0.345356
0.305537
0.252574
0.189159
0.117151
0.0404658
-0.0380163
-0.11401
-0.18463
-0.245905
-0.295852
-0.331696
-0.35384
-0.362616
-0.362214
-0.363398
-0.345927
-0.431415
-0.461153
0.0748809
-3.2019
3.63381
-0.335364
0.512865
0.402494
0.329804
0.353559
0.349061
0.347858
0.336513
0.312804
0.277152
0.22926
0.171832
0.106444
0.0368363
-0.0344665
-0.103422
-0.167506
-0.222927
-0.26798
-0.299841
-0.318934
-0.325317
-0.321918
-0.322738
-0.296477
-0.367742
-0.477367
0.370614
-3.59803
4.01108
-0.64408
0.546664
0.330552
0.285
0.314406
0.310387
0.312266
0.303267
0.282647
0.250954
0.207795
0.155915
0.096617
0.0335087
-0.0312146
-0.0937075
-0.15178
-0.201782
-0.242279
-0.270372
-0.286519
-0.290587
-0.284007
-0.284163
-0.252041
-0.296002
-0.511223
0.679312
-3.97535
4.362
-0.955342
0.595475
0.250814
0.246366
0.276938
0.274186
0.279139
0.272406
0.254757
0.226808
0.18805
0.141303
0.0876018
0.0304593
-0.0282365
-0.0847986
-0.137349
-0.18234
-0.218608
-0.243158
-0.256498
-0.258355
-0.248625
-0.247335
-0.213832
-0.216509
-0.560122
0.990557
-4.32633
4.68046
-1.25943
0.655631
0.164312
0.214758
0.240754
0.24061
0.248373
0.243835
0.229009
0.204583
0.169903
0.127899
0.0793357
0.0276668
-0.0255104
-0.0766318
-0.124115
-0.164478
-0.196838
-0.21807
-0.228769
-0.228514
-0.215922
-0.211857
-0.182712
-0.130302
-0.620404
1.29462
-4.64486
4.96195
-1.54783
0.722839
0.0727388
0.190601
0.205455
0.209812
0.219836
0.217465
0.205279
0.184158
0.153242
0.115614
0.071761
0.0251115
-0.0230164
-0.0691491
-0.111987
-0.148084
-0.176845
-0.194979
-0.203237
-0.200928
-0.186051
-0.177334
-0.159115
-0.0390811
-0.687786
1.58298
-4.92641
5.20353
-1.81364
0.792628
-0.0216954
0.173863
0.170712
0.181927
0.193374
0.193207
0.183445
0.165418
0.137961
0.104366
0.0648247
0.0227755
-0.0207362
-0.0622973
-0.100884
-0.133051
-0.158511
-0.173759
-0.179808
-0.175435
-0.159143
-0.143439
-0.143013
0.0549352
-0.757807
1.84871
-5.16807
5.4038
-2.0517
0.860756
-0.116462
0.164068
0.136312
0.157058
0.16882
0.170981
0.163385
0.148255
0.123962
0.0940778
0.0584778
0.0206422
-0.0186531
-0.0560275
-0.0907299
-0.119281
-0.141728
-0.154285
-0.158394
-0.151861
-0.135296
-0.109958
-0.133936
0.149211
-0.826234
2.08666
-5.36844
5.56268
-2.25865
0.923532
-0.208938
0.160357
0.102191
0.135249
0.146002
0.150709
0.144981
0.132568
0.11115
0.0846793
0.0526755
0.0186964
-0.0167517
-0.0502947
-0.0814536
-0.10668
-0.126392
-0.136434
-0.13891
-0.130025
-0.114549
-0.0768245
-0.13103
0.241117
-0.889383
2.29345
-5.52743
5.68119
-2.43278
0.978032
-0.296622
0.161585
0.068442
0.116479
0.124757
0.132313
0.128117
0.118261
0.0994403
0.0761049
0.0473759
0.0169241
-0.0150179
-0.0450573
-0.0729901
-0.0951619
-0.112408
-0.120088
-0.121273
-0.109756
-0.0968704
-0.044127
-0.133149
0.328147
-0.944339
2.46735
-5.64609
5.76121
-2.57382
1.0222
-0.377327
0.166434
0.0353041
0.100649
0.10494
0.115719
0.112681
0.105243
0.0887503
0.0682938
0.0425407
0.0153123
-0.0134388
-0.0402768
-0.065279
-0.0846461
-0.0996864
-0.105132
-0.105401
-0.0908967
-0.0821514
-0.0120986
-0.138978
0.408107
-0.98906
2.6081
-5.72632
5.80527
-2.68268
1.05488
-0.449307
0.173537
0.00313563
0.08758
0.0864279
0.100845
0.0985661
0.09343
0.0790037
0.0611897
0.038134
0.013849
-0.0120024
-0.0359177
-0.0582644
-0.0750567
-0.0881418
-0.091458
-0.0912078
-0.0733167
-0.0702022
0.0189117
-0.147144
0.47925
-1.02238
2.71658
-5.77064
5.81627
-2.76112
1.07567
-0.511346
0.181588
-0.0276294
0.0770234
0.0691303
0.0876054
0.0856702
0.0827414
0.070129
0.05474
0.034123
0.0125229
-0.0106976
-0.0319473
-0.0518943
-0.0663231
-0.0776949
-0.0789641
-0.0786029
-0.0569148
-0.0607614
0.0484813
-0.156337
0.540358
-1.04392
2.79455
-5.78198
5.79736
-2.81148
1.08489
-0.562769
0.189431
-0.0565277
0.0686731
0.0529867
0.0759063
0.0738997
0.0731003
0.0620593
0.0488958
0.0304768
0.0113238
-0.0095142
-0.028335
-0.0461202
-0.0583794
-0.0682705
-0.0675563
-0.0674892
-0.0416217
-0.0535096
0.0761603
-0.165392
0.590759
-1.05399
2.84435
-5.76348
5.75176
-2.83648
1.08331
-0.603414
0.196127
-0.0831139
0.0621847
0.0379663
0.0656448
0.0631681
0.0644335
0.0547323
0.0436113
0.0271673
0.010242
-0.00844267
-0.0250529
-0.0408969
-0.0511643
-0.0597966
-0.0571492
-0.0577616
-0.027399
-0.0480895
0.101518
-0.173359
0.630295
-1.05338
2.86868
-5.71839
5.68267
-2.83896
1.07209
-0.633562
0.200988
-0.107001
0.057197
0.0240631
0.0567098
0.0533977
0.0566702
0.04809
0.0388439
0.0241679
0.00926838
-0.00747419
-0.0220748
-0.0361824
-0.0446211
-0.0522046
-0.0476666
-0.0493083
-0.0142345
-0.0441274
0.124184
-0.179534
0.659256
-1.04322
2.87038
-5.64992
5.59321
-2.82179
1.05253
-0.653846
0.203577
-0.127891
0.0533534
0.0112891
0.0489827
0.044519
0.0497422
0.0420788
0.0345535
0.0214543
0.00839451
-0.00660054
-0.0193767
-0.031937
-0.0386971
-0.045428
-0.0390417
-0.0420113
-0.00213605
-0.0412552
0.143877
-0.183464
0.678284
-1.02484
2.85232
-5.56118
5.48634
-2.78773
1.02604
-0.665146
0.203698
-0.145595
0.0503211
-0.000333193
0.0423401
0.036471
0.0435834
0.0366492
0.0307024
0.0190039
0.00761246
-0.00581403
-0.0169362
-0.0281239
-0.0333441
-0.0394028
-0.031216
-0.035749
0.00887649
-0.0391306
0.160422
-0.184934
0.688277
-0.999608
2.81727
-5.45515
5.36486
-2.73943
0.99398
-0.668498
0.201356
-0.160037
0.0478063
-0.0107795
0.0366563
0.0292001
0.0381295
0.0317556
0.0272555
0.0167959
0.00691478
-0.00510748
-0.0147329
-0.0247082
-0.0285173
-0.0340668
-0.0241392
-0.0303987
0.0187793
-0.0374523
0.17376
-0.183929
0.690285
-0.968892
2.76788
-5.33462
5.23136
-2.67932
0.957641
-0.665002
0.196715
-0.171253
0.0455645
-0.0200311
0.0318071
0.0226594
0.0333187
0.0273561
0.0241794
0.0148107
0.00629445
-0.00447416
-0.0127477
-0.021657
-0.024176
-0.02936
-0.0177676
-0.0258398
0.0275521
-0.0359711
0.183938
-0.180596
0.68543
-0.933959
2.70659
-5.20219
5.08822
-2.60966
0.918186
-0.655761
0.190054
-0.179374
0.0434059
-0.0280804
0.0276731
0.0168076
0.0290912
0.0234124
0.0214429
0.0130307
0.00574488
-0.00390778
-0.0109631
-0.0189398
-0.0202826
-0.0252243
-0.012063
-0.0219571
0.0351845
-0.0344946
0.1911
-0.175193
0.674834
-0.895954
2.63566
-5.06022
4.9376
-2.53246
0.876641
-0.641826
0.181719
-0.184612
0.0411956
-0.0349361
0.0241422
0.011607
0.0253897
0.0198894
0.0190164
0.0114392
0.00525982
-0.00340238
-0.00936295
-0.0165273
-0.0168028
-0.0216041
-0.00699112
-0.0186434
0.0416804
-0.0328881
0.195463
-0.16805
0.659569
-0.855885
2.55713
-4.91088
4.78143
-2.44955
0.833896
-0.624165
0.172086
-0.187237
0.0388496
-0.0406244
0.0211128
0.00702305
0.0221597
0.0167548
0.0168723
0.0100211
0.00483342
-0.00295242
-0.00793232
-0.0143924
-0.0137051
-0.0184464
-0.00252004
-0.0158016
0.0470608
-0.0310702
0.197302
-0.159529
0.640624
-0.814618
2.47285
-4.75606
4.62141
-2.36254
0.790704
-0.603647
0.16153
-0.187555
0.0363288
-0.0451904
0.0184952
0.00302251
0.0193501
0.013979
0.0149846
0.00876217
0.00446018
-0.0025527
-0.00665748
-0.0125095
-0.0109604
-0.015701
0.00138079
-0.0133466
0.0513643
-0.0290064
0.196924
-0.149996
0.618884
-0.772885
2.38444
-4.59745
4.45901
-2.27283
0.747695
-0.581033
0.150407
-0.18589
0.0336303
-0.048696
0.0162126
-0.000427285
0.016913
0.0115345
0.0133289
0.00764949
0.00413492
-0.00219835
-0.00552573
-0.0108546
-0.00854193
-0.0133213
0.00474184
-0.0112059
0.0546465
-0.0266999
0.194651
-0.139799
0.595126
-0.731292
2.29332
-4.43652
4.29551
-2.18161
0.705381
-0.556974
0.139031
-0.182567
0.0307786
-0.0512177
0.0142015
-0.00335927
0.0148046
0.00939601
0.0118826
0.00667101
0.00385281
-0.00188483
-0.0045254
-0.00940539
-0.00642467
-0.011264
0.00759414
-0.00931966
0.0569776
-0.0241825
0.190802
-0.12925
0.570013
-0.690333
2.20072
-4.2745
4.13195
-2.08989
0.664173
-0.532022
0.127674
-0.177896
0.0278166
-0.0528433
0.012411
-0.00580719
0.0129846
0.00753969
0.0106245
0.0058156
0.00360932
-0.00160792
-0.00364566
-0.00814108
-0.00458532
-0.00948975
0.00996995
-0.0076403
0.0584394
-0.0215048
0.185682
-0.118621
0.544104
-0.650402
2.10766
-4.11243
3.96921
-1.99852
0.624385
-0.506633
0.116559
-0.172169
0.0247982
-0.0536681
0.0108018
-0.00780569
0.0114171
0.00594323
0.00953506
0.00507294
0.00340028
-0.0013637
-0.0028765
-0.00704252
-0.00300196
-0.00796305
0.0119027
-0.00613126
0.0591218
-0.0187283
0.179573
-0.10814
0.517858
-0.611801
2.015
-3.95114
3.80797
-1.90815
0.586251
-0.481182
0.10586
-0.165645
0.021781
-0.0537911
0.00934484
-0.0093904
0.01007
0.00458551
0.00859647
0.00443347
0.00322181
-0.0011486
-0.00220866
-0.00609211
-0.00165383
-0.00665226
0.0134271
-0.00476563
0.0591193
-0.015918
0.172726
-0.0979883
0.491648
-0.574754
1.92342
-3.79132
3.6488
-1.81931
0.549929
-0.455965
0.0957082
-0.158556
0.0188212
-0.0533116
0.00801983
-0.0105977
0.00891514
0.0034465
0.00779227
0.00388829
0.00307036
-0.000959315
-0.00163353
-0.00527376
-0.000521262
-0.00552961
0.0145788
-0.00352468
0.0585273
-0.013137
0.165363
-0.0883052
0.465769
-0.539415
1.83345
-3.6335
3.4921
-1.7324
0.515513
-0.431216
0.086195
-0.151098
0.0159703
-0.0523262
0.00681309
-0.0114643
0.00792796
0.00250716
0.00710759
0.00342914
0.00294271
-0.000792888
-0.00114311
-0.00457287
0.000414492
-0.00457089
0.015394
-0.00239595
0.0574393
-0.0104424
0.157671
-0.0791917
0.440445
-0.505879
1.74551
-3.47806
3.33816
-1.6477
0.483044
-0.407112
0.0773774
-0.143436
0.0132718
-0.0509262
0.00571613
-0.0120266
0.00708742
0.00174933
0.00652903
0.00304831
0.00283593
-0.000646636
-0.000729962
-0.00397633
0.00117129
-0.00375532
0.0159088
-0.00137186
0.0559446
-0.0078828
0.149809
-0.0707148
0.415845
-0.474189
1.65988
-3.3253
3.18718
-1.5654
0.452517
-0.383782
0.0692836
-0.135707
0.0107604
-0.0491964
0.0047241
-0.0123207
0.00637559
0.00115573
0.00604456
0.00273865
0.00274743
-0.000518191
-0.000387188
-0.00347236
0.00176612
-0.00306524
0.0161588
-0.000448124
0.0541259
-0.00549661
0.141904
-0.0629125
0.392089
-0.444347
1.57674
-3.1754
3.03928
-1.48562
0.42389
-0.361314
0.0619182
-0.128019
0.00846116
-0.0472132
0.00383436
-0.0123811
0.00577728
0.000709987
0.00564352
0.00249351
0.0026749
-0.000405466
-0.000108352
-0.00305057
0.00221507
-0.0024857
0.0161784
0.000377469
0.0520586
-0.00331207
0.134061
-0.0557984
0.369254
-0.416318
1.49622
-3.02847
2.89451
-1.40839
0.397094
-0.339762
0.0552672
-0.120458
0.00639007
-0.0450444
0.00304545
-0.0122408
0.00527975
0.000396628
0.00531654
0.00230673
0.00261629
-0.000306607
0.000112462
-0.00270182
0.00253337
-0.00200425
0.0160003
0.00110608
0.0498096
-0.00134734
0.126358
-0.0493662
0.347384
-0.39004
1.41834
-2.88456
2.75284
-1.33371
0.372034
-0.319155
0.0493021
-0.113087
0.00455455
-0.0427489
0.00235633
-0.0119307
0.00487246
0.000201178
0.0050554
0.00217265
0.00256987
-0.000220074
0.000280744
-0.00241811
0.00273524
-0.00161055
0.0156554
0.00173856
0.0474376
0.000388549
0.118857
-0.0435938
0.326499
-0.36543
1.34309
-2.74367
2.61423
-1.26154
0.3486
-0.299495
0.0439835
-0.105955
0.00295448
-0.040377
0.00176569
-0.0114793
0.00454656
0.000110197
0.00485304
0.00208602
0.00253417
-0.000144564
0.000401533
-0.0021926
0.00283389
-0.00129601
0.0151717
0.00227603
0.0449923
0.00189461
0.111604
-0.0384473
0.306595
-0.342387
1.27041
-2.60574
2.47858
-1.19177
0.326672
-0.280772
0.0392641
-0.0990935
0.00158345
-0.0379707
0.00127174
-0.0109123
0.00429484
0.000111312
0.00470347
0.00204207
0.00250795
-7.90105e-05
0.000479433
-0.00201949
0.00284146
-0.00105366
0.0145748
0.00272014
0.0425156
0.00317651
0.104628
-0.0338836
0.287652
-0.320798
1.20021
-2.47068
2.34576
-1.12431
0.306121
-0.262959
0.0350913
-0.092525
0.000429976
-0.0355644
0.000871904
-0.0102525
0.00411141
0.000193322
0.00460162
0.00203653
0.00249023
-2.25565e-05
0.000518573
-0.0018939
0.00276896
-0.000877824
0.0138875
0.00307329
0.0400419
0.00424528
0.0979495
-0.0298531
0.26964
-0.30054
1.13236
-2.33839
2.21565
-1.05902
0.286812
-0.246019
0.0314095
-0.0862617
-0.000521278
-0.0331857
0.000562921
-0.0095199
0.00399147
0.000346251
0.00454337
0.00206555
0.00248024
2.544e-05
0.000522655
-0.00181186
0.00262618
-0.000763933
0.0131294
0.00333858
0.0375985
0.00511595
0.091581
-0.0263023
0.252518
-0.281487
1.06673
-2.20873
2.08807
-0.995749
0.26861
-0.229911
0.0281611
-0.0803088
-0.00128838
-0.0308558
0.000340951
-0.00873144
0.0039313
0.000561342
0.00452545
0.00212577
0.0024774
6.54417e-05
0.000494917
-0.00177025
0.00242169
-0.000708467
0.0123174
0.00351966
0.0352067
0.0058064
0.0855268
-0.0231753
0.236241
-0.263508
1.00317
-2.08154
1.96287
-0.934352
0.251381
-0.214589
0.0252883
-0.0746663
-0.00189107
-0.0285907
0.000201739
-0.00790113
0.00392809
0.000831145
0.00454533
0.00221431
0.00248133
9.77314e-05
0.000438132
-0.00176669
0.00216279
-0.000708823
0.0114652
0.0036206
0.0328824
0.00633624
0.0797866
-0.0204152
0.220759
-0.246472
0.941506
-1.95668
1.83987
-0.874669
0.234989
-0.200002
0.0227339
-0.0693303
-0.00234975
-0.0264017
0.000140913
-0.0070401
0.00397984
0.00114953
0.00460129
0.00232878
0.00249183
0.000122432
0.000354608
-0.00179956
0.00185547
-0.000763189
0.0105838
0.00364558
0.0306368
0.00672575
0.0743564
-0.0179654
0.206024
-0.230249
0.881584
-1.83398
1.71891
-0.816542
0.219306
-0.186105
0.0204421
-0.0642945
-0.00268476
-0.0242962
0.000154325
-0.00615678
0.00408547
0.00151165
0.00469231
0.00246725
0.00250886
0.000139522
0.000246195
-0.00186796
0.00150444
-0.000870657
0.00968145
0.00359855
0.0284769
0.0069952
0.0692298
-0.0157706
0.191984
-0.21471
0.823241
-1.71327
1.59982
-0.759823
0.204203
-0.172851
0.0183594
-0.0595508
-0.00291561
-0.0222777
0.0002383
-0.00525696
0.00424479
0.00191401
0.00481801
0.00262831
0.00253253
0.000148841
0.000114235
-0.00197159
0.00111311
-0.00103119
0.00876381
0.00348299
0.0264066
0.00716399
0.0643985
-0.0137775
0.178595
-0.199731
0.766323
-1.59439
1.48244
-0.704369
0.189563
-0.160199
0.0164349
-0.0550904
-0.00306033
-0.0203472
0.00038999
-0.0043439
0.00445844
0.00235444
0.00497874
0.00281103
0.00256308
0.00015009
-4.03829e-05
-0.00211086
0.000683538
-0.00124555
0.00783398
0.00330157
0.0244264
0.00725003
0.0598539
-0.0119354
0.165815
-0.185195
0.710687
-1.4772
1.36665
-0.65006
0.175271
-0.148116
0.0146215
-0.0509044
-0.00313487
-0.0185027
0.000607756
-0.00341854
0.00472808
0.00283204
0.00517549
0.00301496
0.00260093
0.000142846
-0.000217249
-0.00228685
0.000216557
-0.00151555
0.00689276
0.00305574
0.0225344
0.00726915
0.055587
-0.0101974
0.153608
-0.17099
0.656209
-1.36157
1.25232
-0.5968
0.161227
-0.136575
0.0128763
-0.0469848
-0.00315252
-0.0167403
0.000891414
-0.00247955
0.00505642
0.00334721
0.00540989
0.0032402
0.00264654
0.000126622
-0.000416488
-0.00250122
-0.000288307
-0.001844
0.00593871
0.00274554
0.0207264
0.00723451
0.0515897
-0.00852077
0.14195
-0.157015
0.602789
-1.24737
1.13939
-0.544528
0.147341
-0.125565
0.0111621
-0.0433244
-0.00312339
-0.0150535
0.00124257
-0.00152344
0.00544728
0.00390167
0.0056842
0.00348733
0.00270057
0.00010076
-0.000638672
-0.00275627
-0.000832824
-0.00223482
0.00496824
0.00236918
0.0189959
0.00715605
0.0478549
-0.00686847
0.130827
-0.143182
0.550369
-1.13456
1.02785
-0.49324
0.133546
-0.115087
0.00944788
-0.0399179
-0.00305384
-0.0134343
0.00166495
-0.000544678
0.00590569
0.00449834
0.00600143
0.00375738
0.00276378
6.45053e-05
-0.000884847
-0.00305501
-0.00141993
-0.00269311
0.00397572
0.00192278
0.0173347
0.00703993
0.044377
-0.00521005
0.120242
-0.129425
0.498942
-1.0231
0.917762
-0.443005
0.119795
-0.105164
0.00771122
-0.0367617
-0.0029458
-0.0118726
0.00216466
0.000464342
0.00643801
0.00514133
0.00636524
0.00405191
0.00283706
1.69961e-05
-0.00115654
-0.00340113
-0.00205379
-0.00322531
0.00295349
0.00140012
0.0157327
0.00688786
0.0411525
-0.00352338
0.110217
-0.1157
0.448575
-0.913088
0.809332
-0.393996
0.106081
-0.0958419
0.00593935
-0.0338542
-0.00279625
-0.0103563
0.00275046
0.00151315
0.00705199
0.0058361
0.00677993
0.00437296
0.0029214
-4.2739e-05
-0.0014558
-0.00379893
-0.00273984
-0.0038392
0.00189194
0.000792282
0.0141777
0.00669656
0.0381797
-0.00179633
0.100797
-0.101998
0.399445
-0.804709
0.70294
-0.346535
0.0924374
-0.0871954
0.00413137
-0.0311958
-0.00259652
-0.00887138
0.00343411
0.00261338
0.00775696
0.00658927
0.00725066
0.0047231
0.00301796
-0.000115802
-0.00178512
-0.00425354
-0.0034847
-0.00454417
0.00077941
8.73775e-05
0.0126555
0.00645706
0.0354589
-2.87147e-05
0.0920584
-0.0883579
0.351872
-0.698351
0.599241
-0.30115
0.0789597
-0.0793322
0.00230057
-0.0287884
-0.00233162
-0.00740126
0.00423059
0.00377861
0.00856385
0.0074086
0.00778329
0.00510534
0.00312798
-0.000203395
-0.00214749
-0.00477079
-0.00429614
-0.00535117
-0.000397726
-0.000729683
0.0111494
0.00615404
0.0329918
0.00176527
0.0841084
-0.0748747
0.306385
-0.59467
0.499292
-0.258646
0.0658174
-0.0723929
0.000476154
-0.0266342
-0.00198074
-0.00592822
0.00515687
0.00502293
0.00948396
0.00830207
0.00838357
0.00552269
0.0032527
-0.000306684
-0.00254585
-0.0053564
-0.00518208
-0.00627151
-0.00165357
-0.00167598
0.00964176
0.00576633
0.0307808
0.00355539
0.0770885
-0.0617216
0.263794
-0.494724
0.404673
-0.220103
0.0532204
-0.0665251
-0.00130875
-0.0247291
-0.00152141
-0.0044316
0.00623026
0.00636163
0.0105286
0.00927805
0.00905729
0.00597841
0.00339325
-0.00042675
-0.0029834
-0.00601612
-0.0061509
-0.00731647
-0.00300341
-0.0027689
0.00811175
0.00527116
0.0288214
0.00530748
0.0711468
-0.0491111
0.225178
-0.400095
0.317486
-0.186882
0.0412435
-0.0618341
-0.00305109
-0.0230384
-0.000921053
-0.00286299
0.00748956
0.00783508
0.0117292
0.0103633
0.00982304
0.00648431
0.00355332
-0.000567041
-0.00347175
-0.0067684
-0.00722928
-0.00851767
-0.00448783
-0.00404755
0.00651048
0.00463531
0.0270783
0.00701723
0.066388
-0.0371208
0.191904
-0.312885
0.241673
-0.162478
0.0304439
-0.0587265
-0.00459699
-0.0215639
-5.18552e-05
-0.00113763
0.00904902
0.00952994
0.0131709
0.0116184
0.0107289
0.00706673
0.00374355
-0.000737535
-0.00403671
-0.00766099
-0.00847778
-0.00996045
-0.00619422
-0.0056276
0.00475156
0.00372829
0.0255508
0.00852653
0.0632178
-0.0263143
0.167474
-0.237036
0.190414
-0.157633
0.0265961
-0.0594311
-0.00461611
-0.0209089
0.00129971
0.000409643
0.0107996
0.011171
0.0146794
0.0128388
0.0116494
0.0076264
0.0039417
-0.000917854
-0.00458057
-0.00856992
-0.00969245
-0.0114713
-0.00784625
-0.00739997
0.00317378
0.00233582
0.024851
0.00849799
0.0638805
-0.022487
0.162638
-0.18574
0.00162835
-0.069689
-0.0265306
0.249292
0.601841
0.90946
1.17356
1.41111
1.60622
1.7174
1.70264
1.53789
1.225
0.789062
0.27312
-0.269788
-0.78292
-1.21363
-1.51977
-1.67755
-1.68646
-1.57132
-1.37413
-1.13583
-0.871615
-0.563989
-0.211365
0.0645216
0.107674
0.0363482
-0.0118237
-0.0804591
0.0296547
0.353069
0.692351
0.964369
1.19513
1.39972
1.55933
1.6368
1.59843
1.42717
1.12754
0.722602
0.249687
-0.246034
-0.716378
-1.11649
-1.40976
-1.57428
-1.60677
-1.52511
-1.36313
-1.15756
-0.926559
-0.654518
-0.315166
0.00832685
0.118448
0.0498015
-0.0287488
-0.0779232
0.103244
0.452635
0.763052
0.99773
1.19633
1.36849
1.49448
1.54238
1.48573
1.31281
1.0296
0.656848
0.226656
-0.222723
-0.650562
-1.01886
-1.29608
-1.4625
-1.51327
-1.46099
-1.33235
-1.15896
-0.959983
-0.725241
-0.414757
-0.0652763
0.115916
0.0667309
-0.0484048
-0.0590543
0.190012
0.544626
0.81797
1.01772
1.18734
1.33055
1.42803
1.45247
1.38292
1.21124
0.944077
0.599983
0.206813
-0.20269
-0.59369
-0.933636
-1.19516
-1.36055
-1.42424
-1.39524
-1.29487
-1.1502
-0.98006
-0.780193
-0.506781
-0.152067
0.097046
0.0863921
-0.069138
-0.0209383
0.287853
0.628998
0.860708
1.02793
1.17063
1.28739
1.36004
1.36526
1.28635
1.11778
0.866383
0.548714
0.188972
-0.184722
-0.542455
-0.856254
-1.1023
-1.2648
-1.33787
-1.32797
-1.25219
-1.13376
-0.990378
-0.822977
-0.591194
-0.249941
0.0589214
0.107129
-0.0878891
0.0387418
0.392122
0.702523
0.891231
1.02879
1.14654
1.2393
1.29047
1.28003
1.19466
1.03067
0.79483
0.501824
0.172698
-0.168368
-0.495627
-0.78501
-1.01578
-1.17388
-1.25347
-1.25911
-1.2046
-1.10996
-0.991376
-0.85356
-0.664767
-0.354255
-0.000778651
0.125878
-0.100403
0.120576
0.496829
0.762274
0.90973
1.02084
1.11571
1.18714
1.22011
1.19726
1.10791
0.949665
0.729032
0.458987
0.157867
-0.153495
-0.452875
-0.719519
-0.935338
-1.08789
-1.1715
-1.18945
-1.15296
-1.07944
-0.983579
-0.87213
-0.724572
-0.459018
-0.0826464
0.138381
-0.101424
0.223005
0.595621
0.806632
0.917072
1.00486
1.07902
1.13189
1.14975
1.11738
1.02612
0.874478
0.668575
0.419865
0.144352
-0.13997
-0.413856
-0.659368
-0.860689
-1.00682
-1.09239
-1.11978
-1.09822
-1.04307
-0.96777
-0.87955
-0.768987
-0.557872
-0.185121
0.139382
-0.084956
0.342186
0.682392
0.835213
0.914408
0.981663
1.03736
1.07444
1.08003
1.04063
0.94917
0.804722
0.613004
0.384103
0.132023
-0.127658
-0.378213
-0.6041
-0.791454
-0.930561
-1.0164
-1.05074
-1.0413
-1.00175
-0.944749
-0.876974
-0.797628
-0.644707
-0.304359
0.122882
-0.0446327
0.472059
0.751862
0.848734
0.902955
0.95202
0.991631
1.0156
1.01148
0.967194
0.876888
0.740031
0.561902
0.351382
0.120763
-0.116437
-0.345624
-0.5533
-0.727268
-0.858955
-0.943706
-0.982876
-0.982987
-0.956361
-0.915298
-0.865614
-0.811206
-0.714243
-0.434295
0.082516
0.0258185
0.604622
0.800123
0.848815
0.883861
0.916721
0.942721
0.956114
0.944542
0.897168
0.809106
0.68006
0.514894
0.321422
0.11047
-0.1062
-0.315806
-0.506592
-0.667791
-0.791832
-0.874413
-0.916617
-0.924032
-0.907809
-0.880201
-0.846618
-0.811343
-0.762565
-0.566926
0.0120141
0.132064
0.73044
0.825052
0.837699
0.858119
0.876567
0.891504
0.896618
0.879567
0.830616
0.745638
0.624489
0.47164
0.293972
0.101054
-0.0968546
-0.288505
-0.463636
-0.612702
-0.729012
-0.808586
-0.852326
-0.865081
-0.85696
-0.840259
-0.820979
-0.800281
-0.78755
-0.692813
-0.0942871
0.27865
0.839328
0.826553
0.817912
0.826525
0.832394
0.838801
0.837675
0.816841
0.76755
0.686292
0.573013
0.431832
0.268805
0.0924321
-0.0883154
-0.263495
-0.424123
-0.5617
-0.670303
-0.746242
-0.79029
-0.806695
-0.80464
-0.796308
-0.789493
-0.780546
-0.789099
-0.801767
-0.240932
0.468548
0.921147
0.806583
0.791907
0.789692
0.785078
0.785368
0.779757
0.756577
0.707948
0.630871
0.525349
0.395188
0.24572
0.0845334
-0.0805079
-0.24057
-0.387771
-0.514501
-0.615513
-0.687363
-0.730727
-0.749351
-0.751607
-0.749227
-0.752776
-0.754589
-0.76917
-0.883648
-0.430887
0.702786
0.966642
0.768964
0.761749
0.748115
0.735532
0.731873
0.723253
0.698934
0.651758
0.579179
0.481232
0.361452
0.224535
0.0772927
-0.0733652
-0.219548
-0.354323
-0.470842
-0.564444
-0.631897
-0.673797
-0.693442
-0.698532
-0.699931
-0.71132
-0.724479
-0.731584
-0.929199
-0.66518
0.980236
0.968234
0.718999
0.728879
0.702256
0.684686
0.678885
0.668481
0.644019
0.598906
0.531021
0.440416
0.330391
0.205086
0.0706521
-0.0668275
-0.200263
-0.323546
-0.430474
-0.516905
-0.579774
-0.61961
-0.639289
-0.645988
-0.649353
-0.665593
-0.691658
-0.681645
-0.930842
-0.942681
1.29756
0.920675
0.662932
0.693985
0.652653
0.63345
0.626868
0.615695
0.591893
0.549298
0.486207
0.402669
0.301794
0.187227
0.0645596
-0.0608409
-0.182567
-0.295227
-0.393168
-0.472703
-0.5309
-0.568233
-0.587149
-0.594444
-0.598408
-0.616135
-0.656816
-0.625597
-0.883326
-1.26005
1.64933
0.82151
0.607327
0.656985
0.600007
0.58267
0.576182
0.565093
0.542585
0.502831
0.444551
0.367778
0.275466
0.170823
0.0589685
-0.0553574
-0.166325
-0.269172
-0.358707
-0.431653
-0.485171
-0.519693
-0.537225
-0.544265
-0.547945
-0.56365
-0.619873
-0.570005
-0.784198
-1.61187
2.02833
0.671287
0.558422
0.617138
0.545244
0.533074
0.527101
0.516827
0.496087
0.459387
0.405873
0.335544
0.251232
0.155755
0.0538366
-0.0503336
-0.151416
-0.245202
-0.326892
-0.393575
-0.442471
-0.473986
-0.489673
-0.495729
-0.498699
-0.50907
-0.580092
-0.521111
-0.634004
-1.9909
2.42594
0.473505
0.521546
0.573239
0.489537
0.485229
0.479823
0.47101
0.452368
0.418846
0.370002
0.30578
0.22893
0.141914
0.0491261
-0.0457302
-0.137731
-0.223156
-0.297537
-0.358293
-0.402676
-0.431079
-0.444607
-0.44904
-0.451242
-0.453573
-0.536274
-0.484246
-0.436246
-2.38854
2.83271
0.234311
0.500656
0.523888
0.434273
0.439507
0.4345
0.427716
0.411373
0.381082
0.336771
0.278316
0.208412
0.1292
0.0448026
-0.041512
-0.125168
-0.202885
-0.270467
-0.325641
-0.365661
-0.390917
-0.402103
-0.404355
-0.405952
-0.398551
-0.487023
-0.463371
-0.197069
-2.79533
3.23889
-0.0380247
0.498041
0.467774
0.380976
0.396067
0.391258
0.386982
0.373032
0.345967
0.306023
0.252989
0.189543
0.117524
0.0408349
-0.0376469
-0.113638
-0.184253
-0.245521
-0.295459
-0.331293
-0.353428
-0.362202
-0.361803
-0.362996
-0.345536
-0.431034
-0.460779
0.0752527
-3.20153
3.63499
-0.333771
0.514215
0.403942
0.331195
0.354866
0.350217
0.348813
0.337259
0.313374
0.277606
0.229652
0.172199
0.106804
0.0371949
-0.034106
-0.103057
-0.167135
-0.222549
-0.267592
-0.299443
-0.318526
-0.324904
-0.321507
-0.322335
-0.296084
-0.367359
-0.476992
0.370986
-3.59765
4.01231
-0.642488
0.548009
0.332004
0.286374
0.315687
0.311502
0.313173
0.303965
0.283177
0.251378
0.208166
0.156266
0.0969639
0.0338568
-0.0308628
-0.0933505
-0.151417
-0.20141
-0.241896
-0.269978
-0.286115
-0.290177
-0.283597
-0.283758
-0.251646
-0.295617
-0.510846
0.679686
-3.97498
4.36328
-0.95376
0.596816
0.252264
0.247719
0.278188
0.275257
0.279996
0.273055
0.255247
0.227202
0.1884
0.141639
0.0879365
0.0307973
-0.0278933
-0.084449
-0.136992
-0.181974
-0.218232
-0.24277
-0.256097
-0.257947
-0.248215
-0.246929
-0.213436
-0.216122
-0.559743
0.990931
-4.32596
4.6818
-1.25786
0.656969
0.165756
0.216084
0.241967
0.241632
0.249177
0.244437
0.229461
0.204949
0.170233
0.12822
0.0796586
0.0279948
-0.0251757
-0.0762895
-0.123764
-0.164118
-0.196467
-0.217687
-0.228373
-0.22811
-0.215514
-0.211451
-0.182315
-0.129913
-0.620024
1.29499
-4.64448
4.96333
-1.54629
0.724174
0.0741698
0.191895
0.206628
0.210781
0.220586
0.218018
0.205694
0.184498
0.153554
0.115922
0.0720726
0.0254299
-0.02269
-0.0688141
-0.111643
-0.14773
-0.17648
-0.194601
-0.202846
-0.200527
-0.185644
-0.176929
-0.158716
-0.0386914
-0.687404
1.58335
-4.92604
5.20496
-1.81213
0.79396
-0.0202835
0.175121
0.171839
0.182841
0.194069
0.193713
0.183824
0.165734
0.138256
0.10466
0.0651254
0.0230846
-0.0204179
-0.0619695
-0.100547
-0.132703
-0.158152
-0.173387
-0.179422
-0.175038
-0.158739
-0.143035
-0.142614
0.0553262
-0.757424
1.84909
-5.1677
5.40527
-2.05022
0.862084
-0.115076
0.165285
0.137389
0.157911
0.169459
0.171441
0.163731
0.148548
0.12424
0.0943596
0.0587682
0.0209424
-0.0183427
-0.0557067
-0.0903986
-0.118939
-0.141374
-0.153918
-0.158013
-0.151468
-0.134895
-0.109555
-0.133537
0.149603
-0.825849
2.08704
-5.36806
5.56418
-2.2572
0.924854
-0.207585
0.161528
0.103212
0.136041
0.146585
0.151123
0.145296
0.13284
0.111414
0.0849495
0.052956
0.0189879
-0.0164489
-0.0499808
-0.0811286
-0.106343
-0.126044
-0.136073
-0.138535
-0.129637
-0.114151
-0.0764233
-0.130631
0.24151
-0.888998
2.29383
-5.52706
5.68271
-2.43136
0.979343
-0.29531
0.162704
0.0694028
0.117208
0.125284
0.132686
0.128404
0.118514
0.0996909
0.0763642
0.0476471
0.0172073
-0.0147226
-0.0447501
-0.0726712
-0.0948314
-0.112066
-0.119732
-0.120904
-0.109373
-0.0964769
-0.0437281
-0.132751
0.32854
-0.943953
2.46773
-5.64572
5.76275
-2.57244
1.0235
-0.376062
0.167498
0.0362009
0.101312
0.105413
0.116051
0.112942
0.105479
0.0889886
0.0685431
0.0428029
0.0155876
-0.0131507
-0.0399761
-0.0649662
-0.0843213
-0.0993494
-0.104782
-0.105037
-0.0905189
-0.0817621
-0.0117026
-0.138581
0.4085
-0.988674
2.60848
-5.72595
5.80681
-2.68134
1.05615
-0.448097
0.174542
0.0039651
0.0881786
0.086849
0.101141
0.0988029
0.0936509
0.0792308
0.0614296
0.0383879
0.0141166
-0.0117212
-0.0356234
-0.0579574
-0.0747374
-0.0878102
-0.0911135
-0.0908494
-0.0729443
-0.0698175
0.0193045
-0.146749
0.479643
-1.02199
2.71696
-5.77027
5.81781
-2.75982
1.07692
-0.510196
0.182529
-0.0268697
0.0775582
0.0695022
0.0878674
0.0858862
0.0829487
0.070346
0.0549712
0.034369
0.0127834
-0.010423
-0.0316591
-0.051593
-0.0660092
-0.0773686
-0.078625
-0.0782501
-0.0565478
-0.0603816
0.0488703
-0.155944
0.54075
-1.04354
2.79493
-5.7816
5.79888
-2.81022
1.0861
-0.561685
0.190305
-0.0558394
0.0691458
0.0533125
0.076138
0.0740975
0.0732959
0.0622672
0.0491189
0.0307155
0.0115774
-0.00924597
-0.0280528
-0.0458244
-0.0580708
-0.0679493
-0.0672223
-0.0671417
-0.0412601
-0.0531348
0.0765453
-0.165002
0.591149
-1.05361
2.84473
-5.76311
5.75326
-2.83527
1.08448
-0.6024
0.196932
-0.0824972
0.0625981
0.0382496
0.0658497
0.0633501
0.0646187
0.054932
0.0438271
0.027399
0.0104891
-0.0081805
-0.0247763
-0.0406065
-0.0508608
-0.0594804
-0.0568202
-0.0574193
-0.0270428
-0.0477199
0.101899
-0.172972
0.630683
-1.053
2.86906
-5.71801
5.68413
-2.83779
1.0732
-0.632623
0.201721
-0.106455
0.0575546
0.0243079
0.0568914
0.0535662
0.0568464
0.0482824
0.0390528
0.0243931
0.00950937
-0.0072178
-0.0218036
-0.0358971
-0.0443225
-0.0518932
-0.0473426
-0.0489711
-0.0138836
-0.043763
0.12456
-0.17915
0.659642
-1.04284
2.87076
-5.64954
5.59463
-2.82066
1.05359
-0.652984
0.204238
-0.127414
0.0536594
0.0114998
0.0491445
0.0446762
0.0499106
0.0422646
0.0347561
0.0216735
0.00862974
-0.00634962
-0.0191107
-0.0316567
-0.0384033
-0.0451212
-0.0387223
-0.0416791
-0.00179029
-0.0408959
0.144248
-0.183084
0.678668
-1.02446
2.8527
-5.5608
5.4877
-2.78666
1.02704
-0.664363
0.204286
-0.145184
0.0505803
-0.000152324
0.0424851
0.0366187
0.0437451
0.0368291
0.0308994
0.0192176
0.0078423
-0.0055683
-0.0166752
-0.0278484
-0.0330548
-0.0391005
-0.0309011
-0.0354214
0.00921728
-0.0387765
0.160788
-0.184558
0.688658
-0.999227
2.81765
-5.45478
5.36616
-2.73841
0.99491
-0.667794
0.201874
-0.159687
0.0480237
-0.0106242
0.0367877
0.0293401
0.0382855
0.0319301
0.0274472
0.0170043
0.00713956
-0.00486663
-0.0144766
-0.0244372
-0.0282324
-0.0337688
-0.0238286
-0.0300756
0.0191153
-0.0371032
0.174121
-0.183558
0.690663
-0.968513
2.76826
-5.33425
5.23259
-2.67836
0.958497
-0.664377
0.197165
-0.170959
0.0457457
-0.019897
0.0319276
0.0227932
0.0334698
0.0275259
0.0243663
0.0150144
0.00651453
-0.00423792
-0.0124959
-0.0213904
-0.0238953
-0.0290661
-0.0174611
-0.025521
0.0278836
-0.0356268
0.184295
-0.18023
0.685804
-0.933583
2.70696
-5.20182
5.08937
-2.60876
0.918965
-0.655213
0.19044
-0.179131
0.0435562
-0.0279638
0.0277849
0.0169362
0.029238
0.023578
0.0216254
0.01323
0.0059606
-0.00367585
-0.0107155
-0.0186772
-0.0200059
-0.0249343
-0.0117604
-0.0216423
0.0355117
-0.0341549
0.191452
-0.174831
0.675204
-0.895581
2.63603
-5.05985
4.93867
-2.53162
0.877342
-0.64135
0.182045
-0.184414
0.0413201
-0.0348333
0.0242475
0.0117315
0.0255329
0.0200512
0.019195
0.0116345
0.00547149
-0.00317448
-0.00911935
-0.0162687
-0.0165299
-0.0213179
-0.00669223
-0.0183323
0.0420035
-0.0325527
0.19581
-0.167692
0.659935
-0.855515
2.5575
-4.91051
4.7824
-2.44878
0.834519
-0.623759
0.172357
-0.187077
0.0389533
-0.0405324
0.0212132
0.00714431
0.0222998
0.0169133
0.0170474
0.0102127
0.00504136
-0.00272827
-0.00769246
-0.0141375
-0.0134358
-0.0181637
-0.00222467
-0.0154941
0.0473801
-0.0307389
0.197645
-0.159176
0.640985
-0.814251
2.47322
-4.75569
4.62229
-2.36184
0.791252
-0.603304
0.161754
-0.187427
0.0364161
-0.0451064
0.0185922
0.00314116
0.0194875
0.0141345
0.0151564
0.00895048
0.0046647
-0.00233202
-0.00642111
-0.012258
-0.0106946
-0.0154217
0.00167283
-0.0130425
0.05168
-0.028679
0.197263
-0.149647
0.619242
-0.772521
2.38481
-4.59709
4.4598
-2.27219
0.748169
-0.580747
0.150588
-0.185788
0.0337052
-0.0486176
0.0163072
-0.000310721
0.0170481
0.0116874
0.0134979
0.00783479
0.00433632
-0.00198089
-0.00529262
-0.0106064
-0.00827932
-0.0130451
0.00503072
-0.010905
0.0549589
-0.0263762
0.194986
-0.139454
0.59548
-0.730931
2.29369
-4.43616
4.29621
-2.18103
0.705787
-0.556739
0.139177
-0.182485
0.0308445
-0.0511432
0.0142945
-0.00324437
0.0149377
0.00954655
0.012049
0.00685361
0.00405136
-0.00167033
-0.00429531
-0.00916021
-0.0061651
-0.0109908
0.00788005
-0.00902177
0.0572869
-0.0238621
0.191134
-0.128908
0.570363
-0.689976
2.20108
-4.27414
4.13256
-2.08938
0.664516
-0.531831
0.12779
-0.17783
0.0278764
-0.0527712
0.012503
-0.00569364
0.0131161
0.00768821
0.0107887
0.00599579
0.0038053
-0.00139612
-0.00341837
-0.00789874
-0.00432861
-0.00921943
0.0102531
-0.00734522
0.0587458
-0.0211875
0.18601
-0.118283
0.54445
-0.650048
2.10802
-4.11207
3.96972
-1.99806
0.624672
-0.506479
0.116651
-0.172114
0.024854
-0.0535972
0.0108932
-0.00769321
0.0115471
0.00609
0.00969736
0.005251
0.00359395
-0.00115437
-0.0026518
-0.00680283
-0.00274792
-0.00769539
0.0121832
-0.00583882
0.0594255
-0.0184138
0.179898
-0.107806
0.518201
-0.611451
2.01536
-3.95079
3.80841
-1.90774
0.586487
-0.481058
0.105933
-0.165599
0.0218346
-0.0537207
0.00943614
-0.00927876
0.0101989
0.00473079
0.0087571
0.00460966
0.00341341
-0.0009415
-0.00198632
-0.00585488
-0.00140229
-0.0063871
0.0137051
-0.00447568
0.0594205
-0.0156062
0.173048
-0.0976568
0.491989
-0.574407
1.92377
-3.79097
3.64916
-1.81895
0.550121
-0.455866
0.0957674
-0.158514
0.0188741
-0.053241
0.0081112
-0.0104867
0.00904302
0.00359055
0.00795148
0.00406285
0.00326013
-0.000754234
-0.00141334
-0.00503878
-0.000272029
-0.00526679
0.0148545
-0.00323705
0.0588261
-0.0128277
0.165682
-0.0879764
0.466106
-0.539071
1.8338
-3.63315
3.49238
-1.73208
0.515667
-0.431137
0.0862439
-0.151059
0.0160233
-0.0522549
0.0069047
-0.0113537
0.00805511
0.00265022
0.00726562
0.0036023
0.00313087
-0.00058961
-0.000924881
-0.00433997
0.00066158
-0.00431024
0.0156675
-0.0021105
0.057736
-0.0101353
0.157988
-0.0788655
0.44078
-0.505537
1.74586
-3.47771
3.33838
-1.64742
0.483167
-0.407048
0.0774191
-0.143398
0.0133256
-0.0508541
0.00580815
-0.0119163
0.00721405
0.0018916
0.0066861
0.00322029
0.0030227
-0.000444958
-0.000513506
-0.00374532
0.0014164
-0.0034967
0.0161802
-0.00108845
0.0562392
-0.00757779
0.150124
-0.070391
0.416178
-0.47385
1.66022
-3.32495
3.18735
-1.56516
0.452614
-0.383729
0.0693205
-0.135668
0.0108155
-0.0491232
0.00481665
-0.0122104
0.00650191
0.00129744
0.00620088
0.00290966
0.002933
-0.000317921
-0.000172318
-0.00324308
0.00200941
-0.00280849
0.0164283
-0.000166619
0.0544186
-0.00519355
0.142217
-0.0625908
0.392419
-0.444009
1.57708
-3.17505
3.0394
-1.4854
0.423967
-0.361269
0.0619522
-0.127979
0.00851779
-0.0471387
0.00392757
-0.0122706
0.00590348
0.000851345
0.0057993
0.00266373
0.00285947
-0.000206421
0.000105106
-0.00282285
0.0024567
-0.00223069
0.0164461
0.000657196
0.0523495
-0.00301081
0.134371
-0.0554787
0.369581
-0.415983
1.49656
-3.02813
2.89459
-1.4082
0.397153
-0.339723
0.0552998
-0.120416
0.00644843
-0.0449684
0.00313947
-0.01213
0.00540603
0.000537822
0.00547195
0.00247636
0.00280003
-0.000108614
0.000324674
-0.0024755
0.00277348
-0.00175083
0.0162664
0.00138415
0.0500989
-0.00104776
0.126667
-0.0490482
0.34771
-0.389707
1.41867
-2.88422
2.75289
-1.33355
0.37208
-0.319119
0.0493342
-0.113044
0.00461475
-0.0426714
0.0024513
-0.0118194
0.00499901
0.000342395
0.00521063
0.00234185
0.00275295
-2.297e-05
0.000491867
-0.00219305
0.00297397
-0.00135859
0.0159199
0.00201509
0.0477252
0.00068657
0.119165
-0.0432775
0.326823
-0.365099
1.34342
-2.74333
2.61425
-1.26139
0.348636
-0.299462
0.0440158
-0.105909
0.0030166
-0.0402979
0.00186178
-0.0113673
0.00467356
0.000251615
0.00500825
0.00225496
0.00271675
5.18045e-05
0.000611717
-0.00196865
0.00307137
-0.0010454
0.0154349
0.00255113
0.0452785
0.00219118
0.11191
-0.0381325
0.306917
-0.342058
1.27075
-2.6054
2.47857
-1.19164
0.3267
-0.28074
0.0392971
-0.0990455
0.00164756
-0.0378899
0.00136908
-0.0107994
0.00442247
0.000253098
0.00485882
0.0022109
0.00269018
0.000116768
0.000688818
-0.00179652
0.00307783
-0.000804257
0.0148367
0.00299392
0.0428005
0.00347173
0.104932
-0.0335702
0.287973
-0.32047
1.20054
-2.47034
2.34574
-1.12419
0.306142
-0.262927
0.0351253
-0.0924747
0.000496135
-0.0354817
0.000970673
-0.0101385
0.00423985
0.000335638
0.00475726
0.00220539
0.00267224
0.000172767
0.00072729
-0.00167177
0.00300433
-0.000629529
0.0141482
0.00334584
0.0403256
0.00453925
0.098253
-0.029541
0.26996
-0.300213
1.1327
-2.33805
2.21561
-1.05891
0.286828
-0.245988
0.0314447
-0.0862091
-0.00045299
-0.033101
0.000663276
-0.00940464
0.00412088
0.000489252
0.00469944
0.00223457
0.00266216
0.000220436
0.000730827
-0.00159047
0.00286067
-0.000516635
0.0133891
0.00361001
0.037881
0.00540875
0.0918833
-0.0259914
0.252837
-0.281161
1.06707
-2.20839
2.08803
-0.995651
0.268623
-0.229881
0.0281976
-0.0802539
-0.00121787
-0.030769
0.000443061
-0.00861473
0.00406184
0.000705173
0.00468208
0.00229508
0.00265936
0.000260228
0.00070266
-0.00154948
0.0026554
-0.000462064
0.0125761
0.00379005
0.0354881
0.00609812
0.085828
-0.0228655
0.236558
-0.263184
1.0035
-2.08121
1.96282
-0.934264
0.25139
-0.214558
0.0253263
-0.074609
-0.00181823
-0.0285017
0.000305776
-0.00778281
0.00405991
0.000975946
0.00470265
0.00238403
0.00266344
0.000292419
0.000645554
-0.00154644
0.00239583
-0.000463221
0.011723
0.00389004
0.0331628
0.00662695
0.0800868
-0.0201064
0.221076
-0.246149
0.941835
-1.95635
1.83982
-0.87459
0.234996
-0.199972
0.0227735
-0.0692707
-0.00227445
-0.0263103
0.000247049
-0.00692001
0.00411309
0.00129543
0.00475941
0.00249902
0.00267419
0.000317125
0.00056181
-0.00157972
0.00208792
-0.000518299
0.0108408
0.00391414
0.0309163
0.00701553
0.0746557
-0.0176575
0.206339
-0.229926
0.881912
-1.83364
1.71885
-0.816473
0.219311
-0.186074
0.0204835
-0.0642324
-0.00260686
-0.0242021
0.000262721
-0.00603475
0.0042203
0.00165879
0.00485134
0.00263811
0.00269158
0.000334314
0.000453269
-0.00164844
0.0017364
-0.000626396
0.0099377
0.00386631
0.0287556
0.00728412
0.0695281
-0.0154636
0.192299
-0.214388
0.823569
-1.71294
1.59976
-0.759761
0.204208
-0.172819
0.0184027
-0.0594861
-0.00283495
-0.022181
0.000349124
-0.00513284
0.00438133
0.00206249
0.00497807
0.00279988
0.00271568
0.000343821
0.000321267
-0.00175232
0.00134466
-0.000787476
0.0090194
0.00375002
0.0266845
0.0074521
0.0646961
-0.0134713
0.178909
-0.199411
0.76665
-1.59406
1.48238
-0.704317
0.189566
-0.160167
0.0164805
-0.0550229
-0.00297672
-0.0202476
0.0005034
-0.00421755
0.00459682
0.00250439
0.00513992
0.00298341
0.00274677
0.00034534
0.000166687
-0.00189176
0.000914744
-0.00100232
0.00808898
0.00356793
0.0247036
0.00753739
0.0601506
-0.01163
0.166128
-0.184875
0.711013
-1.47687
1.36658
-0.650016
0.175275
-0.148082
0.0146696
-0.050834
-0.0030481
-0.0184001
0.000723914
-0.00328981
0.00486842
0.00298356
0.00533789
0.00318824
0.00278522
0.000338441
-1.00687e-05
-0.00206785
0.00044749
-0.00127274
0.00714723
0.0033215
0.0228109
0.00755583
0.0558831
-0.00989265
0.153921
-0.17067
0.656534
-1.36124
1.25226
-0.596763
0.161231
-0.136541
0.0129273
-0.0469112
-0.00306238
-0.0166344
0.00101047
-0.00234831
0.00519885
0.0035004
0.00557359
0.00341446
0.00283152
0.000322631
-0.00020913
-0.00228225
-5.75834e-05
-0.00160155
0.00619272
0.00301075
0.0210023
0.00752054
0.0518851
-0.00821672
0.142262
-0.156696
0.603114
-1.24704
1.13933
-0.544499
0.147346
-0.125528
0.0112162
-0.0432474
-0.00302966
-0.0149442
0.00136469
-0.00138956
0.0055919
0.00405664
0.00584929
0.00366263
0.00288629
0.000297246
-0.000431077
-0.00253727
-0.000602253
-0.00199266
0.00522183
0.00263388
0.0192713
0.00744149
0.0481497
-0.00656504
0.131138
-0.142864
0.550693
-1.13423
1.02779
-0.493218
0.133552
-0.115048
0.00950566
-0.0398371
-0.00295624
-0.0133214
0.0017903
-0.00040802
0.00605262
0.00465516
0.00616798
0.00393379
0.00295031
0.000261525
-0.000676959
-0.00283593
-0.00118946
-0.00245121
0.00422894
0.00218703
0.0176096
0.00732481
0.0446712
-0.0049072
0.120553
-0.129107
0.499265
-1.02277
0.917701
-0.442989
0.119803
-0.105123
0.00777311
-0.0366767
-0.00284406
-0.0117559
0.0022934
0.000603902
0.00658735
0.00530011
0.00653333
0.00422949
0.00302445
0.000214602
-0.000948315
-0.00318193
-0.00182338
-0.00298361
0.00320637
0.00166395
0.0160071
0.00717222
0.0414462
-0.00322107
0.110527
-0.115383
0.448899
-0.912759
0.809271
-0.393985
0.106092
-0.0957973
0.00600591
-0.0337646
-0.00269006
-0.0102356
0.00288275
0.00165574
0.00720383
0.0059969
0.00694963
0.00455178
0.00310971
0.000155499
-0.00124718
-0.00357956
-0.00250945
-0.00359768
0.00214453
0.00105572
0.0144516
0.00698043
0.0384729
-0.00149452
0.101107
-0.101682
0.399767
-0.804381
0.70288
-0.346529
0.092452
-0.0871466
0.00420318
-0.0311012
-0.00248556
-0.00874637
0.00357013
0.00275911
0.0079114
0.00675217
0.00742202
0.0049032
0.00320722
8.31084e-05
-0.00157608
-0.00403396
-0.00325429
-0.00430279
0.00103174
0.00035046
0.0129289
0.00674047
0.0357516
0.000272623
0.0923675
-0.0880417
0.352194
-0.698023
0.599181
-0.301147
0.0789788
-0.0792782
0.00237829
-0.0286883
-0.00221555
-0.00727176
0.00437049
0.00392761
0.00872098
0.00757367
0.00795636
0.00528677
0.00331823
-3.77692e-06
-0.00193799
-0.00455098
-0.00406568
-0.0051099
-0.000145634
-0.000466932
0.0114225
0.00643702
0.0332841
0.00206617
0.0844171
-0.074559
0.306707
-0.594342
0.499232
-0.258645
0.0658423
-0.0723328
0.000560505
-0.0265281
-0.0018592
-0.00579398
0.00530082
0.0051753
0.00964385
0.00846936
0.0085584
0.00570549
0.00344398
-0.000106328
-0.00233587
-0.00513632
-0.00495155
-0.00603032
-0.00140169
-0.00141354
0.00991448
0.00604889
0.0310726
0.00385586
0.0773969
-0.0614062
0.264115
-0.494397
0.404613
-0.220101
0.0532523
-0.0664578
-0.00121702
-0.0246164
-0.00139404
-0.00429238
0.00637841
0.00651747
0.0106913
0.00944762
0.00923391
0.0061626
0.00358558
-0.000225632
-0.00277291
-0.00579576
-0.00592027
-0.00707536
-0.00275173
-0.00250676
0.00838411
0.00555333
0.0291129
0.00560756
0.0714547
-0.048796
0.225499
-0.399768
0.317426
-0.186877
0.041284
-0.0617581
-0.00295105
-0.0229185
-0.000787413
-0.00271851
0.00764209
0.00799452
0.0118949
0.0105352
0.0100015
0.00666992
0.00374674
-0.000365134
-0.00326073
-0.00654773
-0.00699855
-0.00827661
-0.00423634
-0.00378569
0.00678249
0.00491709
0.0273693
0.00731693
0.0666956
-0.036806
0.192225
-0.312558
0.241614
-0.162466
0.0304958
-0.0586397
-0.0044871
-0.0214356
8.88135e-05
-0.000987352
0.0092063
0.00969322
0.0133396
0.0117928
0.0109093
0.00725385
0.00393812
-0.000534792
-0.00382512
-0.00743998
-0.00824691
-0.00971943
-0.0059429
-0.00536601
0.00502323
0.0040097
0.0258415
0.00882586
0.0635251
-0.0259997
0.167795
-0.23671
0.190357
-0.15761
0.0266611
-0.0593323
-0.00449596
-0.020772
0.00144739
0.000565618
0.0109615
0.0113379
0.014851
0.0130155
0.0118316
0.00781491
0.00413733
-0.000714326
-0.00436844
-0.00834859
-0.00946144
-0.0112303
-0.00759507
-0.00713861
0.00344516
0.00261692
0.0251414
0.00879703
0.0641875
-0.0221727
0.162959
-0.185414
0.00200098
-0.0693161
-0.0261521
0.249682
0.602239
0.909858
1.17395
1.41149
1.60658
1.71772
1.70292
1.53814
1.2252
0.789219
0.27322
-0.269766
-0.783016
-1.2139
-1.52029
-1.67835
-1.68756
-1.57268
-1.37571
-1.13759
-0.873503
-0.565964
-0.213377
0.0625263
0.105804
0.034507
-0.0114484
-0.0800841
0.030036
0.353461
0.692748
0.964765
1.19552
1.40009
1.55968
1.63712
1.59871
1.42741
1.12774
0.722757
0.249787
-0.246009
-0.716467
-1.11675
-1.41026
-1.57505
-1.60784
-1.52644
-1.36467
-1.15928
-0.928414
-0.656469
-0.317168
0.00632376
0.116544
0.0479733
-0.0283721
-0.0775454
0.103628
0.453028
0.763448
0.998125
1.19671
1.36886
1.49483
1.54269
1.486
1.31304
1.0298
0.657003
0.226758
-0.222694
-0.650641
-1.01909
-1.29655
-1.46324
-1.51429
-1.46228
-1.33385
-1.16064
-0.961804
-0.727164
-0.416739
-0.0672682
0.114
0.0648992
-0.048027
-0.0586733
0.1904
0.545021
0.818366
1.01811
1.18772
1.33091
1.42836
1.45278
1.38319
1.21148
0.944273
0.600138
0.206916
-0.202656
-0.593758
-0.933856
-1.19559
-1.36125
-1.42523
-1.39649
-1.29634
-1.15185
-0.981849
-0.782087
-0.508739
-0.154041
0.0951301
0.0845562
-0.0687592
-0.0205545
0.288244
0.629393
0.861103
1.02832
1.17101
1.28775
1.36038
1.36556
1.28662
1.11801
0.866578
0.548869
0.189078
-0.184682
-0.542511
-0.856453
-1.10271
-1.26546
-1.33882
-1.32919
-1.25363
-1.13538
-0.992135
-0.82484
-0.593123
-0.251893
0.0570124
0.105293
-0.0875094
0.039128
0.392514
0.702918
0.891625
1.02918
1.14692
1.23965
1.2908
1.28032
1.19492
1.03089
0.795024
0.50198
0.172808
-0.168321
-0.49567
-0.785189
-1.01615
-1.17451
-1.25438
-1.26029
-1.20601
-1.11155
-0.993101
-0.855391
-0.666664
-0.356181
-0.00267852
0.124046
-0.100022
0.120964
0.497223
0.762669
0.910123
1.02123
1.11608
1.18749
1.22043
1.19755
1.10817
0.949889
0.729225
0.459146
0.157981
-0.15344
-0.452905
-0.719678
-0.935681
-1.08847
-1.17237
-1.19058
-1.15433
-1.081
-0.985274
-0.873926
-0.726434
-0.460916
-0.0845363
0.136553
-0.101042
0.223394
0.596015
0.807026
0.917462
1.00525
1.07939
1.13224
1.15007
1.11766
1.02638
0.874701
0.668769
0.420026
0.144471
-0.139907
-0.413873
-0.659505
-0.861003
-1.00737
-1.09322
-1.12088
-1.09956
-1.0446
-0.969435
-0.881314
-0.770814
-0.559738
-0.187
0.137554
-0.0845739
0.342576
0.682785
0.835607
0.914797
0.982042
1.03772
1.07478
1.08034
1.04091
0.949419
0.804945
0.6132
0.384267
0.132148
-0.127586
-0.378216
-0.604217
-0.791738
-0.931075
-1.01719
-1.05181
-1.0426
-1.00324
-0.946385
-0.878705
-0.799419
-0.646541
-0.306224
0.12105
-0.0442501
0.472449
0.752255
0.849127
0.903342
0.952396
0.99199
1.01594
1.01179
0.967469
0.877135
0.740253
0.562099
0.35155
0.120894
-0.116355
-0.345613
-0.553395
-0.727523
-0.859432
-0.944452
-0.983902
-0.984261
-0.957831
-0.916906
-0.867314
-0.812964
-0.716041
-0.436142
0.0806755
0.0262013
0.605011
0.800515
0.849206
0.884246
0.917094
0.943076
0.956443
0.944842
0.89744
0.809351
0.680283
0.515094
0.321595
0.110608
-0.106109
-0.31578
-0.506666
-0.668016
-0.792272
-0.875118
-0.917603
-0.925272
-0.90925
-0.881781
-0.848289
-0.813068
-0.764328
-0.568748
0.0101597
0.132446
0.730829
0.825443
0.838089
0.858502
0.876937
0.891854
0.896942
0.879863
0.830884
0.745882
0.624712
0.471843
0.294149
0.101199
-0.0967527
-0.288465
-0.463689
-0.612898
-0.729414
-0.809249
-0.853272
-0.866287
-0.858372
-0.841812
-0.822623
-0.801977
-0.789278
-0.694604
-0.0961588
0.279033
0.839717
0.826943
0.818301
0.826905
0.83276
0.839146
0.837995
0.817132
0.767816
0.686535
0.573238
0.432038
0.268988
0.0925849
-0.088203
-0.263439
-0.424154
-0.561866
-0.670668
-0.746864
-0.791195
-0.807865
-0.806022
-0.797835
-0.791111
-0.782216
-0.790796
-0.80352
-0.242822
0.46893
0.921535
0.806972
0.792294
0.79007
0.785441
0.785709
0.780072
0.756865
0.708211
0.631115
0.525576
0.395397
0.245908
0.084694
-0.0803847
-0.2405
-0.387781
-0.514638
-0.61584
-0.687941
-0.731588
-0.750484
-0.752957
-0.750727
-0.754367
-0.756236
-0.770839
-0.885356
-0.432795
0.703168
0.967029
0.769352
0.762133
0.74849
0.735892
0.73221
0.723564
0.699219
0.65202
0.579423
0.481462
0.361666
0.224729
0.0774615
-0.0732311
-0.219462
-0.354313
-0.47095
-0.564734
-0.632432
-0.674615
-0.694535
-0.69985
-0.701404
-0.712888
-0.726104
-0.73323
-0.930859
-0.667102
0.980617
0.96862
0.719386
0.729262
0.702629
0.685042
0.679219
0.668789
0.644301
0.599167
0.531267
0.440648
0.330609
0.205287
0.0708291
-0.0666824
-0.200163
-0.323515
-0.430554
-0.517157
-0.580264
-0.620383
-0.640341
-0.647272
-0.650799
-0.667138
-0.693264
-0.683273
-0.93245
-0.944612
1.29794
0.92106
0.663318
0.694366
0.653023
0.633803
0.627197
0.615999
0.592173
0.54956
0.486454
0.402905
0.302017
0.187434
0.0647451
-0.0606848
-0.182452
-0.295176
-0.393219
-0.472918
-0.531346
-0.568958
-0.588157
-0.595692
-0.599826
-0.617657
-0.658403
-0.627213
-0.884884
-1.26199
1.64971
0.821894
0.607711
0.657364
0.600374
0.583019
0.576508
0.565393
0.542863
0.503092
0.4448
0.368018
0.275694
0.171037
0.0591625
-0.0551903
-0.166196
-0.2691
-0.358731
-0.431831
-0.485572
-0.52037
-0.538188
-0.545475
-0.549335
-0.56515
-0.621442
-0.571616
-0.785707
-1.61379
2.02871
0.67167
0.558804
0.617514
0.545608
0.533419
0.527422
0.517125
0.496365
0.459649
0.406125
0.335787
0.251465
0.155976
0.0540392
-0.0501555
-0.151273
-0.245111
-0.326889
-0.393715
-0.442826
-0.474613
-0.490588
-0.496899
-0.500059
-0.510548
-0.581642
-0.522719
-0.635471
-1.99281
2.42632
0.473887
0.521927
0.573613
0.489898
0.485571
0.480141
0.471306
0.452645
0.419109
0.370257
0.306028
0.229169
0.142141
0.0493373
-0.0455413
-0.137573
-0.223046
-0.297507
-0.358398
-0.402986
-0.431655
-0.445472
-0.450167
-0.452571
-0.45503
-0.537804
-0.485856
-0.437677
-2.39043
2.83309
0.234692
0.501035
0.52426
0.434631
0.439845
0.434816
0.42801
0.41165
0.381347
0.337029
0.278568
0.208657
0.129434
0.0450223
-0.0413124
-0.124997
-0.202757
-0.270412
-0.325711
-0.365924
-0.391441
-0.402916
-0.405437
-0.407247
-0.399986
-0.488533
-0.464983
-0.198472
-2.79719
3.23927
-0.0376445
0.498418
0.468143
0.38133
0.396402
0.391571
0.387275
0.373309
0.346234
0.306284
0.253246
0.189794
0.117765
0.0410632
-0.0374368
-0.113453
-0.184108
-0.245442
-0.295494
-0.331511
-0.353898
-0.36296
-0.362837
-0.364254
-0.346947
-0.432522
-0.462393
0.0738673
-3.20335
3.63537
-0.333392
0.514591
0.404309
0.331546
0.355198
0.350527
0.349104
0.337537
0.313645
0.277872
0.229914
0.172456
0.107052
0.0374315
-0.0338856
-0.10286
-0.166973
-0.222446
-0.267594
-0.299616
-0.318942
-0.325606
-0.322491
-0.323553
-0.297471
-0.368823
-0.478606
0.369611
-3.59943
4.01269
-0.64211
0.548383
0.332368
0.286723
0.316016
0.311811
0.313465
0.304245
0.28345
0.251647
0.208432
0.156528
0.0972191
0.0341017
-0.0306325
-0.0931409
-0.151239
-0.201285
-0.241866
-0.270108
-0.286477
-0.290821
-0.284528
-0.284934
-0.253008
-0.297057
-0.512457
0.678312
-3.97671
4.36366
-0.953383
0.597188
0.252626
0.248065
0.278514
0.275564
0.280287
0.273337
0.255523
0.227476
0.188671
0.141907
0.0881986
0.0310502
-0.0276534
-0.0842277
-0.136799
-0.181828
-0.218172
-0.242857
-0.256405
-0.258532
-0.24909
-0.248059
-0.214769
-0.217536
-0.561346
0.989552
-4.32764
4.68217
-1.25749
0.65734
0.166115
0.216427
0.242292
0.241939
0.249469
0.24472
0.229741
0.205227
0.17051
0.128494
0.0799274
0.0282556
-0.0249265
-0.076057
-0.123556
-0.163953
-0.196379
-0.217733
-0.228627
-0.228633
-0.21633
-0.21253
-0.183616
-0.1313
-0.621614
1.2936
-4.64611
4.96371
-1.54592
0.724542
0.0745266
0.192236
0.20695
0.211087
0.220879
0.218304
0.205977
0.184781
0.153836
0.116201
0.0723479
0.0256983
-0.0224319
-0.0685709
-0.111422
-0.147546
-0.176364
-0.194608
-0.203047
-0.200989
-0.1864
-0.177954
-0.159981
-0.0400496
-0.688976
1.58195
-4.92761
5.20534
-1.81175
0.794327
-0.019929
0.17546
0.17216
0.183146
0.194364
0.194002
0.184112
0.166021
0.138543
0.104945
0.0654071
0.0233603
-0.0201512
-0.0617162
-0.100313
-0.132503
-0.158011
-0.173356
-0.179572
-0.175438
-0.159432
-0.144002
-0.143839
0.053998
-0.758972
1.84768
-5.16922
5.40565
-2.04985
0.862449
-0.114724
0.165621
0.137709
0.158217
0.169755
0.171733
0.164023
0.14884
0.124532
0.0946505
0.0590561
0.0212251
-0.0180679
-0.055444
-0.0901539
-0.118723
-0.141211
-0.153853
-0.158114
-0.151806
-0.135523
-0.110461
-0.134717
0.148307
-0.827367
2.08561
-5.36953
5.56455
-2.25683
0.925217
-0.207235
0.161862
0.103531
0.136347
0.146883
0.151419
0.145592
0.133137
0.111711
0.0852457
0.0532498
0.0192774
-0.0161665
-0.0497092
-0.0808732
-0.106114
-0.125861
-0.135976
-0.138589
-0.129915
-0.114713
-0.077265
-0.13176
0.240249
-0.890479
2.29239
-5.52848
5.68308
-2.43099
0.979704
-0.294962
0.163038
0.0697215
0.117515
0.125585
0.132985
0.128703
0.118815
0.0999927
0.0766657
0.0479466
0.0175032
-0.014433
-0.0444702
-0.0724061
-0.0945892
-0.111864
-0.119606
-0.120914
-0.109592
-0.0969715
-0.0445026
-0.133824
0.327317
-0.945394
2.46629
-5.6471
5.76312
-2.57207
1.02386
-0.375715
0.167831
0.0365195
0.101621
0.105716
0.116354
0.113245
0.105784
0.0892951
0.0688496
0.043108
0.0158895
-0.0128543
-0.0396886
-0.0646922
-0.0840679
-0.0991312
-0.10463
-0.105007
-0.0906809
-0.0821899
-0.0124076
-0.139593
0.407319
-0.990067
2.60704
-5.72729
5.80719
-2.68097
1.05651
-0.447752
0.174873
0.00428392
0.0884888
0.0871553
0.101447
0.0991107
0.0939607
0.0795419
0.0617409
0.0386982
0.0144243
-0.0114185
-0.0353289
-0.0576755
-0.0744741
-0.0875777
-0.0909381
-0.0907823
-0.0730524
-0.0701792
0.0186704
-0.147695
0.478508
-1.02333
2.71553
-5.77157
5.81818
-2.75945
1.07728
-0.509852
0.18286
-0.0265504
0.0778702
0.0698114
0.0881771
0.0861981
0.0832628
0.0706615
0.0552871
0.0346842
0.0130963
-0.0101146
-0.0313582
-0.0513039
-0.0657372
-0.0771239
-0.0784294
-0.0781498
-0.0566056
-0.0606786
0.048308
-0.156819
0.539667
-1.04483
2.79352
-5.78287
5.79925
-2.80986
1.08645
-0.561342
0.190635
-0.0555193
0.0694598
0.0536247
0.0764513
0.0744132
0.0736139
0.0625869
0.0494392
0.0310353
0.0118953
-0.00893215
-0.027746
-0.0455288
-0.0577911
-0.0676942
-0.0670096
-0.0670121
-0.0412716
-0.0533697
0.0760545
-0.165803
0.590122
-1.05484
2.84335
-5.76434
5.75363
-2.8349
1.08484
-0.602058
0.197262
-0.0821761
0.0629143
0.0385649
0.0661667
0.0636697
0.0649407
0.0552557
0.0441515
0.0277231
0.0108116
-0.00786181
-0.0244643
-0.0403053
-0.0505747
-0.0592167
-0.0565932
-0.0572646
-0.0270126
-0.0478958
0.101478
-0.173696
0.629718
-1.05416
2.86771
-5.71921
5.6845
-2.83743
1.07356
-0.632282
0.202051
-0.106133
0.0578731
0.0246263
0.0572119
0.0538895
0.0571721
0.0486098
0.0393811
0.0247212
0.00983602
-0.00689471
-0.021487
-0.0355909
-0.0440309
-0.0516224
-0.0471039
-0.0487951
-0.0138166
-0.0438838
0.124208
-0.179795
0.658743
-1.04394
2.86946
-5.6507
5.59499
-2.8203
1.05394
-0.652643
0.204568
-0.127091
0.0539803
0.0118212
0.0494684
0.045003
0.0502399
0.0425956
0.035088
0.0220053
0.0089602
-0.00602259
-0.01879
-0.0313463
-0.0381071
-0.0448448
-0.0384744
-0.0414856
-0.00169143
-0.0409664
0.143961
-0.183651
0.677839
-1.02548
2.85145
-5.56193
5.48807
-2.7863
1.02739
-0.664023
0.204617
-0.144859
0.0509037
0.000172179
0.0428123
0.0369489
0.0440777
0.0371634
0.0312346
0.0195528
0.00817618
-0.00523779
-0.016351
-0.0275344
-0.0327549
-0.0388198
-0.0306463
-0.0352142
0.00934293
-0.0388017
0.160563
-0.185047
0.687902
-1.00018
2.81647
-5.45586
5.36653
-2.73805
0.995259
-0.667455
0.202205
-0.159361
0.0483496
-0.0102967
0.037118
0.0296734
0.0386213
0.0322676
0.0277855
0.0173426
0.00747649
-0.00453309
-0.0141493
-0.0241202
-0.0279296
-0.033485
-0.0235688
-0.0298579
0.0192629
-0.0370887
0.173953
-0.183972
0.689983
-0.969388
2.76714
-5.33529
5.23295
-2.67801
0.958846
-0.664038
0.197497
-0.170631
0.046074
-0.0195667
0.032261
0.0231295
0.0338085
0.0278663
0.0247075
0.0153555
0.00685415
-0.00390178
-0.0121661
-0.021071
-0.0235903
-0.0287801
-0.0171982
-0.0252957
0.0280483
-0.0355782
0.184178
-0.180572
0.6852
-0.93438
2.70593
-5.20281
5.08974
-2.6084
0.919313
-0.654873
0.190773
-0.1788
0.0438869
-0.0276307
0.0281211
0.0172753
0.0295795
0.023921
0.0219691
0.0135735
0.00630253
-0.00333753
-0.0103837
-0.018356
-0.0196993
-0.0246471
-0.0114957
-0.0214122
0.0356892
-0.034078
0.19138
-0.175107
0.674675
-0.8963
2.63508
-5.0608
4.93903
-2.53127
0.877689
-0.641011
0.182379
-0.184081
0.0416532
-0.0344976
0.0245863
0.0120733
0.0258768
0.0203966
0.019541
0.0119801
0.0058154
-0.00283439
-0.00878598
-0.0159462
-0.0162224
-0.0210301
-0.00642701
-0.0180995
0.04219
-0.0324531
0.195778
-0.167908
0.659479
-0.856157
2.55663
-4.9114
4.78277
-2.44843
0.834866
-0.623419
0.172692
-0.186743
0.0392887
-0.0401942
0.0215546
0.00748842
0.022646
0.0172608
0.0173954
0.0105602
0.00538691
-0.00238679
-0.00735797
-0.0138142
-0.0131279
-0.017876
-0.00195996
-0.0152605
0.0475722
-0.0306218
0.197646
-0.159338
0.640599
-0.814817
2.47244
-4.75653
4.62265
-2.36148
0.791597
-0.602965
0.16209
-0.187091
0.0367537
-0.0447659
0.0189358
0.00348746
0.0198358
0.0144839
0.0155062
0.00929952
0.00501156
-0.00198953
-0.00608592
-0.0119344
-0.0103867
-0.0151347
0.00193623
-0.0128095
0.0518748
-0.0285492
0.197291
-0.149762
0.618921
-0.773015
2.38411
-4.59787
4.46016
-2.27183
0.748514
-0.580407
0.150926
-0.185451
0.0340448
-0.048275
0.0166529
3.7561e-05
0.0173983
0.0120386
0.0138492
0.00818512
0.00468418
-0.00163773
-0.00495712
-0.0102828
-0.00797201
-0.0127593
0.00529216
-0.0106738
0.0551541
-0.0262378
0.195035
-0.139529
0.595217
-0.731357
2.29308
-4.43688
4.29656
-2.18068
0.706132
-0.556399
0.139515
-0.182146
0.031186
-0.0507986
0.0146421
-0.0028943
0.0152895
0.00989923
0.0124017
0.00720497
0.00439993
-0.00132682
-0.00395986
-0.00883708
-0.00585872
-0.0107066
0.00813905
-0.00879324
0.0574806
-0.0237187
0.191199
-0.128951
0.570153
-0.690339
2.20056
-4.2748
4.13291
-2.08903
0.66486
-0.53149
0.12813
-0.17749
0.0282197
-0.0524248
0.0128523
-0.00534197
0.0134693
0.00804218
0.0111424
0.00634794
0.00415432
-0.00105257
-0.00308329
-0.00757642
-0.00402353
-0.00893712
0.0105092
-0.00711998
0.0589368
-0.0210421
0.186087
-0.1183
0.544285
-0.650354
2.10758
-4.11267
3.97008
-1.99771
0.625015
-0.506138
0.116992
-0.171772
0.025199
-0.0532492
0.0112441
-0.00734012
0.0119017
0.00644506
0.0100519
0.0056037
0.00394314
-0.000811054
-0.0023174
-0.00648162
-0.00244445
-0.00741526
0.0124363
-0.00561727
0.0596128
-0.0182687
0.179981
-0.107803
0.518075
-0.611706
2.01499
-3.95133
3.80876
-1.90739
0.58683
-0.480717
0.106275
-0.165255
0.022181
-0.0533712
0.00978837
-0.00892444
0.0105545
0.00508674
0.00911228
0.00496268
0.00376255
-0.000598672
-0.00165287
-0.00553507
-0.00110069
-0.00610939
0.0139549
-0.00425805
0.0596035
-0.0154631
0.173136
-0.0976393
0.491893
-0.574619
1.92347
-3.79146
3.64951
-1.81861
0.550464
-0.455524
0.0961101
-0.158169
0.0192219
-0.0528902
0.00846462
-0.0101313
0.00939956
0.00394722
0.00830712
0.00441601
0.003609
-0.00041212
-0.00108108
-0.00472061
2.74531e-05
-0.00499168
0.015101
-0.00302347
0.0590045
-0.0126879
0.165771
-0.0879491
0.466036
-0.539246
1.83356
-3.63358
3.49273
-1.73174
0.51601
-0.430795
0.0865874
-0.150713
0.0163722
-0.051903
0.00725916
-0.0109974
0.00841239
0.00300743
0.00762154
0.00395539
0.00347928
-0.00024841
-0.000594004
-0.00402364
0.000958761
-0.00403787
0.0159106
-0.00190098
0.0579096
-0.00999963
0.158077
-0.0788323
0.440729
-0.505683
1.74567
-3.4781
3.33873
-1.64708
0.48351
-0.406705
0.0777634
-0.143051
0.0136756
-0.0505012
0.00616349
-0.0115592
0.00757193
0.0022492
0.00704214
0.00357316
0.00337048
-0.000104845
-0.000184192
-0.003431
0.00171113
-0.00322717
0.0164199
-0.000882927
0.056408
-0.00744662
0.15021
-0.070355
0.416142
-0.473971
1.66008
-3.3253
3.1877
-1.56481
0.452957
-0.383386
0.0696656
-0.135321
0.0111663
-0.0487694
0.00517273
-0.0118527
0.00686023
0.00165528
0.00655688
0.00326216
0.00328
2.09588e-05
0.000155291
-0.0029309
0.00230158
-0.00254187
0.0166646
3.50185e-05
0.0545829
-0.00506708
0.1423
-0.0625543
0.392394
-0.444112
1.57698
-3.17536
3.03975
-1.48506
0.424309
-0.360925
0.062298
-0.127631
0.00886945
-0.0467842
0.00428426
-0.0119125
0.00626212
0.00120929
0.00615513
0.00301572
0.00320556
0.000131104
0.000430901
-0.0025129
0.00274624
-0.001967
0.0166791
0.000855109
0.0525095
-0.00288901
0.134451
-0.0554432
0.369563
-0.416071
1.49648
-3.02841
2.89493
-1.40786
0.397496
-0.339379
0.0556462
-0.120067
0.00680074
-0.0446134
0.00349665
-0.0117715
0.00576488
0.000895751
0.0058275
0.00282773
0.0031451
0.000227462
0.000648575
-0.00216785
0.00306036
-0.00149006
0.0164962
0.00157853
0.050255
-0.000930399
0.126743
-0.049015
0.347696
-0.389785
1.41862
-2.88448
2.75323
-1.3332
0.372422
-0.318774
0.0496811
-0.112694
0.00496761
-0.0423159
0.00280886
-0.0114607
0.00535794
0.000700204
0.00556579
0.00269251
0.00309692
0.000311588
0.000813824
-0.00188772
0.0032582
-0.0011007
0.0161466
0.00220616
0.0478777
0.000799786
0.119238
-0.0432472
0.326811
-0.36517
1.34339
-2.74356
2.61459
-1.26105
0.348978
-0.299117
0.044363
-0.105559
0.00336989
-0.039942
0.00221962
-0.0110084
0.00503249
0.000609209
0.00536293
0.00260482
0.00305955
0.0003848
0.000931708
-0.00166564
0.00335299
-0.000790288
0.0156586
0.00273912
0.0454277
0.00230064
0.111979
-0.0381053
0.306906
-0.342124
1.27072
-2.60561
2.47891
-1.1913
0.327042
-0.280395
0.0396446
-0.0986948
0.0020012
-0.0375337
0.00172711
-0.0104404
0.00478131
0.000610397
0.00521295
0.00255991
0.00303177
0.000448179
0.00100685
-0.00149579
0.00335691
-0.00055182
0.0150577
0.00317909
0.0429468
0.00357787
0.104998
-0.0335461
0.287962
-0.320533
1.20053
-2.47055
2.34608
-1.12385
0.306484
-0.262582
0.0354732
-0.0921237
0.000850041
-0.0351254
0.00132881
-0.00977953
0.00459852
0.000692574
0.00511079
0.0025535
0.00301261
0.000502596
0.00104339
-0.00137327
0.00328099
-0.000379618
0.0143667
0.00352849
0.0404692
0.00464253
0.0983162
-0.0295199
0.269947
-0.300276
1.13269
-2.33824
2.21595
-1.05857
0.28717
-0.245643
0.0317927
-0.0858579
-9.8892e-05
-0.0327445
0.00102145
-0.00904575
0.00447932
0.000845768
0.00505231
0.00258175
0.00300129
0.000548704
0.00104505
-0.00129409
0.00313501
-0.000269076
0.0136052
0.00379041
0.0380225
0.00550965
0.0919442
-0.0259729
0.252823
-0.281224
1.06706
-2.20857
2.08836
-0.995311
0.268965
-0.229536
0.0285458
-0.0799025
-0.000863645
-0.0304124
0.000801217
-0.00825597
0.00441999
0.00106123
0.00503427
0.00264133
0.00299726
0.000586977
0.00101509
-0.00125511
0.0029276
-0.000216659
0.0127901
0.00396854
0.0356279
0.00619712
0.085887
-0.0228491
0.236543
-0.263246
1.00349
-2.08138
1.96316
-0.933925
0.251732
-0.214213
0.0256746
-0.0742576
-0.00146393
-0.0281451
0.000663861
-0.00742423
0.00441774
0.00133151
0.00505414
0.00272934
0.00300014
0.00061771
0.000956281
-0.00125395
0.00266605
-0.000219748
0.0119353
0.00406694
0.0333013
0.00672455
0.0801444
-0.0200917
0.221059
-0.246212
0.941823
-1.95652
1.84015
-0.874251
0.235338
-0.199627
0.0231219
-0.0689192
-0.00192012
-0.0259537
0.000605021
-0.00656164
0.00447057
0.00165048
0.0051102
0.00284341
0.00300975
0.000641033
0.000870949
-0.00128896
0.00235638
-0.000276517
0.0110516
0.0040898
0.0310537
0.00711222
0.0747124
-0.017644
0.206321
-0.229991
0.881896
-1.83381
1.71919
-0.816134
0.219653
-0.185729
0.0208319
-0.0638809
-0.00225254
-0.0238456
0.000620547
-0.00567663
0.0045774
0.00201331
0.00520143
0.0029816
0.00302603
0.000656931
0.000760952
-0.00135923
0.00200331
-0.000386047
0.0101473
0.00404108
0.0288925
0.0073804
0.0695845
-0.0154507
0.19228
-0.214454
0.823547
-1.7131
1.60009
-0.759423
0.204549
-0.172474
0.0187511
-0.0591346
-0.00248067
-0.0218246
0.000706777
-0.004775
0.00473805
0.00241649
0.00532748
0.00314253
0.00304911
0.000665252
0.000627638
-0.00146447
0.00161023
-0.000548287
0.00922813
0.00392427
0.0268213
0.00754848
0.0647526
-0.0134583
0.17889
-0.199477
0.766622
-1.59422
1.48271
-0.703979
0.189908
-0.159822
0.0168288
-0.0546714
-0.0026225
-0.0198913
0.000860864
-0.00385999
0.00495314
0.00285787
0.00548867
0.00332526
0.00307926
0.000665701
0.000471904
-0.00160508
0.00117924
-0.000764007
0.00829716
0.00374205
0.0248407
0.00763438
0.0602079
-0.0116164
0.166108
-0.184942
0.710978
-1.47703
1.36692
-0.649678
0.175616
-0.147738
0.0150178
-0.0504826
-0.00269397
-0.0180439
0.00108118
-0.00293254
0.00522435
0.00333654
0.00568602
0.00352934
0.00311686
0.00065786
0.000294161
-0.00178212
0.000711158
-0.001035
0.00735521
0.00349587
0.0229488
0.00765392
0.0559416
-0.00987788
0.153901
-0.170737
0.656492
-1.36139
1.25259
-0.596426
0.161572
-0.136196
0.0132755
-0.0465598
-0.00270834
-0.0162784
0.00136753
-0.00199132
0.00555441
0.00385291
0.00592115
0.00375489
0.00316239
0.000641243
9.42888e-05
-0.00199726
0.000205518
-0.00136408
0.00640084
0.00318575
0.0211413
0.00762025
0.0519454
-0.00820015
0.142243
-0.156762
0.603065
-1.2472
1.13966
-0.544162
0.147687
-0.125184
0.0115644
-0.0428961
-0.0026757
-0.0145883
0.00172155
-0.00103285
0.0059471
0.0044087
0.00619632
0.00400246
0.00321652
0.000615194
-0.000128284
-0.00225279
-0.000339449
-0.00175516
0.00543045
0.00280992
0.0194119
0.00754332
0.0482123
-0.00654603
0.131121
-0.14293
0.550637
-1.13438
1.02812
-0.492881
0.133892
-0.114704
0.00985375
-0.0394858
-0.00260238
-0.0129657
0.00214696
-5.15683e-05
0.00640749
0.00500682
0.00651455
0.00427312
0.00328
0.000578959
-0.000374605
-0.00255174
-0.000926682
-0.00221336
0.0044384
0.00236451
0.0177523
0.00742929
0.0447368
-0.0048851
0.120537
-0.129171
0.499203
-1.02293
0.918033
-0.442652
0.120144
-0.104778
0.00812115
-0.0363255
-0.00249029
-0.0114003
0.00264988
0.000960113
0.00694192
0.00565141
0.00687949
0.00456839
0.00335373
0.000531675
-0.000646204
-0.00289777
-0.00156034
-0.00274509
0.00341705
0.00184327
0.0161523
0.00727986
0.0415152
-0.0031952
0.110514
-0.115444
0.44883
-0.912909
0.809604
-0.393649
0.106432
-0.0954528
0.00635389
-0.0334135
-0.00233637
-0.00988011
0.00323907
0.00201173
0.00755813
0.0063479
0.00729546
0.00489034
0.00343869
0.000472369
-0.000945117
-0.00329521
-0.00224587
-0.00335816
0.00235678
0.00123729
0.0145998
0.00709176
0.0385461
-0.00146418
0.101097
-0.10174
0.399694
-0.804529
0.703212
-0.346192
0.0927925
-0.0868022
0.00455114
-0.0307501
-0.00213194
-0.00839099
0.0039263
0.00311492
0.00826548
0.00710291
0.00776758
0.00524153
0.00353603
0.000399937
-0.00127386
-0.00374918
-0.0029899
-0.00406195
0.00124591
0.000534694
0.0130805
0.00685603
0.0358295
0.000308179
0.0923624
-0.0880964
0.352116
-0.698171
0.599513
-0.300811
0.0793193
-0.0789339
0.00272623
-0.0283372
-0.00186197
-0.00691645
0.00472656
0.00428327
0.00907488
0.00792422
0.00830175
0.00562496
0.00364701
0.000313172
-0.00163542
-0.00426551
-0.00380019
-0.00486742
7.08415e-05
-0.000279627
0.011578
0.00655735
0.0333674
0.00210773
0.0844173
-0.0746087
0.306627
-0.594489
0.499564
-0.258309
0.0661827
-0.0719885
0.00090845
-0.026177
-0.00150564
-0.00543872
0.0056568
0.00553086
0.00999762
0.00881978
0.00890368
0.00604364
0.00377284
0.000210903
-0.00203274
-0.00484994
-0.00468467
-0.00578588
-0.00118255
-0.00122276
0.0100743
0.00617454
0.0311621
0.00390425
0.0774035
-0.0614499
0.264033
-0.494544
0.404945
-0.219765
0.0535926
-0.0661134
-0.000869052
-0.0242653
-0.00104048
-0.00393714
0.00673434
0.00687296
0.011045
0.00979797
0.00957917
0.00650082
0.00391466
9.20422e-05
-0.00246903
-0.00550822
-0.00565173
-0.00682863
-0.00252958
-0.0023121
0.00854878
0.00568484
0.0292091
0.00566363
0.071469
-0.0488322
0.225418
-0.399914
0.317758
-0.186541
0.0416244
-0.0614137
-0.00260302
-0.0225674
-0.000433822
-0.00236327
0.00799801
0.00834998
0.0122485
0.0108856
0.0103468
0.00700832
0.00407618
-4.68446e-05
-0.00295589
-0.00625878
-0.00672804
-0.00802725
-0.00401078
-0.00358671
0.0069525
0.00505509
0.0274731
0.00738173
0.0667189
-0.0368331
0.192148
-0.312704
0.241946
-0.16213
0.0308363
-0.0582952
-0.00413898
-0.0210843
0.000442487
-0.000632043
0.00956228
0.0100487
0.0136934
0.0121432
0.0112548
0.00759257
0.00426807
-0.000215685
-0.00351906
-0.00714931
-0.00797407
-0.00946699
-0.00571339
-0.00516206
0.00519937
0.00415516
0.0259541
0.00890104
0.0635598
-0.026015
0.167725
-0.236854
0.190689
-0.157274
0.0270017
-0.0589877
-0.00414769
-0.0204207
0.00180119
0.000921047
0.0113176
0.0116936
0.0152049
0.0133661
0.0121774
0.00815405
0.00446792
-0.000394303
-0.00406108
-0.00805612
-0.00918618
-0.0109747
-0.00736154
-0.00692964
0.00362751
0.00276994
0.0252631
0.00888301
0.0642347
-0.0221744
0.162901
-0.185556
)
;

boundaryField
{
    movingWall
    {
        type            zeroGradient;
    }
    Inlet
    {
        type            cyclic;
    }
    Outlet
    {
        type            cyclic;
    }
    Bottom
    {
        type            zeroGradient;
    }
    frontAndBack
    {
        type            empty;
    }
}


// ************************************************************************* //
