/*--------------------------------*- C++ -*----------------------------------*\
| =========                 |                                                 |
| \\      /  F ield         | OpenFOAM: The Open Source CFD Toolbox           |
|  \\    /   O peration     | Version:  5.x                                   |
|   \\  /    A nd           | Web:      www.OpenFOAM.org                      |
|    \\/     M anipulation  |                                                 |
\*---------------------------------------------------------------------------*/
FoamFile
{
    version     2.0;
    format      ascii;
    class       volVectorField;
    location    "0.02";
    object      wallShearStress;
}
// * * * * * * * * * * * * * * * * * * * * * * * * * * * * * * * * * * * * * //

dimensions      [0 2 -2 0 0 0 0];

internalField   uniform (0 0 0);

boundaryField
{
    movingWall
    {
        type            calculated;
        value           uniform (0 0 0);
    }
    Inlet
    {
        type            cyclic;
    }
    Outlet
    {
        type            cyclic;
    }
    Bottom
    {
        type            calculated;
        value           nonuniform List<vector> 
90
(
(-0.00366065 -0.00367941 3.4824e-37)
(-0.00596814 -0.00766969 -5.09864e-20)
(0.024168 0.0403622 3.59489e-20)
(0.075094 0.114131 3.62064e-21)
(0.0957619 0.125388 -4.18927e-19)
(0.0475397 0.0412455 1.24306e-18)
(-0.0930699 -0.120872 1.35406e-20)
(-0.350768 -0.333344 -1.30347e-20)
(-0.743267 -0.561917 -2.36336e-18)
(-1.26388 -0.761734 3.63012e-20)
(-1.8727 -0.883875 -1.1856e-18)
(-2.50174 -0.889488 -1.16322e-18)
(-3.06958 -0.762314 -9.24791e-19)
(-3.49839 -0.513959 0)
(-3.72826 -0.181407 2.11264e-21)
(-3.727 0.181081 -5.14279e-39)
(-3.49491 0.513248 -2.00793e-21)
(-3.0647 0.761015 7.71603e-20)
(-2.49653 0.887689 1.13679e-18)
(-1.86815 0.88188 -8.22612e-20)
(-1.26057 0.759955 1.62162e-20)
(-0.74133 0.560641 -4.48094e-18)
(-0.349897 0.332648 -1.00062e-19)
(-0.0927995 0.120603 1.60786e-18)
(0.0475985 -0.0413265 5.99867e-19)
(0.0957878 -0.125431 3.97814e-19)
(0.0751025 -0.114159 -4.5139e-36)
(0.0241547 -0.0403617 2.55403e-21)
(-0.00598789 0.00767683 -3.8207e-20)
(-0.0036241 0.00368443 1.05151e-20)
(-0.00362342 -0.00368079 1.32243e-37)
(-0.0059855 -0.0076735 -2.58823e-20)
(0.0241503 0.0403557 2.55525e-21)
(0.075088 0.114142 -3.76158e-36)
(0.0957872 0.125432 4.08455e-19)
(0.0475999 0.0413241 6.39247e-19)
(-0.0929797 -0.120773 1.65749e-18)
(-0.350663 -0.333245 -2.0293e-18)
(-0.74317 -0.561836 -2.18987e-18)
(-1.2638 -0.76168 -1.30656e-18)
(-1.87266 -0.883841 -8.48461e-20)
(-2.50172 -0.889473 7.72484e-21)
(-3.06958 -0.762313 7.01218e-20)
(-3.4984 -0.513958 2.02868e-21)
(-3.72827 -0.181408 -2.93874e-39)
(-3.72701 0.181081 1.01724e-36)
(-3.49492 0.513248 -8.36952e-36)
(-3.06471 0.761022 7.37275e-20)
(-2.49654 0.887689 -1.13651e-18)
(-1.86815 0.88188 1.13648e-18)
(-1.26058 0.759954 3.56841e-20)
(-0.74133 0.560641 -1.82358e-20)
(-0.349897 0.332648 -1.99262e-18)
(-0.0927995 0.120603 1.3165e-20)
(0.0475985 -0.0413264 5.87757e-19)
(0.095788 -0.125431 1.23307e-20)
(0.0751031 -0.114159 -1.51443e-19)
(0.0241552 -0.0403617 1.16695e-22)
(-0.00598745 0.00767683 3.15914e-38)
(-0.0036251 0.00368439 7.07612e-21)
(-0.00362443 -0.00368075 2.83772e-37)
(-0.00598506 -0.0076735 -3.48975e-39)
(0.0241508 0.0403556 -5.10519e-22)
(0.0750885 0.114142 -1.75592e-19)
(0.0957875 0.125432 5.07978e-21)
(0.0475998 0.0413241 6.20546e-19)
(-0.0929797 -0.120773 1.58015e-18)
(-0.350663 -0.333245 -8.71088e-20)
(-0.74317 -0.561836 1.85878e-20)
(-1.2638 -0.76168 -3.63345e-20)
(-1.87266 -0.883841 2.65031e-20)
(-2.50172 -0.889473 -1.16405e-18)
(-3.06957 -0.762306 7.70282e-20)
(-3.4984 -0.513958 2.72595e-19)
(-3.72827 -0.181407 -2.58828e-20)
(-3.727 0.181081 -2.56459e-20)
(-3.49492 0.513249 2.00723e-21)
(-3.06472 0.761022 7.02936e-20)
(-2.49657 0.887702 -3.00927e-36)
(-1.86821 0.881905 1.14661e-18)
(-1.26067 0.760007 1.20155e-18)
(-0.741435 0.560718 -1.82488e-20)
(-0.350007 0.332744 -1.98205e-18)
(-0.0928919 0.1207 3.14503e-18)
(0.0475365 -0.0412484 1.01566e-20)
(0.09576 -0.125387 1.23313e-20)
(0.0751017 -0.11415 -3.60207e-22)
(0.0241679 -0.0403695 1.3717e-22)
(-0.00599226 0.00767132 3.77105e-20)
(-0.00363274 0.00368502 6.75631e-21)
)
;
    }
    frontAndBack
    {
        type            empty;
    }
}


// ************************************************************************* //
