/*--------------------------------*- C++ -*----------------------------------*\
| =========                 |                                                 |
| \\      /  F ield         | OpenFOAM: The Open Source CFD Toolbox           |
|  \\    /   O peration     | Version:  5.x                                   |
|   \\  /    A nd           | Web:      www.OpenFOAM.org                      |
|    \\/     M anipulation  |                                                 |
\*---------------------------------------------------------------------------*/
FoamFile
{
    version     2.0;
    format      ascii;
    class       volScalarField;
    location    "0.4";
    object      p;
}
// * * * * * * * * * * * * * * * * * * * * * * * * * * * * * * * * * * * * * //

dimensions      [0 2 -2 0 0 0 0];

internalField   nonuniform List<scalar> 
500
(
2.58217e-14
5.36327e-14
5.74586e-14
5.75511e-14
5.69029e-14
5.55496e-14
5.3859e-14
5.18981e-14
4.96693e-14
4.75476e-14
4.53691e-14
4.31295e-14
4.09981e-14
3.88816e-14
3.6398e-14
3.37979e-14
3.14445e-14
2.89857e-14
2.6389e-14
2.39692e-14
2.15489e-14
1.90403e-14
1.64414e-14
1.37236e-14
1.13139e-14
8.72064e-15
5.98612e-15
3.31996e-15
5.63772e-16
-2.25165e-15
-4.8451e-15
-7.37187e-15
-9.91591e-15
-1.2279e-14
-1.48559e-14
-1.76206e-14
-2.00388e-14
-2.2447e-14
-2.49406e-14
-2.74088e-14
-2.99411e-14
-3.23964e-14
-3.47055e-14
-3.68904e-14
-3.89673e-14
-4.11879e-14
-4.30408e-14
-4.4644e-14
-4.34101e-14
-2.11965e-14
2.77244e-14
5.8006e-14
5.83727e-14
5.71822e-14
5.64197e-14
5.52558e-14
5.36966e-14
5.18175e-14
4.97531e-14
4.75944e-14
4.54749e-14
4.33068e-14
4.10641e-14
3.88346e-14
3.64673e-14
3.38705e-14
3.14233e-14
2.90711e-14
2.64976e-14
2.40662e-14
2.16118e-14
1.90856e-14
1.64403e-14
1.37765e-14
1.11787e-14
8.50151e-15
5.83246e-15
3.12089e-15
4.76045e-16
-2.24101e-15
-4.92171e-15
-7.46311e-15
-1.00598e-14
-1.25296e-14
-1.49043e-14
-1.74575e-14
-1.99596e-14
-2.25652e-14
-2.50365e-14
-2.74035e-14
-2.99014e-14
-3.22783e-14
-3.4474e-14
-3.65428e-14
-3.87443e-14
-4.08806e-14
-4.2613e-14
-4.53155e-14
-4.71266e-14
-2.28204e-14
3.04337e-14
6.41112e-14
6.03629e-14
5.72917e-14
5.63451e-14
5.52563e-14
5.37154e-14
5.19442e-14
4.97702e-14
4.75781e-14
4.56968e-14
4.351e-14
4.12452e-14
3.89412e-14
3.66616e-14
3.39624e-14
3.13088e-14
2.89494e-14
2.66071e-14
2.41202e-14
2.16505e-14
1.93329e-14
1.65566e-14
1.39133e-14
1.11261e-14
8.40136e-15
5.64577e-15
3.04753e-15
5.09088e-16
-2.1326e-15
-4.97652e-15
-7.69068e-15
-1.01687e-14
-1.25643e-14
-1.5058e-14
-1.7567e-14
-2.00031e-14
-2.25341e-14
-2.50131e-14
-2.73971e-14
-2.99005e-14
-3.21433e-14
-3.41994e-14
-3.63657e-14
-3.86897e-14
-4.08398e-14
-4.28911e-14
-4.67706e-14
-5.18966e-14
-2.51609e-14
3.27037e-14
6.98636e-14
6.31038e-14
5.81685e-14
5.67646e-14
5.54281e-14
5.39358e-14
5.19027e-14
4.99705e-14
4.7933e-14
4.58509e-14
4.36976e-14
4.1606e-14
3.91311e-14
3.67512e-14
3.41645e-14
3.13962e-14
2.89443e-14
2.65352e-14
2.41029e-14
2.16169e-14
1.93094e-14
1.68201e-14
1.40115e-14
1.14038e-14
8.54402e-15
5.45235e-15
2.54666e-15
3.44425e-16
-1.84035e-15
-4.99824e-15
-8.14422e-15
-1.02197e-14
-1.24228e-14
-1.51425e-14
-1.77491e-14
-1.9998e-14
-2.24553e-14
-2.48937e-14
-2.72334e-14
-2.98746e-14
-3.2067e-14
-3.40256e-14
-3.63943e-14
-3.86205e-14
-4.09049e-14
-4.3707e-14
-4.87054e-14
-5.61988e-14
-2.70708e-14
3.42399e-14
7.34982e-14
6.48356e-14
5.88883e-14
5.69691e-14
5.53823e-14
5.41206e-14
5.22478e-14
5.02291e-14
4.80853e-14
4.61569e-14
4.40526e-14
4.16418e-14
3.93143e-14
3.69982e-14
3.41477e-14
3.15047e-14
2.90227e-14
2.66304e-14
2.43221e-14
2.1766e-14
1.90945e-14
1.67133e-14
1.44902e-14
1.15545e-14
8.49251e-15
5.37915e-15
2.55719e-15
1.27566e-16
-2.23468e-15
-5.18735e-15
-8.17121e-15
-1.02651e-14
-1.25721e-14
-1.52954e-14
-1.73117e-14
-1.98954e-14
-2.25475e-14
-2.49506e-14
-2.70384e-14
-2.96413e-14
-3.18022e-14
-3.3714e-14
-3.63353e-14
-3.84755e-14
-4.11307e-14
-4.42901e-14
-5.01009e-14
-5.83343e-14
-2.78746e-14
3.45283e-14
7.42883e-14
6.54329e-14
5.90009e-14
5.6754e-14
5.54221e-14
5.41649e-14
5.27661e-14
5.04525e-14
4.82186e-14
4.66696e-14
4.42295e-14
4.15449e-14
3.93632e-14
3.70097e-14
3.41771e-14
3.15918e-14
2.90241e-14
2.66229e-14
2.4691e-14
2.21822e-14
1.90522e-14
1.68052e-14
1.49743e-14
1.21777e-14
8.97892e-15
5.39117e-15
2.46765e-15
-1.07216e-16
-3.05333e-15
-5.34306e-15
-8.0278e-15
-1.03989e-14
-1.29286e-14
-1.49859e-14
-1.71664e-14
-1.99415e-14
-2.29275e-14
-2.52286e-14
-2.6733e-14
-2.93096e-14
-3.13895e-14
-3.34487e-14
-3.58044e-14
-3.82601e-14
-4.09581e-14
-4.38302e-14
-4.93916e-14
-5.74666e-14
-2.75136e-14
3.35663e-14
7.21763e-14
6.42092e-14
5.82111e-14
5.66956e-14
5.56261e-14
5.39934e-14
5.29786e-14
5.06256e-14
4.83991e-14
4.65985e-14
4.4375e-14
4.17916e-14
3.9515e-14
3.67926e-14
3.4376e-14
3.17935e-14
2.94606e-14
2.68849e-14
2.50987e-14
2.20533e-14
1.961e-14
1.74712e-14
1.48971e-14
1.22879e-14
9.25988e-15
5.29199e-15
2.35741e-15
-6.28965e-16
-3.359e-15
-5.72127e-15
-8.35132e-15
-1.06333e-14
-1.32201e-14
-1.50589e-14
-1.70492e-14
-1.99334e-14
-2.268e-14
-2.49964e-14
-2.68825e-14
-2.91496e-14
-3.10506e-14
-3.35165e-14
-3.54546e-14
-3.77004e-14
-4.02258e-14
-4.26134e-14
-4.79974e-14
-5.47101e-14
-2.64411e-14
3.11898e-14
6.72349e-14
6.24744e-14
5.75317e-14
5.70906e-14
5.59543e-14
5.43497e-14
5.28218e-14
5.09245e-14
4.85874e-14
4.68383e-14
4.40888e-14
4.1967e-14
3.99535e-14
3.69059e-14
3.44046e-14
3.20209e-14
3.02033e-14
2.76038e-14
2.50582e-14
2.20468e-14
1.97757e-14
1.76102e-14
1.44449e-14
1.23885e-14
9.12271e-15
5.61402e-15
2.19128e-15
-8.37272e-16
-3.5208e-15
-6.1467e-15
-8.68566e-15
-1.08036e-14
-1.316e-14
-1.52242e-14
-1.7585e-14
-2.03214e-14
-2.2669e-14
-2.49491e-14
-2.71833e-14
-2.87635e-14
-3.07436e-14
-3.33063e-14
-3.56392e-14
-3.74879e-14
-3.92204e-14
-4.1378e-14
-4.52447e-14
-4.97772e-14
-2.42684e-14
2.87463e-14
6.15919e-14
6.10073e-14
5.78874e-14
5.71091e-14
5.61927e-14
5.45726e-14
5.30211e-14
5.16137e-14
4.95094e-14
4.67454e-14
4.40587e-14
4.26594e-14
4.00014e-14
3.73101e-14
3.45461e-14
3.20861e-14
2.99239e-14
2.80497e-14
2.54414e-14
2.27895e-14
2.01581e-14
1.78716e-14
1.484e-14
1.21478e-14
8.83831e-15
5.61847e-15
2.21119e-15
-4.22963e-16
-3.28248e-15
-6.13874e-15
-9.02825e-15
-1.1047e-14
-1.3382e-14
-1.51666e-14
-1.79849e-14
-2.10167e-14
-2.26838e-14
-2.46057e-14
-2.7191e-14
-2.90222e-14
-3.03818e-14
-3.3519e-14
-3.57979e-14
-3.70865e-14
-3.9464e-14
-4.09243e-14
-4.30316e-14
-4.39176e-14
-2.13399e-14
2.68013e-14
5.67997e-14
5.99134e-14
5.87518e-14
5.8558e-14
5.69356e-14
5.46198e-14
5.38821e-14
5.25831e-14
4.93189e-14
4.73667e-14
4.45847e-14
4.23917e-14
3.9899e-14
3.72917e-14
3.46639e-14
3.21679e-14
2.97635e-14
2.8705e-14
2.53295e-14
2.33541e-14
2.04855e-14
1.79835e-14
1.56069e-14
1.25635e-14
8.4604e-15
5.45944e-15
2.28044e-15
-8.21038e-16
-2.84289e-15
-5.89789e-15
-8.68324e-15
-1.10823e-14
-1.35209e-14
-1.6115e-14
-1.82458e-14
-2.06686e-14
-2.27017e-14
-2.4755e-14
-2.69753e-14
-2.89541e-14
-3.08566e-14
-3.32907e-14
-3.54692e-14
-3.72797e-14
-3.93065e-14
-4.11569e-14
-4.17423e-14
-3.93589e-14
-1.9974e-14
)
;

boundaryField
{
    movingWall
    {
        type            zeroGradient;
    }
    Inlet
    {
        type            fixedValue;
        value           uniform 0;
    }
    Outlet
    {
        type            fixedValue;
        value           uniform 0;
    }
    Bottom
    {
        type            zeroGradient;
    }
    frontAndBack
    {
        type            empty;
    }
}


// ************************************************************************* //
