/*--------------------------------*- C++ -*----------------------------------*\
| =========                 |                                                 |
| \\      /  F ield         | OpenFOAM: The Open Source CFD Toolbox           |
|  \\    /   O peration     | Version:  5.x                                   |
|   \\  /    A nd           | Web:      www.OpenFOAM.org                      |
|    \\/     M anipulation  |                                                 |
\*---------------------------------------------------------------------------*/
FoamFile
{
    version     2.0;
    format      ascii;
    class       surfaceScalarField;
    location    "0.4";
    object      phi;
}
// * * * * * * * * * * * * * * * * * * * * * * * * * * * * * * * * * * * * * //

dimensions      [0 3 -1 0 0 0 0];

internalField   nonuniform List<scalar> 
940
(
1.66e-08
-8.44415e-22
1.66e-08
-8.36766e-22
1.66e-08
-5.06767e-22
1.66e-08
-2.87098e-22
1.66e-08
-1.60129e-22
1.66e-08
-8.78067e-23
1.66e-08
-4.90866e-23
1.66e-08
-2.91524e-23
1.66e-08
-9.51555e-24
1.66e-08
1.33881e-24
1.66e-08
-2.12367e-24
1.66e-08
4.48915e-25
1.66e-08
5.13782e-25
1.66e-08
-2.81318e-24
1.66e-08
2.57525e-24
1.66e-08
8.56076e-24
1.66e-08
-3.65428e-24
1.66e-08
-1.48112e-24
1.66e-08
9.44812e-24
1.66e-08
-1.5122e-26
1.66e-08
3.55227e-24
1.66e-08
1.73223e-25
1.66e-08
-8.16197e-25
1.66e-08
7.38524e-24
1.66e-08
-6.37071e-24
1.66e-08
-1.15206e-23
1.66e-08
-7.5542e-24
1.66e-08
-9.74178e-24
1.66e-08
-8.67306e-24
1.66e-08
4.39513e-24
1.66e-08
5.6235e-24
1.66e-08
-3.9082e-24
1.66e-08
6.27879e-24
1.66e-08
-7.41752e-24
1.66e-08
-9.82646e-24
1.66e-08
1.20248e-23
1.66e-08
-2.96178e-24
1.66e-08
3.45297e-25
1.66e-08
8.81321e-25
1.66e-08
-5.53513e-24
1.66e-08
5.98376e-24
1.66e-08
1.83067e-23
1.66e-08
2.41667e-23
1.66e-08
2.69062e-23
1.66e-08
3.47153e-23
1.66e-08
9.54825e-23
1.66e-08
1.93957e-22
1.66e-08
3.6647e-22
1.66e-08
6.60492e-22
6.47447e-22
4.98e-08
-1.48059e-21
4.98e-08
-1.54988e-21
4.98e-08
-1.08188e-21
4.98e-08
-6.62092e-22
4.98e-08
-3.9553e-22
4.98e-08
-2.30581e-22
4.98e-08
-1.33182e-22
4.98e-08
-7.76248e-23
4.98e-08
-2.717e-23
4.98e-08
-1.31693e-25
4.98e-08
-6.20186e-24
4.98e-08
-3.47797e-24
4.98e-08
-1.99513e-24
4.98e-08
-1.07173e-23
4.98e-08
6.65723e-25
4.98e-08
1.68517e-23
4.98e-08
-1.7084e-24
4.98e-08
7.01674e-24
4.98e-08
2.17442e-23
4.98e-08
1.50919e-23
4.98e-08
2.0943e-23
4.98e-08
-2.72441e-25
4.98e-08
-7.3703e-24
4.98e-08
7.40507e-24
4.98e-08
-1.80201e-23
4.98e-08
-3.08387e-23
4.98e-08
-1.57096e-23
4.98e-08
-2.90997e-23
4.98e-08
-1.95491e-23
4.98e-08
7.7684e-24
4.98e-08
8.96799e-24
4.98e-08
1.16833e-24
4.98e-08
1.10479e-23
4.98e-08
-1.92639e-23
4.98e-08
-1.24099e-23
4.98e-08
2.23348e-23
4.98e-08
-9.18876e-25
4.98e-08
3.76021e-24
4.98e-08
1.59135e-24
4.98e-08
-5.82881e-24
4.98e-08
1.68954e-23
4.98e-08
3.62889e-23
4.98e-08
4.2785e-23
4.98e-08
4.69667e-23
4.98e-08
1.00013e-22
4.98e-08
2.23806e-22
4.98e-08
4.04869e-22
4.98e-08
7.19564e-22
4.98e-08
1.12835e-21
1.07138e-21
8.3e-08
-1.53448e-21
8.3e-08
-1.65102e-21
8.3e-08
-1.24761e-21
8.3e-08
-8.13302e-22
8.3e-08
-5.05833e-22
8.3e-08
-2.97405e-22
8.3e-08
-1.82759e-22
8.3e-08
-8.8952e-23
8.3e-08
-4.12212e-23
8.3e-08
-1.23947e-23
8.3e-08
3.78868e-24
8.3e-08
1.13269e-24
8.3e-08
-9.47391e-24
8.3e-08
-1.67654e-23
8.3e-08
5.87672e-26
8.3e-08
1.12468e-23
8.3e-08
-8.88984e-24
8.3e-08
5.97277e-24
8.3e-08
4.20132e-23
8.3e-08
3.81212e-23
8.3e-08
4.45771e-23
8.3e-08
2.25745e-23
8.3e-08
-1.25192e-23
8.3e-08
1.16361e-24
8.3e-08
-3.4755e-23
8.3e-08
-4.99593e-23
8.3e-08
-2.49067e-23
8.3e-08
-2.07428e-23
8.3e-08
-1.90967e-23
8.3e-08
-1.26307e-25
8.3e-08
7.9393e-24
8.3e-08
1.99443e-23
8.3e-08
8.23032e-24
8.3e-08
-2.91981e-23
8.3e-08
-2.05193e-23
8.3e-08
2.10863e-23
8.3e-08
-2.21412e-24
8.3e-08
8.97001e-25
8.3e-08
3.08653e-24
8.3e-08
-5.41887e-24
8.3e-08
2.44012e-23
8.3e-08
4.1934e-23
8.3e-08
4.96158e-23
8.3e-08
5.17795e-23
8.3e-08
1.11013e-22
8.3e-08
2.27486e-22
8.3e-08
4.23022e-22
8.3e-08
7.50123e-22
8.3e-08
1.07048e-21
9.90209e-22
1.162e-07
-1.08615e-21
1.162e-07
-1.1657e-21
1.162e-07
-9.12923e-22
1.162e-07
-6.26974e-22
1.162e-07
-3.9896e-22
1.162e-07
-2.39084e-22
1.162e-07
-1.51858e-22
1.162e-07
-8.65223e-23
1.162e-07
-2.63769e-23
1.162e-07
9.28585e-24
1.162e-07
3.54052e-24
1.162e-07
7.81996e-24
1.162e-07
7.70266e-24
1.162e-07
-1.73177e-23
1.162e-07
-1.27441e-23
1.162e-07
9.96287e-24
1.162e-07
-3.38428e-24
1.162e-07
1.52908e-23
1.162e-07
4.18002e-23
1.162e-07
3.81398e-23
1.162e-07
4.88278e-23
1.162e-07
4.61387e-23
1.162e-07
1.39672e-24
1.162e-07
-2.20497e-23
1.162e-07
-2.27909e-23
1.162e-07
-4.25776e-23
1.162e-07
-3.6622e-23
1.162e-07
-4.08456e-23
1.162e-07
-1.86368e-23
1.162e-07
1.17498e-23
1.162e-07
1.46814e-23
1.162e-07
1.26097e-23
1.162e-07
-3.29289e-24
1.162e-07
-2.83097e-23
1.162e-07
-1.79635e-23
1.162e-07
-3.25918e-24
1.162e-07
4.05553e-24
1.162e-07
-2.57312e-24
1.162e-07
1.23367e-23
1.162e-07
6.46589e-24
1.162e-07
4.95141e-24
1.162e-07
2.0006e-23
1.162e-07
2.78356e-23
1.162e-07
3.38226e-23
1.162e-07
4.74584e-23
1.162e-07
9.96469e-23
1.162e-07
2.31794e-22
1.162e-07
4.52366e-22
1.162e-07
5.7739e-22
5.07056e-22
1.494e-07
-3.02373e-22
1.494e-07
-3.16038e-22
1.494e-07
-2.75338e-22
1.494e-07
-2.01816e-22
1.494e-07
-1.26849e-22
1.494e-07
-8.99168e-23
1.494e-07
-6.07083e-23
1.494e-07
-4.75823e-23
1.494e-07
9.96811e-24
1.494e-07
2.91859e-23
1.494e-07
5.74095e-24
1.494e-07
2.44876e-23
1.494e-07
2.8506e-23
1.494e-07
-7.38339e-24
1.494e-07
-7.14064e-24
1.494e-07
9.64997e-24
1.494e-07
2.25605e-24
1.494e-07
2.69597e-23
1.494e-07
5.2451e-23
1.494e-07
3.28546e-23
1.494e-07
4.15577e-23
1.494e-07
4.8204e-23
1.494e-07
-1.50797e-23
1.494e-07
-2.47645e-23
1.494e-07
-3.83838e-23
1.494e-07
-5.29339e-23
1.494e-07
-3.72571e-23
1.494e-07
-3.65186e-23
1.494e-07
-1.42446e-23
1.494e-07
1.8035e-23
1.494e-07
6.79226e-24
1.494e-07
1.29698e-23
1.494e-07
-7.2137e-24
1.494e-07
-3.79555e-23
1.494e-07
-4.24243e-23
1.494e-07
9.71748e-24
1.494e-07
1.9119e-23
1.494e-07
1.46794e-23
1.494e-07
1.6005e-23
1.494e-07
-4.06552e-24
1.494e-07
-1.74916e-23
1.494e-07
-6.77929e-25
1.494e-07
9.01613e-24
1.494e-07
-3.47841e-23
1.494e-07
-5.48509e-23
1.494e-07
-9.13877e-23
1.494e-07
-8.89551e-23
1.494e-07
-7.06526e-23
1.494e-07
-1.51183e-22
-1.84092e-22
1.826e-07
5.32018e-22
1.826e-07
5.86217e-22
1.826e-07
4.4912e-22
1.826e-07
2.81046e-22
1.826e-07
1.54481e-22
1.826e-07
8.09131e-23
1.826e-07
4.49409e-23
1.826e-07
1.77646e-23
1.826e-07
4.67651e-23
1.826e-07
5.01861e-23
1.826e-07
4.5509e-23
1.826e-07
3.48162e-23
1.826e-07
2.57992e-23
1.826e-07
-9.49882e-24
1.826e-07
5.36616e-24
1.826e-07
9.37138e-24
1.826e-07
-2.98306e-24
1.826e-07
7.09533e-24
1.826e-07
4.69759e-23
1.826e-07
3.87337e-23
1.826e-07
6.12616e-23
1.826e-07
1.33205e-23
1.826e-07
-3.89885e-23
1.826e-07
-9.41596e-24
1.826e-07
-1.76389e-23
1.826e-07
-3.76491e-23
1.826e-07
-2.48876e-23
1.826e-07
-3.40924e-23
1.826e-07
-5.87017e-24
1.826e-07
1.0503e-23
1.826e-07
1.61761e-23
1.826e-07
3.37924e-23
1.826e-07
-1.07095e-24
1.826e-07
-4.37497e-23
1.826e-07
-4.50871e-23
1.826e-07
-5.35056e-24
1.826e-07
1.93805e-23
1.826e-07
-7.13985e-24
1.826e-07
-6.71437e-24
1.826e-07
-6.31398e-24
1.826e-07
-1.93754e-23
1.826e-07
-1.68565e-23
1.826e-07
2.30579e-24
1.826e-07
-8.00788e-23
1.826e-07
-1.52035e-22
1.826e-07
-2.5314e-22
1.826e-07
-3.73675e-22
1.826e-07
-5.09191e-22
1.826e-07
-7.9317e-22
-8.04652e-22
2.158e-07
1.15655e-21
2.158e-07
1.25068e-21
2.158e-07
9.04945e-22
2.158e-07
5.70873e-22
2.158e-07
3.12868e-22
2.158e-07
1.7876e-22
2.158e-07
8.68919e-23
2.158e-07
6.56541e-23
2.158e-07
5.09362e-23
2.158e-07
6.34891e-23
2.158e-07
3.78136e-23
2.158e-07
5.76653e-23
2.158e-07
2.90584e-23
2.158e-07
-2.5704e-23
2.158e-07
-3.98109e-24
2.158e-07
1.07858e-23
2.158e-07
2.05213e-24
2.158e-07
-2.74135e-24
2.158e-07
2.26882e-23
2.158e-07
6.06613e-23
2.158e-07
5.79017e-23
2.158e-07
1.55844e-23
2.158e-07
-2.09029e-23
2.158e-07
1.81379e-24
2.158e-07
-2.27529e-23
2.158e-07
-2.6039e-23
2.158e-07
-3.07002e-23
2.158e-07
-2.39557e-23
2.158e-07
-1.94734e-23
2.158e-07
2.89638e-23
2.158e-07
3.12196e-23
2.158e-07
2.88882e-23
2.158e-07
-3.03495e-24
2.158e-07
-6.11628e-23
2.158e-07
-5.63163e-23
2.158e-07
9.4441e-24
2.158e-07
3.20468e-23
2.158e-07
7.85712e-24
2.158e-07
8.51621e-24
2.158e-07
-9.95764e-24
2.158e-07
-4.40713e-23
2.158e-07
-3.88722e-23
2.158e-07
-2.73182e-23
2.158e-07
-8.12187e-23
2.158e-07
-1.68446e-22
2.158e-07
-3.16743e-22
2.158e-07
-4.98844e-22
2.158e-07
-7.78866e-22
2.158e-07
-1.17851e-21
-1.18399e-21
2.49e-07
1.25439e-21
2.49e-07
1.34316e-21
2.49e-07
9.13802e-22
2.49e-07
5.40485e-22
2.49e-07
3.2368e-22
2.49e-07
1.77501e-22
2.49e-07
9.3854e-23
2.49e-07
4.37883e-23
2.49e-07
2.11736e-23
2.49e-07
1.71941e-23
2.49e-07
5.25357e-23
2.49e-07
3.93134e-23
2.49e-07
-2.89204e-24
2.49e-07
-1.03943e-23
2.49e-07
-3.43111e-23
2.49e-07
3.82231e-24
2.49e-07
1.4566e-23
2.49e-07
4.03109e-23
2.49e-07
2.43283e-23
2.49e-07
3.46507e-23
2.49e-07
3.21257e-23
2.49e-07
-2.59091e-24
2.49e-07
-4.89799e-23
2.49e-07
-3.87323e-23
2.49e-07
-3.40577e-24
2.49e-07
-4.54792e-24
2.49e-07
-1.01538e-23
2.49e-07
-2.88404e-23
2.49e-07
-2.91403e-23
2.49e-07
9.43812e-24
2.49e-07
2.2037e-23
2.49e-07
3.24879e-23
2.49e-07
-2.92551e-24
2.49e-07
-4.29638e-23
2.49e-07
-5.85838e-23
2.49e-07
6.89258e-24
2.49e-07
3.34037e-23
2.49e-07
2.43366e-24
2.49e-07
-5.817e-26
2.49e-07
-1.18759e-23
2.49e-07
-3.38111e-23
2.49e-07
-3.82617e-23
2.49e-07
8.37936e-25
2.49e-07
-7.71147e-23
2.49e-07
-1.62963e-22
2.49e-07
-2.20343e-22
2.49e-07
-3.91341e-22
2.49e-07
-6.76426e-22
2.49e-07
-1.16022e-21
-1.18788e-21
2.822e-07
7.92279e-22
2.822e-07
8.10389e-22
2.822e-07
4.8345e-22
2.822e-07
2.44232e-22
2.822e-07
9.91429e-23
2.822e-07
6.53618e-23
2.822e-07
4.63007e-23
2.822e-07
-2.36634e-24
2.822e-07
-6.68551e-24
2.822e-07
3.7854e-23
2.822e-07
7.32076e-24
2.822e-07
3.72136e-24
2.822e-07
2.19615e-23
2.822e-07
-3.48609e-24
2.822e-07
-2.05214e-23
2.822e-07
6.99589e-24
2.822e-07
1.00063e-23
2.822e-07
2.4407e-23
2.822e-07
2.18249e-24
2.822e-07
3.45856e-23
2.822e-07
2.18682e-23
2.822e-07
-1.60845e-24
2.822e-07
-4.32908e-23
2.822e-07
-5.5335e-23
2.822e-07
-1.61945e-23
2.822e-07
1.6086e-23
2.822e-07
-8.25261e-24
2.822e-07
-2.05433e-23
2.822e-07
2.54268e-23
2.822e-07
-1.01096e-23
2.822e-07
-1.77188e-24
2.822e-07
-7.51184e-25
2.822e-07
-3.13834e-24
2.822e-07
-1.97177e-23
2.822e-07
5.99902e-24
2.822e-07
8.02076e-24
2.822e-07
-1.727e-23
2.822e-07
-1.03277e-23
2.822e-07
9.64187e-24
2.822e-07
-2.01791e-23
2.822e-07
-2.15205e-23
2.822e-07
1.38591e-23
2.822e-07
-6.87238e-24
2.822e-07
-5.64602e-23
2.822e-07
-6.41016e-23
2.822e-07
-1.0889e-22
2.822e-07
-1.53224e-22
2.822e-07
-3.07353e-22
2.822e-07
-6.55696e-22
-6.59983e-22
3.154e-07
3.154e-07
3.154e-07
3.154e-07
3.154e-07
3.154e-07
3.154e-07
3.154e-07
3.154e-07
3.154e-07
3.154e-07
3.154e-07
3.154e-07
3.154e-07
3.154e-07
3.154e-07
3.154e-07
3.154e-07
3.154e-07
3.154e-07
3.154e-07
3.154e-07
3.154e-07
3.154e-07
3.154e-07
3.154e-07
3.154e-07
3.154e-07
3.154e-07
3.154e-07
3.154e-07
3.154e-07
3.154e-07
3.154e-07
3.154e-07
3.154e-07
3.154e-07
3.154e-07
3.154e-07
3.154e-07
3.154e-07
3.154e-07
3.154e-07
3.154e-07
3.154e-07
3.154e-07
3.154e-07
3.154e-07
3.154e-07
)
;

boundaryField
{
    movingWall
    {
        type            calculated;
        value           uniform 0;
    }
    Inlet
    {
        type            calculated;
        value           nonuniform List<scalar> 10(-1.66e-08 -4.98e-08 -8.3e-08 -1.162e-07 -1.494e-07 -1.826e-07 -2.158e-07 -2.49e-07 -2.822e-07 -3.154e-07);
    }
    Outlet
    {
        type            calculated;
        value           nonuniform List<scalar> 10(1.66e-08 4.98e-08 8.3e-08 1.162e-07 1.494e-07 1.826e-07 2.158e-07 2.49e-07 2.822e-07 3.154e-07);
    }
    Bottom
    {
        type            calculated;
        value           uniform 0;
    }
    frontAndBack
    {
        type            empty;
        value           nonuniform 0();
    }
}


// ************************************************************************* //
