/*--------------------------------*- C++ -*----------------------------------*\
| =========                 |                                                 |
| \\      /  F ield         | OpenFOAM: The Open Source CFD Toolbox           |
|  \\    /   O peration     | Version:  5.x                                   |
|   \\  /    A nd           | Web:      www.OpenFOAM.org                      |
|    \\/     M anipulation  |                                                 |
\*---------------------------------------------------------------------------*/
FoamFile
{
    version     2.0;
    format      ascii;
    class       volVectorField;
    location    "0.4";
    object      U;
}
// * * * * * * * * * * * * * * * * * * * * * * * * * * * * * * * * * * * * * //

dimensions      [0 1 -1 0 0 0 0];

internalField   nonuniform List<vector> 
500
(
(0.0415 -9.71707e-16 0)
(0.0415 -7.94558e-16 0)
(0.0415 -3.53674e-16 0)
(0.0415 -1.86263e-16 0)
(0.0415 -9.74375e-17 0)
(0.0415 -4.66824e-17 0)
(0.0415 -3.02524e-17 0)
(0.0415 -1.61011e-17 0)
(0.0415 6.53495e-18 0)
(0.0415 1.33019e-17 0)
(0.0415 4.41557e-18 0)
(0.0415 8.52706e-18 0)
(0.0415 5.07339e-19 0)
(0.0415 -7.49168e-18 0)
(0.0415 -1.15925e-18 0)
(0.0415 1.23829e-17 0)
(0.0415 -4.9333e-18 0)
(0.0415 -2.38082e-18 0)
(0.0415 1.12743e-17 0)
(0.0415 -2.49741e-18 0)
(0.0415 -4.80477e-19 0)
(0.0415 -2.8784e-18 0)
(0.0415 1.3754e-18 0)
(0.0415 6.3482e-18 0)
(0.0415 -1.29248e-17 0)
(0.0415 -2.38346e-17 0)
(0.0415 -1.22006e-17 0)
(0.0415 -1.30023e-17 0)
(0.0415 -2.2506e-17 0)
(0.0415 5.20679e-18 0)
(0.0415 -7.04528e-19 0)
(0.0415 -6.59716e-18 0)
(0.0415 1.21688e-17 0)
(0.0415 -2.81205e-17 0)
(0.0415 -2.10205e-17 0)
(0.0415 3.11245e-17 0)
(0.0415 -6.18969e-18 0)
(0.0415 -4.92882e-18 0)
(0.0415 -1.21656e-17 0)
(0.0415 -1.81051e-17 0)
(0.0415 2.27076e-17 0)
(0.0415 2.03777e-17 0)
(0.0415 2.70019e-17 0)
(0.0415 4.49531e-17 0)
(0.0415 1.94814e-17 0)
(0.0415 7.04469e-17 0)
(0.0415 1.66549e-16 0)
(0.0415 2.95655e-16 0)
(0.0415 6.70438e-16 0)
(0.0415 7.78054e-16 0)
(0.1245 -3.20389e-15 0)
(0.1245 -3.28925e-15 0)
(0.1245 -2.1999e-15 0)
(0.1245 -1.29355e-15 0)
(0.1245 -7.48099e-16 0)
(0.1245 -4.22458e-16 0)
(0.1245 -2.33212e-16 0)
(0.1245 -1.4516e-16 0)
(0.1245 -4.70399e-17 0)
(0.1245 -1.32937e-18 0)
(0.1245 -1.69691e-17 0)
(0.1245 -1.7658e-19 0)
(0.1245 -1.504e-18 0)
(0.1245 -1.70193e-17 0)
(0.1245 1.04009e-17 0)
(0.1245 3.25778e-17 0)
(0.1245 -9.09853e-18 0)
(0.1245 1.05433e-17 0)
(0.1245 4.09703e-17 0)
(0.1245 9.03619e-18 0)
(0.1245 2.2075e-17 0)
(0.1245 -5.12405e-18 0)
(0.1245 -1.19231e-17 0)
(0.1245 2.8264e-17 0)
(0.1245 -2.94061e-17 0)
(0.1245 -4.99441e-17 0)
(0.1245 -3.07104e-17 0)
(0.1245 -5.10349e-17 0)
(0.1245 -3.10537e-17 0)
(0.1245 1.22332e-17 0)
(0.1245 2.45611e-17 0)
(0.1245 -9.53568e-18 0)
(0.1245 1.11044e-17 0)
(0.1245 -3.14204e-17 0)
(0.1245 -2.39416e-17 0)
(0.1245 5.15674e-17 0)
(0.1245 1.8586e-18 0)
(0.1245 -6.87344e-18 0)
(0.1245 5.6913e-18 0)
(0.1245 -9.61202e-18 0)
(0.1245 1.07292e-17 0)
(0.1245 7.55622e-17 0)
(0.1245 1.02039e-16 0)
(0.1245 1.14035e-16 0)
(0.1245 1.72505e-16 0)
(0.1245 4.34676e-16 0)
(0.1245 8.6107e-16 0)
(0.1245 1.54915e-15 0)
(0.1245 2.52217e-15 0)
(0.1245 2.41915e-15 0)
(0.2075 -4.10433e-15 0)
(0.2075 -4.34335e-15 0)
(0.2075 -3.18993e-15 0)
(0.2075 -2.03229e-15 0)
(0.2075 -1.23507e-15 0)
(0.2075 -7.23763e-16 0)
(0.2075 -4.33744e-16 0)
(0.2075 -2.22518e-16 0)
(0.2075 -1.02148e-16 0)
(0.2075 -2.23678e-17 0)
(0.2075 -3.58892e-18 0)
(0.2075 -1.48849e-17 0)
(0.2075 -1.21891e-17 0)
(0.2075 -3.35988e-17 0)
(0.2075 5.08282e-18 0)
(0.2075 4.66177e-17 0)
(0.2075 -1.53865e-17 0)
(0.2075 6.8275e-18 0)
(0.2075 7.77821e-17 0)
(0.2075 6.77091e-17 0)
(0.2075 8.54093e-17 0)
(0.2075 2.95709e-17 0)
(0.2075 -2.58069e-17 0)
(0.2075 1.64136e-17 0)
(0.2075 -7.47228e-17 0)
(0.2075 -1.11853e-16 0)
(0.2075 -4.91433e-17 0)
(0.2075 -6.39534e-17 0)
(0.2075 -4.88182e-17 0)
(0.2075 2.18779e-17 0)
(0.2075 1.94979e-17 0)
(0.2075 2.0025e-17 0)
(0.2075 4.24744e-17 0)
(0.2075 -6.28661e-17 0)
(0.2075 -4.75118e-17 0)
(0.2075 4.98355e-17 0)
(0.2075 -1.61993e-17 0)
(0.2075 3.08302e-17 0)
(0.2075 3.91081e-18 0)
(0.2075 -2.74063e-17 0)
(0.2075 7.05344e-17 0)
(0.2075 1.09758e-16 0)
(0.2075 1.19396e-16 0)
(0.2075 1.23315e-16 0)
(0.2075 3.1742e-16 0)
(0.2075 6.7532e-16 0)
(0.2075 1.15375e-15 0)
(0.2075 2.03221e-15 0)
(0.2075 3.03419e-15 0)
(0.2075 2.85321e-15 0)
(0.2905 -3.54342e-15 0)
(0.2905 -3.81186e-15 0)
(0.2905 -2.95048e-15 0)
(0.2905 -1.98257e-15 0)
(0.2905 -1.25386e-15 0)
(0.2905 -7.4242e-16 0)
(0.2905 -4.66931e-16 0)
(0.2905 -2.51999e-16 0)
(0.2905 -9.68489e-17 0)
(0.2905 -8.6635e-18 0)
(0.2905 1.01163e-17 0)
(0.2905 1.15315e-17 0)
(0.2905 -7.24694e-18 0)
(0.2905 -4.43196e-17 0)
(0.2905 -1.91946e-17 0)
(0.2905 2.70178e-17 0)
(0.2905 -1.98255e-17 0)
(0.2905 2.43964e-17 0)
(0.2905 1.13251e-16 0)
(0.2905 1.07502e-16 0)
(0.2905 1.24193e-16 0)
(0.2905 7.8842e-17 0)
(0.2905 -9.73386e-18 0)
(0.2905 -3.439e-17 0)
(0.2905 -7.39421e-17 0)
(0.2905 -1.13216e-16 0)
(0.2905 -8.15972e-17 0)
(0.2905 -9.17495e-17 0)
(0.2905 -5.51614e-17 0)
(0.2905 2.40785e-17 0)
(0.2905 3.08076e-17 0)
(0.2905 4.42785e-17 0)
(0.2905 2.04287e-18 0)
(0.2905 -5.74656e-17 0)
(0.2905 -4.79424e-17 0)
(0.2905 1.5992e-17 0)
(0.2905 2.15065e-18 0)
(0.2905 -1.28401e-17 0)
(0.2905 2.63034e-17 0)
(0.2905 7.45071e-18 0)
(0.2905 4.17349e-17 0)
(0.2905 8.64645e-17 0)
(0.2905 1.15431e-16 0)
(0.2905 1.17825e-16 0)
(0.2905 2.34417e-16 0)
(0.2905 4.66119e-16 0)
(0.2905 9.1974e-16 0)
(0.2905 1.65913e-15 0)
(0.2905 2.22155e-15 0)
(0.2905 2.04786e-15 0)
(0.3735 -1.84996e-15 0)
(0.3735 -1.97497e-15 0)
(0.3735 -1.60683e-15 0)
(0.3735 -1.12849e-15 0)
(0.3735 -7.30415e-16 0)
(0.3735 -4.67883e-16 0)
(0.3735 -2.86264e-16 0)
(0.3735 -1.68863e-16 0)
(0.3735 -3.08218e-17 0)
(0.3735 4.41857e-17 0)
(0.3735 3.75885e-18 0)
(0.3735 4.4584e-17 0)
(0.3735 3.57031e-17 0)
(0.3735 -3.53156e-17 0)
(0.3735 -2.23495e-17 0)
(0.3735 8.94611e-18 0)
(0.3735 6.61701e-18 0)
(0.3735 6.13486e-17 0)
(0.3735 1.10105e-16 0)
(0.3735 8.62731e-17 0)
(0.3735 1.15405e-16 0)
(0.3735 1.31459e-16 0)
(0.3735 -1.31992e-17 0)
(0.3735 -5.59358e-17 0)
(0.3735 -7.25584e-17 0)
(0.3735 -1.38541e-16 0)
(0.3735 -9.94162e-17 0)
(0.3735 -7.85007e-17 0)
(0.3735 -4.00917e-17 0)
(0.3735 2.14189e-17 0)
(0.3735 3.21208e-17 0)
(0.3735 3.24792e-17 0)
(0.3735 -1.34702e-17 0)
(0.3735 -8.88153e-17 0)
(0.3735 -7.11958e-17 0)
(0.3735 1.88737e-17 0)
(0.3735 3.27548e-17 0)
(0.3735 4.82655e-18 0)
(0.3735 3.74851e-17 0)
(0.3735 1.88689e-17 0)
(0.3735 -1.09572e-17 0)
(0.3735 1.6219e-17 0)
(0.3735 3.36659e-17 0)
(0.3735 3.17345e-17 0)
(0.3735 4.27393e-18 0)
(0.3735 1.59155e-18 0)
(0.3735 1.92066e-16 0)
(0.3735 5.17751e-16 0)
(0.3735 6.2123e-16 0)
(0.3735 4.84772e-16 0)
(0.4565 3.41147e-16 0)
(0.4565 3.98089e-16 0)
(0.4565 2.69055e-16 0)
(0.4565 1.38126e-16 0)
(0.4565 6.62618e-17 0)
(0.4565 1.24291e-17 0)
(0.4565 -1.26844e-17 0)
(0.4565 -4.22566e-17 0)
(0.4565 8.13437e-17 0)
(0.4565 9.74728e-17 0)
(0.4565 6.90098e-17 0)
(0.4565 7.15823e-17 0)
(0.4565 7.94568e-17 0)
(0.4565 -1.45753e-17 0)
(0.4565 -1.45956e-17 0)
(0.4565 3.45152e-17 0)
(0.4565 -4.0424e-18 0)
(0.4565 4.43053e-17 0)
(0.4565 1.32143e-16 0)
(0.4565 8.49948e-17 0)
(0.4565 1.3649e-16 0)
(0.4565 8.75502e-17 0)
(0.4565 -8.34573e-17 0)
(0.4565 -3.57684e-17 0)
(0.4565 -6.49842e-17 0)
(0.4565 -8.85449e-17 0)
(0.4565 -7.70785e-17 0)
(0.4565 -1.07449e-16 0)
(0.4565 -1.57803e-17 0)
(0.4565 1.72586e-17 0)
(0.4565 1.56749e-17 0)
(0.4565 6.8077e-17 0)
(0.4565 -2.19879e-17 0)
(0.4565 -1.15954e-16 0)
(0.4565 -9.52491e-17 0)
(0.4565 1.39511e-17 0)
(0.4565 4.92348e-17 0)
(0.4565 1.87965e-17 0)
(0.4565 3.76152e-18 0)
(0.4565 -7.25881e-18 0)
(0.4565 -6.22623e-17 0)
(0.4565 -8.26506e-18 0)
(0.4565 2.7137e-17 0)
(0.4565 -1.69638e-16 0)
(0.4565 -2.94503e-16 0)
(0.4565 -4.69963e-16 0)
(0.4565 -6.18887e-16 0)
(0.4565 -7.92102e-16 0)
(0.4565 -1.31704e-15 0)
(0.4565 -1.3724e-15 0)
(0.5395 2.3306e-15 0)
(0.5395 2.52794e-15 0)
(0.5395 1.90541e-15 0)
(0.5395 1.2107e-15 0)
(0.5395 6.89983e-16 0)
(0.5395 3.96825e-16 0)
(0.5395 1.95031e-16 0)
(0.5395 1.31689e-16 0)
(0.5395 1.43225e-16 0)
(0.5395 1.57922e-16 0)
(0.5395 1.10625e-16 0)
(0.5395 1.24637e-16 0)
(0.5395 7.30437e-17 0)
(0.5395 -4.41732e-17 0)
(0.5395 1.08678e-17 0)
(0.5395 2.79089e-17 0)
(0.5395 -6.57796e-18 0)
(0.5395 1.87569e-18 0)
(0.5395 9.37459e-17 0)
(0.5395 1.34526e-16 0)
(0.5395 1.32009e-16 0)
(0.5395 3.26746e-17 0)
(0.5395 -5.16565e-17 0)
(0.5395 -2.08275e-17 0)
(0.5395 -5.04652e-17 0)
(0.5395 -8.49105e-17 0)
(0.5395 -7.64154e-17 0)
(0.5395 -6.41911e-17 0)
(0.5395 -4.47592e-17 0)
(0.5395 5.55166e-17 0)
(0.5395 5.56174e-17 0)
(0.5395 7.55528e-17 0)
(0.5395 7.60701e-18 0)
(0.5395 -1.19712e-16 0)
(0.5395 -1.45198e-16 0)
(0.5395 -5.18967e-18 0)
(0.5395 7.54341e-17 0)
(0.5395 -6.68115e-18 0)
(0.5395 -8.88601e-19 0)
(0.5395 -4.08099e-17 0)
(0.5395 -5.75631e-17 0)
(0.5395 -7.72002e-17 0)
(0.5395 -4.70345e-17 0)
(0.5395 -2.13034e-16 0)
(0.5395 -4.30136e-16 0)
(0.5395 -7.77136e-16 0)
(0.5395 -1.20943e-15 0)
(0.5395 -1.79028e-15 0)
(0.5395 -2.66383e-15 0)
(0.5395 -2.67781e-15 0)
(0.6225 3.34817e-15 0)
(0.6225 3.60677e-15 0)
(0.6225 2.57035e-15 0)
(0.6225 1.59037e-15 0)
(0.6225 9.17808e-16 0)
(0.6225 5.05396e-16 0)
(0.6225 2.75943e-16 0)
(0.6225 1.59309e-16 0)
(0.6225 9.73422e-17 0)
(0.6225 1.19418e-16 0)
(0.6225 1.12568e-16 0)
(0.6225 1.2387e-16 0)
(0.6225 3.9636e-17 0)
(0.6225 -4.7184e-17 0)
(0.6225 -2.8052e-17 0)
(0.6225 1.19422e-17 0)
(0.6225 2.89638e-17 0)
(0.6225 5.02356e-17 0)
(0.6225 5.78083e-17 0)
(0.6225 1.23344e-16 0)
(0.6225 1.24238e-16 0)
(0.6225 1.03564e-17 0)
(0.6225 -8.70333e-17 0)
(0.6225 -3.82939e-17 0)
(0.6225 -4.6519e-17 0)
(0.6225 -6.09024e-17 0)
(0.6225 -3.63528e-17 0)
(0.6225 -6.45991e-17 0)
(0.6225 -7.16175e-17 0)
(0.6225 7.76546e-17 0)
(0.6225 7.63697e-17 0)
(0.6225 6.98779e-17 0)
(0.6225 -1.4873e-17 0)
(0.6225 -1.49598e-16 0)
(0.6225 -1.54612e-16 0)
(0.6225 8.84323e-18 0)
(0.6225 7.90075e-17 0)
(0.6225 3.52744e-17 0)
(0.6225 1.64875e-17 0)
(0.6225 -3.40479e-17 0)
(0.6225 -1.13281e-16 0)
(0.6225 -1.22497e-16 0)
(0.6225 -5.46058e-17 0)
(0.6225 -2.22655e-16 0)
(0.6225 -4.38164e-16 0)
(0.6225 -7.25759e-16 0)
(0.6225 -1.23983e-15 0)
(0.6225 -1.99992e-15 0)
(0.6225 -3.15593e-15 0)
(0.6225 -3.21749e-15 0)
(0.7055 2.87809e-15 0)
(0.7055 3.01803e-15 0)
(0.7055 1.99634e-15 0)
(0.7055 1.1422e-15 0)
(0.7055 5.9963e-16 0)
(0.7055 3.51252e-16 0)
(0.7055 1.96735e-16 0)
(0.7055 4.18161e-17 0)
(0.7055 1.46934e-17 0)
(0.7055 6.87621e-17 0)
(0.7055 9.31433e-17 0)
(0.7055 5.71435e-17 0)
(0.7055 2.433e-17 0)
(0.7055 -1.85268e-17 0)
(0.7055 -1.03669e-16 0)
(0.7055 1.29058e-17 0)
(0.7055 3.32795e-17 0)
(0.7055 9.4497e-17 0)
(0.7055 3.6696e-17 0)
(0.7055 9.73786e-17 0)
(0.7055 8.79509e-17 0)
(0.7055 -7.17443e-18 0)
(0.7055 -1.44036e-16 0)
(0.7055 -1.29557e-16 0)
(0.7055 -2.42035e-17 0)
(0.7055 3.40464e-17 0)
(0.7055 -2.20002e-17 0)
(0.7055 -7.3494e-17 0)
(0.7055 4.94208e-18 0)
(0.7055 -2.14964e-17 0)
(0.7055 4.27572e-17 0)
(0.7055 5.42517e-17 0)
(0.7055 -1.50636e-17 0)
(0.7055 -8.53666e-17 0)
(0.7055 -6.91117e-17 0)
(0.7055 2.65281e-17 0)
(0.7055 1.41456e-17 0)
(0.7055 -2.68483e-17 0)
(0.7055 2.84454e-17 0)
(0.7055 -2.0636e-17 0)
(0.7055 -1.1069e-16 0)
(0.7055 -2.16769e-17 0)
(0.7055 1.24864e-17 0)
(0.7055 -1.89724e-16 0)
(0.7055 -3.33994e-16 0)
(0.7055 -4.61829e-16 0)
(0.7055 -7.25103e-16 0)
(0.7055 -1.36084e-15 0)
(0.7055 -2.5228e-15 0)
(0.7055 -2.55754e-15 0)
(0.7885 1.00706e-15 0)
(0.7885 8.68233e-16 0)
(0.7885 3.9063e-16 0)
(0.7885 1.44906e-16 0)
(0.7885 4.1748e-17 0)
(0.7885 3.52396e-17 0)
(0.7885 2.64554e-17 0)
(0.7885 2.04768e-17 0)
(0.7885 8.08386e-18 0)
(0.7885 4.69214e-17 0)
(0.7885 7.88529e-18 0)
(0.7885 1.46036e-17 0)
(0.7885 2.52185e-17 0)
(0.7885 -9.29297e-18 0)
(0.7885 -2.46912e-17 0)
(0.7885 2.72031e-17 0)
(0.7885 2.02192e-17 0)
(0.7885 2.52618e-17 0)
(0.7885 1.51618e-17 0)
(0.7885 4.32444e-17 0)
(0.7885 3.49165e-17 0)
(0.7885 1.10926e-17 0)
(0.7885 -7.55633e-17 0)
(0.7885 -9.20534e-17 0)
(0.7885 -2.11443e-18 0)
(0.7885 2.61107e-17 0)
(0.7885 -3.63454e-17 0)
(0.7885 -2.50489e-17 0)
(0.7885 5.94518e-17 0)
(0.7885 -1.28825e-19 0)
(0.7885 -2.89138e-17 0)
(0.7885 -7.12587e-18 0)
(0.7885 8.84927e-18 0)
(0.7885 -1.43463e-17 0)
(0.7885 2.00884e-18 0)
(0.7885 8.68387e-18 0)
(0.7885 -2.87654e-17 0)
(0.7885 -2.41898e-17 0)
(0.7885 -1.43896e-17 0)
(0.7885 -5.88083e-17 0)
(0.7885 2.62607e-17 0)
(0.7885 2.61876e-17 0)
(0.7885 -1.18199e-17 0)
(0.7885 -4.99894e-17 0)
(0.7885 -2.92566e-17 0)
(0.7885 -5.8595e-17 0)
(0.7885 -8.64477e-17 0)
(0.7885 -1.69322e-16 0)
(0.7885 -6.24555e-16 0)
(0.7885 -7.786e-16 0)
)
;

boundaryField
{
    movingWall
    {
        type            fixedValue;
        value           uniform (0.83 0 0);
    }
    Inlet
    {
        type            zeroGradient;
    }
    Outlet
    {
        type            zeroGradient;
    }
    Bottom
    {
        type            fixedValue;
        value           uniform (0 0 0);
    }
    frontAndBack
    {
        type            empty;
    }
}


// ************************************************************************* //
