/*--------------------------------*- C++ -*----------------------------------*\
| =========                 |                                                 |
| \\      /  F ield         | OpenFOAM: The Open Source CFD Toolbox           |
|  \\    /   O peration     | Version:  5.x                                   |
|   \\  /    A nd           | Web:      www.OpenFOAM.org                      |
|    \\/     M anipulation  |                                                 |
\*---------------------------------------------------------------------------*/
FoamFile
{
    version     2.0;
    format      ascii;
    class       volVectorField;
    location    "0.4";
    object      wallShearStress;
}
// * * * * * * * * * * * * * * * * * * * * * * * * * * * * * * * * * * * * * //

dimensions      [0 2 -2 0 0 0 0];

internalField   uniform (0 0 0);

boundaryField
{
    movingWall
    {
        type            calculated;
        value           nonuniform List<vector> 
50
(
(0.184675 -5.97522e-15 0)
(0.184675 -5.15152e-15 0)
(0.184675 -2.31774e-15 0)
(0.184675 -8.59776e-16 0)
(0.184675 -2.47705e-16 0)
(0.184675 -2.09088e-16 0)
(0.184675 -1.56969e-16 0)
(0.184675 -1.21496e-16 0)
(0.184675 -4.79642e-17 0)
(0.184675 -2.784e-16 0)
(0.184675 -4.67861e-17 0)
(0.184675 -8.6648e-17 0)
(0.184675 -1.4963e-16 0)
(0.184675 5.51383e-17 0)
(0.184675 1.46501e-16 0)
(0.184675 -1.61405e-16 0)
(0.184675 -1.19967e-16 0)
(0.184675 -1.49887e-16 0)
(0.184675 -8.996e-17 0)
(0.184675 -2.56583e-16 0)
(0.184675 -2.07171e-16 0)
(0.184675 -6.58161e-17 0)
(0.184675 4.48342e-16 0)
(0.184675 5.46184e-16 0)
(0.184675 1.25456e-17 0)
(0.184675 -1.54923e-16 0)
(0.184675 2.15649e-16 0)
(0.184675 1.48623e-16 0)
(0.184675 -3.52747e-16 0)
(0.184675 7.64362e-19 0)
(0.184675 1.71555e-16 0)
(0.184675 4.22802e-17 0)
(0.184675 -5.25057e-17 0)
(0.184675 8.51214e-17 0)
(0.184675 -1.19191e-17 0)
(0.184675 -5.15243e-17 0)
(0.184675 1.70675e-16 0)
(0.184675 1.43526e-16 0)
(0.184675 8.53783e-17 0)
(0.184675 3.48929e-16 0)
(0.184675 -1.55813e-16 0)
(0.184675 -1.5538e-16 0)
(0.184675 7.01314e-17 0)
(0.184675 2.96604e-16 0)
(0.184675 1.73589e-16 0)
(0.184675 3.47664e-16 0)
(0.184675 5.12923e-16 0)
(0.184675 1.00464e-15 0)
(0.184675 3.70569e-15 0)
(0.184675 4.61969e-15 0)
)
;
    }
    Inlet
    {
        type            calculated;
        value           uniform (0 0 0);
    }
    Outlet
    {
        type            calculated;
        value           uniform (0 0 0);
    }
    Bottom
    {
        type            calculated;
        value           nonuniform List<vector> 
50
(
(-0.184675 5.76546e-15 0)
(-0.184675 4.71438e-15 0)
(-0.184675 2.09847e-15 0)
(-0.184675 1.10516e-15 0)
(-0.184675 5.78129e-16 0)
(-0.184675 2.76982e-16 0)
(-0.184675 1.79498e-16 0)
(-0.184675 9.55332e-17 0)
(-0.184675 -3.8774e-17 0)
(-0.184675 -7.89246e-17 0)
(-0.184675 -2.6199e-17 0)
(-0.184675 -5.05939e-17 0)
(-0.184675 -3.01021e-18 0)
(-0.184675 4.44506e-17 0)
(-0.184675 6.87822e-18 0)
(-0.184675 -7.34719e-17 0)
(-0.184675 2.92709e-17 0)
(-0.184675 1.41262e-17 0)
(-0.184675 -6.68942e-17 0)
(-0.184675 1.4818e-17 0)
(-0.184675 2.85083e-18 0)
(-0.184675 1.70785e-17 0)
(-0.184675 -8.16071e-18 0)
(-0.184675 -3.7666e-17 0)
(-0.184675 7.66871e-17 0)
(-0.184675 1.41419e-16 0)
(-0.184675 7.23902e-17 0)
(-0.184675 7.7147e-17 0)
(-0.184675 1.33536e-16 0)
(-0.184675 -3.08936e-17 0)
(-0.184675 4.1802e-18 0)
(-0.184675 3.91431e-17 0)
(-0.184675 -7.22015e-17 0)
(-0.184675 1.66848e-16 0)
(-0.184675 1.24722e-16 0)
(-0.184675 -1.84672e-16 0)
(-0.184675 3.67255e-17 0)
(-0.184675 2.92443e-17 0)
(-0.184675 7.21826e-17 0)
(-0.184675 1.07424e-16 0)
(-0.184675 -1.34732e-16 0)
(-0.184675 -1.20908e-16 0)
(-0.184675 -1.60211e-16 0)
(-0.184675 -2.66722e-16 0)
(-0.184675 -1.1559e-16 0)
(-0.184675 -4.17985e-16 0)
(-0.184675 -9.88191e-16 0)
(-0.184675 -1.75422e-15 0)
(-0.184675 -3.97793e-15 0)
(-0.184675 -4.61645e-15 0)
)
;
    }
    frontAndBack
    {
        type            empty;
    }
}


// ************************************************************************* //
