/*--------------------------------*- C++ -*----------------------------------*\
| =========                 |                                                 |
| \\      /  F ield         | OpenFOAM: The Open Source CFD Toolbox           |
|  \\    /   O peration     | Version:  5.x                                   |
|   \\  /    A nd           | Web:      www.OpenFOAM.org                      |
|    \\/     M anipulation  |                                                 |
\*---------------------------------------------------------------------------*/
FoamFile
{
    version     2.0;
    format      ascii;
    class       volScalarField;
    location    "0.005";
    object      p;
}
// * * * * * * * * * * * * * * * * * * * * * * * * * * * * * * * * * * * * * //

dimensions      [0 2 -2 0 0 0 0];

internalField   nonuniform List<scalar> 
7200
(
1.04939e-05
-0.00195068
-0.013145
-0.0215405
-0.0167607
-0.00197362
0.019205
0.0487898
0.089551
0.138189
0.182557
0.20525
0.191439
0.136424
0.0490352
-0.0506482
-0.138145
-0.193224
-0.206896
-0.183822
-0.138935
-0.0897751
-0.0485965
-0.0187599
0.00248868
0.0171972
0.0218042
0.0132201
0.00194884
-1.05289e-06
0.000120337
-0.00420035
-0.0166063
-0.021693
-0.0128204
0.0041433
0.026226
0.0556706
0.0940539
0.137113
0.173657
0.189305
0.172784
0.121417
0.04325
-0.0449949
-0.123236
-0.174623
-0.190972
-0.174931
-0.137872
-0.094309
-0.0555221
-0.0258216
-0.00364535
0.0132706
0.0220015
0.0167425
0.00423528
-0.000105921
-3.42904e-05
-0.00706375
-0.019405
-0.0204149
-0.00806167
0.0102702
0.0326205
0.0611162
0.0962429
0.133318
0.162484
0.172184
0.154058
0.106856
0.0377157
-0.0396033
-0.108792
-0.155978
-0.173902
-0.163793
-0.134106
-0.0965302
-0.0610085
-0.0322563
-0.00979495
0.00851723
0.0207626
0.0196075
0.00714054
5.521e-05
-0.000602219
-0.0103982
-0.0213578
-0.0179762
-0.00290335
0.0161248
0.0382248
0.0652356
0.0968662
0.128444
0.151465
0.156658
0.137792
0.094502
0.0330654
-0.0350879
-0.0965549
-0.139806
-0.158451
-0.152832
-0.129276
-0.097191
-0.0651656
-0.0378972
-0.0156741
0.00335736
0.0183534
0.0216212
0.0105214
0.000635101
-0.00175881
-0.0140606
-0.0223259
-0.0144807
0.00260439
0.0218114
0.0432369
0.0683457
0.0963368
0.1228
0.140538
0.142178
0.123116
0.0835576
0.0289765
-0.0311309
-0.0857299
-0.125232
-0.144059
-0.141978
-0.123689
-0.0967024
-0.06831
-0.0429412
-0.0213845
-0.00215606
0.0148783
0.0226384
0.0142316
0.00181045
-0.00368806
-0.0177653
-0.0220796
-0.0100313
0.00831367
0.0272378
0.0475991
0.0704629
0.0947551
0.11649
0.129684
0.12854
0.109699
0.0737189
0.0253253
-0.0276098
-0.0760121
-0.111924
-0.130518
-0.131208
-0.117443
-0.0951647
-0.0704585
-0.0473297
-0.0268313
-0.00787252
0.0104414
0.0224259
0.0179806
0.00376532
-0.00655723
-0.0211338
-0.0204478
-0.0048026
0.0140462
0.032282
0.0512279
0.0715901
0.0922267
0.109666
0.119016
0.115757
0.0974664
0.0648888
0.0220687
-0.0244814
-0.0673038
-0.0998055
-0.117841
-0.120633
-0.110692
-0.0926849
-0.0716153
-0.050979
-0.031891
-0.0136112
0.00521943
0.020814
0.0213851
0.00666376
-0.0104896
-0.0237339
-0.0173675
0.000980635
0.0196435
0.0368501
0.0540782
0.0717735
0.0888859
0.102488
0.108636
0.103831
0.0863379
0.0569715
0.019165
-0.0217038
-0.0595087
-0.088795
-0.106029
-0.110358
-0.103598
-0.0893991
-0.0718285
-0.053845
-0.0364684
-0.0192115
-0.000559887
0.0177427
0.0240104
0.0106253
-0.0155389
-0.0251137
-0.0128908
0.00707207
0.0249753
0.0408711
0.0561333
0.0710839
0.084871
0.0950963
0.0986197
0.0927435
0.0762247
0.0498717
0.016574
-0.0192368
-0.0525313
-0.0788037
-0.0950631
-0.100457
-0.0963005
-0.0854474
-0.071171
-0.0559122
-0.0404926
-0.0245418
-0.0066475
0.0132684
0.0254053
0.0157007
-0.0216663
-0.0248425
-0.00718483
0.0132277
0.0299412
0.0442927
0.0573993
0.069607
0.0803166
0.0876145
0.089026
0.082469
0.0670461
0.0435061
0.014261
-0.0170457
-0.046288
-0.06975
-0.0849171
-0.0909883
-0.0889253
-0.0809661
-0.069731
-0.0571888
-0.043912
-0.0295005
-0.012797
0.00756239
0.0251411
0.0218502
-0.0287235
-0.0225543
-0.000520822
0.019228
0.0344697
0.0470805
0.0579034
0.0674399
0.0753523
0.0801519
0.0799012
0.0729822
0.0587304
0.0378033
0.0121967
-0.015101
-0.0407068
-0.0615616
-0.0755651
-0.0819989
-0.0815816
-0.0760863
-0.0676077
-0.0577042
-0.0466933
-0.0340165
-0.0187871
0.000899445
0.0228553
0.028926
-0.0364425
-0.0179899
0.00674836
0.0248967
0.0385163
0.0492174
0.0576921
0.0646868
0.0701005
0.0728038
0.0712811
0.0642563
0.0512131
0.0327008
0.0103556
-0.0133772
-0.0357252
-0.0541737
-0.0669798
-0.073524
-0.0743653
-0.070932
-0.0649074
-0.0575072
-0.0488213
-0.0380456
-0.0244405
-0.0063648
0.0182918
0.0366623
-0.0444348
-0.0110305
0.0142203
0.0301141
0.0420575
0.0507027
0.0568285
0.0614554
0.0646756
0.0656527
0.0631931
0.0562646
0.0444369
0.0281447
0.00871614
-0.0118523
-0.0312886
-0.0475279
-0.0591334
-0.0655905
-0.067359
-0.0656186
-0.0617402
-0.0566635
-0.0502973
-0.0415655
-0.0296371
-0.013826
0.0113345
0.044673
-0.0521993
-0.00172196
0.0214811
0.0348229
0.0450845
0.0515516
0.0553888
0.0578539
0.0591826
0.0587696
0.0556574
0.0489807
0.0383507
0.0240881
0.00725954
-0.0105076
-0.0273497
-0.0415727
-0.051999
-0.0582181
-0.0606338
-0.060252
-0.0582159
-0.0552517
-0.0511392
-0.0445688
-0.0343196
-0.0210691
0.00203129
0.0524598
-0.0591399
0.00971642
0.0281457
0.0390252
0.0475964
0.051795
0.053459
0.0539879
0.0537172
0.0522153
0.0486886
0.0423794
0.032909
0.0204902
0.00596977
-0.0093266
-0.0238675
-0.0362619
-0.0455505
-0.0514205
-0.0542503
-0.0549289
-0.0544422
-0.0533604
-0.0513801
-0.0470564
-0.0384913
-0.0277087
-0.00939744
0.0594289
-0.0645903
0.0228973
0.0338952
0.0427738
0.0495951
0.0514791
0.0511318
0.0499591
0.0483661
0.0460418
0.0422971
0.0364369
0.0280717
0.0173156
0.00483301
-0.0082954
-0.020806
-0.0315547
-0.039763
-0.0452073
-0.0482601
-0.0497364
-0.0505221
-0.0510845
-0.0510687
-0.0490324
-0.0422061
-0.0334259
-0.0225638
0.0649151
-0.0678437
0.037286
0.0385073
0.0461562
0.0510821
0.0506645
0.0485023
0.0458632
0.0432067
0.0402931
0.0364897
0.0311308
0.0238031
0.0145336
0.00383732
-0.00740178
-0.0181343
-0.0274147
-0.0346132
-0.0395842
-0.0427068
-0.0447526
-0.046553
-0.0485217
-0.0502685
-0.0505006
-0.0455534
-0.0379993
-0.036933
0.0682124
-0.0681865
0.052234
0.0418771
0.0492759
0.0520584
0.0494257
0.0456657
0.0417899
0.0383086
0.0350065
0.0312704
0.0264401
0.0200718
0.0121174
0.00297241
-0.0066352
-0.0158251
-0.0238097
-0.0300792
-0.0345543
-0.0376268
-0.0400469
-0.0426259
-0.045769
-0.0490563
-0.0514643
-0.0486388
-0.0413252
-0.051857
0.0686069
-0.0649302
0.0670222
0.0440251
0.0522327
0.0525263
0.047849
0.0427137
0.0378222
0.0337333
0.0302134
0.0266413
0.0223456
0.0168497
0.0100436
0.00222934
-0.0059865
-0.0138547
-0.0207112
-0.0261407
-0.0301182
-0.0330506
-0.0356809
-0.0388247
-0.0429204
-0.047521
-0.051928
-0.0515643
-0.0434256
-0.0666168
0.065409
-0.057441
0.0809081
0.0450919
0.0551048
0.0524934
0.0460295
0.0397332
0.0340364
0.0295351
0.0259401
0.0226025
0.0188293
0.0141119
0.00829183
0.00160032
-0.00544768
-0.0122022
-0.0180936
-0.0227787
-0.0262749
-0.0290034
-0.0317086
-0.0352268
-0.0400647
-0.0457603
-0.0519021
-0.0544108
-0.0444434
-0.0804708
0.0579833
-0.0451623
0.0931739
0.0453217
0.0579355
0.0519786
0.0440675
0.036804
0.0305026
0.0257617
0.0222084
0.0191529
0.0158744
0.0118361
0.00684385
0.00107854
-0.00501172
-0.0108492
-0.0159339
-0.0199753
-0.0230217
-0.0255055
-0.0281768
-0.0319027
-0.0372836
-0.0438768
-0.0514078
-0.057224
-0.0446252
-0.0927021
0.0457715
-0.0276306
0.103169
0.045036
0.0607254
0.0510167
0.0420645
0.033999
0.0272847
0.0224545
0.0190363
0.01629
0.0134652
0.0100021
0.00568362
0.000657971
-0.00467243
-0.00977944
-0.0142115
-0.0177139
-0.0203548
-0.0225733
-0.0251261
-0.0289166
-0.0346511
-0.0419746
-0.0504826
-0.0600071
-0.0442951
-0.102661
0.0283076
-0.00448208
0.110342
0.044601
0.0634312
0.0496631
0.0401181
0.0313833
0.024441
0.0196491
0.0164381
0.0140102
0.0115866
0.0085916
0.00479675
0.00033324
-0.0044243
-0.00897821
-0.0129076
-0.0159786
-0.0182688
-0.0202194
-0.0225908
-0.0263266
-0.0322341
-0.0401535
-0.0491847
-0.0627196
-0.0438223
-0.109798
0.00522548
0.024549
0.114266
0.0443937
0.0659713
0.0479959
0.0383176
0.0290155
0.022024
0.0173757
0.0144249
0.0123085
0.0102244
0.00758767
0.00417014
9.95078e-05
-0.00426239
-0.00843224
-0.0120048
-0.0147541
-0.0167576
-0.0184528
-0.0205993
-0.0241848
-0.0300919
-0.0385051
-0.0475947
-0.0652825
-0.0435869
-0.113688
-0.0237429
0.0596382
0.114641
0.0447695
0.0682357
0.0461156
0.0367408
0.0269488
0.0200807
0.0156592
0.0130047
0.011179
0.0093642
0.00697443
0.00379177
-4.76578e-05
-0.00418219
-0.00812938
-0.011487
-0.0140254
-0.0158136
-0.0172796
-0.0191745
-0.0225371
-0.0282783
-0.0371092
-0.0458161
-0.0675886
-0.0439475
-0.114033
-0.0587758
0.100884
0.111296
0.0460358
0.0701003
0.0441418
0.0354502
0.0252317
0.0186521
0.0145198
0.0121826
0.0106141
0.00899212
0.0067368
0.00365041
-0.000112361
-0.00417958
-0.00805833
-0.0113388
-0.013778
-0.0154279
-0.0167025
-0.0183342
-0.0214231
-0.0268419
-0.0360301
-0.0439711
-0.0695165
-0.0452148
-0.110663
-0.0999744
0.148325
0.104169
0.0484334
0.0714411
0.0422078
0.0344925
0.0239096
0.0177733
0.0139729
0.0119606
0.0106052
0.00909385
0.00686021
0.00373543
-9.84839e-05
-0.0042507
-0.00820843
-0.0115455
-0.0139969
-0.0155904
-0.0167214
-0.0180912
-0.0208758
-0.0258279
-0.035316
-0.0421959
-0.0709452
-0.0476329
-0.103522
-0.147379
0.201953
0.0932898
0.0521268
0.0721486
0.0404534
0.0338987
0.0230258
0.0174729
0.0140297
0.0123377
0.0111417
0.00965471
0.0073303
0.00403655
-9.74139e-06
-0.00439191
-0.00856943
-0.0120926
-0.0146672
-0.0162897
-0.0173332
-0.0184535
-0.0209212
-0.0252783
-0.0349986
-0.0406329
-0.0717681
-0.0513697
-0.0926395
-0.200984
0.261722
0.0787496
0.0572041
0.0721387
0.0390166
0.0336847
0.0226217
0.0177727
0.014697
0.0133099
0.0122116
0.0106594
0.00813272
0.00454373
0.000150249
-0.00459971
-0.00913139
-0.0129659
-0.0157732
-0.0175127
-0.0185316
-0.0194252
-0.0215778
-0.0252328
-0.0350945
-0.0394225
-0.0719041
-0.0565167
-0.0781123
-0.260748
0.327567
0.0606797
0.0636834
0.0713603
0.038026
0.0338551
0.0227368
0.0186872
0.0159778
0.0148698
0.0138008
0.0120917
0.00925299
0.00524697
0.000377877
-0.00487067
-0.00988446
-0.0141509
-0.0172986
-0.0192446
-0.0203074
-0.0210057
-0.0228569
-0.0257286
-0.0356076
-0.038695
-0.0713048
-0.0630953
-0.0600747
-0.326607
0.399397
0.0392265
0.0715258
0.0697976
0.0375938
0.0344053
0.0234085
0.020224
0.0178709
0.0170066
0.0158935
0.0139346
0.0106762
0.00613619
0.000669553
-0.00520141
-0.0108188
-0.0156329
-0.0192265
-0.021469
-0.0226483
-0.0231908
-0.0247619
-0.0267996
-0.0365322
-0.038564
-0.0699573
-0.0710699
-0.038677
-0.398473
0.477098
0.0145361
0.0806507
0.0674694
0.0378109
0.0353255
0.0246702
0.0223832
0.0203712
0.0197061
0.0184717
0.0161696
0.0123869
0.00720114
0.00102162
-0.00558855
-0.0119243
-0.0173967
-0.0215384
-0.0241677
-0.0255383
-0.0259725
-0.0272886
-0.0284755
-0.0378565
-0.0391207
-0.0678828
-0.0803632
-0.0140693
-0.476235
0.560522
-0.0132553
0.0909516
0.0644241
0.0387439
0.0366039
0.0265509
0.025158
0.0234699
0.0229502
0.0215152
0.0187771
0.0143692
0.00843126
0.00143035
-0.00602867
-0.0131909
-0.0194267
-0.0242152
-0.0273204
-0.0289587
-0.029339
-0.0304259
-0.0307805
-0.0395653
-0.0404317
-0.0651314
-0.0908717
0.0136084
-0.559749
0.649481
-0.0440247
0.102311
0.060733
0.040435
0.0382288
0.0290731
0.0285348
0.0271537
0.0267174
0.0250016
0.0217359
0.0166061
0.00981564
0.00189187
-0.00651829
-0.014608
-0.0217065
-0.027236
-0.0309049
-0.0328869
-0.0332747
-0.0341557
-0.0337319
-0.0416429
-0.0425373
-0.0617754
-0.10248
0.0442289
-0.648829
0.743731
-0.0776582
0.11461
0.056482
0.042903
0.0401907
0.0322515
0.0324938
0.0314053
0.0309821
0.0289063
0.0250235
0.0190802
0.011343
0.00240221
-0.00705383
-0.0161646
-0.0242188
-0.0305788
-0.034897
-0.0372972
-0.0377604
-0.0384541
-0.0373389
-0.0440747
-0.0454535
-0.0579012
-0.115073
0.0776747
-0.743236
0.842963
-0.114044
0.127739
0.0517645
0.0461458
0.0424825
0.0360917
0.0370095
0.0362031
0.0357153
0.0332022
0.0286157
0.0217728
0.0130014
0.0029572
-0.00763159
-0.0178494
-0.0269458
-0.03422
-0.0392703
-0.0421605
-0.0427727
-0.0432919
-0.0416016
-0.0468477
-0.0491744
-0.0536009
-0.128539
0.11383
-0.842663
0.946788
-0.153059
0.141597
0.0466747
0.0501447
0.0450998
0.0405898
0.0420513
0.0415205
0.0408842
0.0378601
0.0324868
0.0246646
0.0147787
0.00355255
-0.00824774
-0.0196506
-0.0298683
-0.0381345
-0.0439962
-0.0474445
-0.0482844
-0.0486351
-0.0465102
-0.0499508
-0.0536758
-0.0489663
-0.14278
0.152571
-0.946724
1.05473
-0.194563
0.156093
0.0413025
0.0548672
0.0480394
0.045731
0.0475839
0.0473266
0.0464524
0.0428483
0.0366094
0.0277352
0.016662
0.00418377
-0.00889834
-0.021556
-0.0329668
-0.0422957
-0.0490439
-0.0531137
-0.0542642
-0.0544457
-0.0520446
-0.0533739
-0.0589189
-0.0440837
-0.157704
0.193754
-1.05495
1.16623
-0.238383
0.171148
0.0357309
0.0602713
0.0512983
0.0514904
0.0535677
0.0535856
0.0523806
0.048133
0.0409547
0.0309633
0.0186379
0.00484623
-0.00957928
-0.0235526
-0.0362204
-0.0466753
-0.0543805
-0.0591294
-0.0606764
-0.0606824
-0.0581753
-0.0571071
-0.0648544
-0.0390308
-0.173228
0.237205
-1.16677
1.28063
-0.284305
0.186683
0.0300349
0.0663079
0.0548719
0.0578329
0.0599597
0.0602567
0.0586262
0.0536782
0.0454923
0.0343267
0.0206927
0.00553511
-0.0102863
-0.0256273
-0.0396075
-0.0512439
-0.059971
-0.0654503
-0.067481
-0.067301
-0.064863
-0.0611387
-0.071425
-0.0338757
-0.189271
0.282712
-1.28154
1.39717
-0.332071
0.202623
0.024281
0.0729228
0.0587524
0.0647139
0.066713
0.0672947
0.0651439
0.0594457
0.0501907
0.0378022
0.0228121
0.00624544
-0.0110151
-0.0277663
-0.0431056
-0.0559704
-0.0657782
-0.0720326
-0.074634
-0.0742546
-0.0720602
-0.0654547
-0.0785684
-0.0286773
-0.205751
0.33002
-1.3985
1.51504
-0.381378
0.218887
0.018529
0.0800581
0.0629275
0.0720802
0.0737779
0.0746499
0.0718862
0.0653956
0.0550168
0.0413661
0.0249812
0.00697212
-0.011761
-0.0299554
-0.0466914
-0.0608227
-0.0717631
-0.0788298
-0.0820871
-0.0814936
-0.0797116
-0.0700373
-0.0862183
-0.0234865
-0.222582
0.378828
-1.51683
1.63331
-0.431873
0.23539
0.0128326
0.0876523
0.0673793
0.079871
0.0811015
0.0822684
0.0788031
0.0714859
0.0599368
0.0449936
0.027185
0.00770987
-0.0125194
-0.0321801
-0.050341
-0.0657673
-0.0778847
-0.0857937
-0.0897881
-0.0889666
-0.0877554
-0.0748643
-0.0943057
-0.0183481
-0.239669
0.428789
-1.63561
1.75104
-0.483162
0.252036
0.00724162
0.0956408
0.0720839
0.0880191
0.0886283
0.0900927
0.0858433
0.0776733
0.0649155
0.0486595
0.0294079
0.00845336
-0.0132856
-0.0344256
-0.0540296
-0.0707701
-0.0841006
-0.092874
-0.0976814
-0.0966196
-0.0961245
-0.0799085
-0.102759
-0.0133023
-0.256908
0.479517
-1.75388
1.86721
-0.534813
0.268722
0.00180235
0.103955
0.0770111
0.0964518
0.0963003
0.098062
0.0929539
0.0839132
0.0699174
0.052338
0.0316344
0.00919716
-0.0140546
-0.0366767
-0.0577321
-0.075796
-0.0903669
-0.100019
-0.105708
-0.104397
-0.104747
-0.0851379
-0.111505
-0.00838674
-0.274187
0.530588
-1.87062
1.98076
-0.586364
0.285333
-0.00344133
0.112523
0.082125
0.105092
0.104058
0.106113
0.100081
0.0901598
0.0749064
0.0560031
0.0338484
0.00993579
-0.0148216
-0.038918
-0.0614229
-0.0808093
-0.0966385
-0.107176
-0.113807
-0.11224
-0.113549
-0.090516
-0.120466
-0.00363733
-0.291381
0.581552
-1.98477
2.09066
-0.637334
0.301748
-0.00844794
0.121269
0.0873839
0.11386
0.111838
0.11418
0.10717
0.0963665
0.0798459
0.0596284
0.0360341
0.0106637
-0.0155815
-0.041134
-0.0650762
-0.0857743
-0.10287
-0.114292
-0.121914
-0.120091
-0.12245
-0.0960017
-0.129564
0.000911079
-0.308361
0.631934
-2.09527
2.19582
-0.687226
0.31784
-0.0131786
0.130113
0.0927416
0.122673
0.119579
0.122198
0.114166
0.102487
0.0846995
0.0631875
0.0381755
0.0113755
-0.0163293
-0.0433095
-0.068666
-0.0906549
-0.109014
-0.121313
-0.129964
-0.127888
-0.131373
-0.10155
-0.138718
0.00522484
-0.324992
0.681251
-2.20105
2.29522
-0.735542
0.333477
-0.0175974
0.138971
0.0981481
0.131448
0.127216
0.130097
0.121015
0.108473
0.0894309
0.0666541
0.0402568
0.0120656
-0.0170601
-0.0454289
-0.0721666
-0.0954153
-0.115026
-0.128185
-0.137891
-0.135569
-0.140236
-0.107114
-0.147846
0.00927166
-0.341134
0.729015
-2.30105
2.38783
-0.781789
0.348524
-0.0216723
0.147757
0.10355
0.1401
0.134686
0.137813
0.127663
0.11428
0.0940043
0.0700023
0.0422624
0.0127288
-0.0177687
-0.0474771
-0.0755524
-0.10002
-0.120858
-0.134854
-0.145629
-0.143072
-0.148957
-0.112644
-0.156861
0.0130211
-0.356648
0.77474
-2.39425
2.47269
-0.825487
0.362846
-0.0253751
0.156384
0.108894
0.148546
0.141924
0.145277
0.134057
0.119861
0.0983848
0.0732066
0.0441771
0.0133597
-0.0184504
-0.0494393
-0.0787984
-0.104435
-0.126466
-0.141268
-0.153113
-0.150336
-0.157456
-0.118087
-0.16568
0.0164457
-0.371395
0.817954
-2.47968
2.54888
-0.866175
0.37631
-0.0286828
0.164763
0.114122
0.156703
0.148867
0.152425
0.140145
0.125171
0.102538
0.0762423
0.0459863
0.0139532
-0.0191003
-0.051301
-0.08188
-0.108626
-0.131805
-0.147377
-0.160278
-0.157298
-0.165654
-0.12339
-0.174217
0.0195212
-0.385241
0.858204
-2.55641
2.61556
-0.903418
0.388786
-0.031577
0.172806
0.119179
0.164493
0.155455
0.159194
0.145878
0.130167
0.106432
0.0790856
0.0476756
0.0145047
-0.0197137
-0.0530482
-0.0847737
-0.11256
-0.136833
-0.153131
-0.167063
-0.163899
-0.173472
-0.128501
-0.182387
0.0222274
-0.398055
0.895059
-2.62358
2.67195
-0.936812
0.400148
-0.0340446
0.180428
0.12401
0.171838
0.161628
0.165524
0.151209
0.134809
0.110036
0.0817138
0.0492318
0.0150093
-0.0202863
-0.0546677
-0.0874571
-0.116208
-0.141508
-0.158483
-0.173407
-0.17008
-0.180837
-0.133367
-0.190108
0.0245481
-0.409713
0.928118
-2.68043
2.71737
-0.965987
0.410276
-0.0360769
0.187545
0.128561
0.178666
0.167332
0.17136
0.156094
0.139058
0.11332
0.0841058
0.0506423
0.0154629
-0.0208137
-0.0561471
-0.0899091
-0.11954
-0.145792
-0.16339
-0.179255
-0.175787
-0.187675
-0.137936
-0.197301
0.0264719
-0.420096
0.957011
-2.72624
2.75119
-0.990609
0.419057
-0.0376698
0.194078
0.132779
0.184909
0.172513
0.176647
0.160492
0.142878
0.116258
0.0862417
0.0518954
0.0158614
-0.0212919
-0.0574746
-0.0921099
-0.12253
-0.14965
-0.16781
-0.184555
-0.180968
-0.193922
-0.142159
-0.203888
0.0279909
-0.429093
0.981405
-2.76042
2.77292
-1.01038
0.426381
-0.0388227
0.199953
0.136617
0.190506
0.177123
0.18134
0.164365
0.146237
0.118825
0.0881037
0.0529806
0.0162012
-0.0217174
-0.0586398
-0.0940417
-0.125153
-0.153049
-0.171707
-0.189259
-0.185575
-0.199516
-0.145989
-0.2098
0.0291014
-0.436598
1.001
-2.78245
2.78212
-1.02505
0.432149
-0.0395382
0.205103
0.140031
0.1954
0.181122
0.185396
0.167681
0.149106
0.121
0.0896758
0.0538886
0.0164793
-0.0220867
-0.0596332
-0.0956884
-0.127387
-0.155961
-0.175049
-0.193324
-0.189568
-0.204402
-0.149384
-0.214969
0.0298024
-0.442514
1.01554
-2.79192
2.77848
-1.03439
0.436267
-0.0398202
0.209464
0.142979
0.199542
0.184471
0.188778
0.170412
0.15146
0.122765
0.0909443
0.0546112
0.0166928
-0.022397
-0.0604465
-0.0970362
-0.129215
-0.158361
-0.177806
-0.196717
-0.192907
-0.208531
-0.152304
-0.219337
0.0300951
-0.44675
1.0248
-2.78848
2.76176
-1.03822
0.438647
-0.0396743
0.212984
0.145429
0.202893
0.187139
0.191457
0.172535
0.153278
0.124104
0.0918979
0.055142
0.0168396
-0.0226458
-0.0610729
-0.0980735
-0.130621
-0.160228
-0.179956
-0.199405
-0.195565
-0.211864
-0.154717
-0.22285
0.029982
-0.44922
1.0286
-2.77192
2.73182
-1.03641
0.439211
-0.039106
0.215614
0.147351
0.205419
0.189104
0.193409
0.174033
0.154546
0.125005
0.0925277
0.0554758
0.0169179
-0.022831
-0.0615069
-0.0987913
-0.131593
-0.161547
-0.181482
-0.201367
-0.197516
-0.214369
-0.156594
-0.225463
0.0294659
-0.449848
1.02679
-2.74211
2.68862
-1.02886
0.437885
-0.0381203
0.217318
0.148725
0.207098
0.190348
0.19462
0.174893
0.155253
0.125461
0.0928277
0.055609
0.0169267
-0.0229512
-0.0617446
-0.099183
-0.132123
-0.162307
-0.182372
-0.202588
-0.198745
-0.216022
-0.157917
-0.227138
0.0285493
-0.448561
1.01927
-2.69899
2.63222
-1.01549
0.434605
-0.0367215
0.218064
0.149536
0.207915
0.190864
0.195083
0.175111
0.155393
0.125468
0.0927945
0.0555398
0.0168654
-0.0230053
-0.0617838
-0.0992451
-0.132206
-0.162502
-0.18262
-0.203059
-0.199244
-0.216811
-0.15867
-0.227847
0.027234
-0.445299
1.00597
-2.64264
2.56276
-0.996295
0.429317
-0.0349125
0.217834
0.149779
0.207867
0.190651
0.194796
0.174687
0.154967
0.125026
0.0924277
0.055268
0.016734
-0.0229928
-0.0616238
-0.0989768
-0.131843
-0.162133
-0.182228
-0.202782
-0.199013
-0.216731
-0.158851
-0.22757
0.0255204
-0.440006
0.986861
-2.5732
2.48049
-0.971286
0.421975
-0.0326953
0.216618
0.149456
0.206961
0.189719
0.19377
0.173629
0.15398
0.124138
0.0917302
0.0547952
0.0165331
-0.022914
-0.0612658
-0.0983805
-0.131038
-0.161206
-0.181204
-0.201765
-0.198061
-0.21579
-0.158461
-0.226299
0.0234082
-0.432639
0.961961
-2.49091
2.38573
-0.940528
0.412549
-0.0300715
0.214418
0.148579
0.205216
0.188084
0.192023
0.171952
0.152444
0.122815
0.0907077
0.0541249
0.0162641
-0.0227696
-0.0607128
-0.0974614
-0.129798
-0.159731
-0.179561
-0.200027
-0.196407
-0.214008
-0.157515
-0.224036
0.0208964
-0.423168
0.931328
-2.39611
2.27893
-0.904132
0.401024
-0.0270437
0.211248
0.147168
0.202661
0.185775
0.189581
0.169678
0.150377
0.121068
0.0893692
0.0532624
0.0159289
-0.0225611
-0.0599696
-0.0962281
-0.128136
-0.157726
-0.177321
-0.197595
-0.194077
-0.211413
-0.156032
-0.220797
0.0179853
-0.411577
0.895068
-2.28924
2.16063
-0.862269
0.387405
-0.0236173
0.207136
0.145254
0.199339
0.182828
0.186481
0.166835
0.147803
0.118915
0.0877269
0.0522148
0.0155299
-0.0222904
-0.0590428
-0.0946925
-0.12607
-0.155214
-0.174513
-0.194503
-0.191109
-0.20805
-0.154044
-0.216609
0.0146778
-0.397874
0.853346
-2.17084
2.03146
-0.815176
0.371724
-0.0198032
0.202128
0.142873
0.195305
0.17929
0.182768
0.16346
0.144751
0.116378
0.0857962
0.0509913
0.0150704
-0.0219601
-0.057941
-0.0928694
-0.12362
-0.152226
-0.171174
-0.190799
-0.18755
-0.203973
-0.151589
-0.21152
0.0109826
-0.382091
0.806397
-2.04157
1.89223
-0.763176
0.354049
-0.0156217
0.196287
0.140075
0.190628
0.175218
0.178496
0.159595
0.141257
0.113484
0.0835955
0.0496026
0.0145542
-0.0215737
-0.0566747
-0.0907769
-0.120814
-0.148795
-0.167345
-0.186536
-0.183456
-0.199252
-0.148717
-0.205592
0.00691765
-0.364296
0.754538
-1.9022
1.74386
-0.706698
0.334493
-0.0111071
0.189698
0.136916
0.185391
0.170676
0.173731
0.155291
0.137362
0.110262
0.0811465
0.0480614
0.0139855
-0.021135
-0.055256
-0.0884362
-0.11768
-0.144964
-0.163077
-0.181779
-0.178894
-0.19397
-0.145485
-0.198911
0.00251546
-0.344605
0.698196
-1.75369
1.5875
-0.64632
0.313232
-0.00631332
0.182471
0.133461
0.179693
0.165743
0.168544
0.150605
0.133114
0.106747
0.0784739
0.0463821
0.0133694
-0.0206488
-0.0536992
-0.0858718
-0.114253
-0.140779
-0.158427
-0.176601
-0.17394
-0.188226
-0.141959
-0.191589
-0.00217174
-0.323194
0.637946
-1.59717
1.42457
-0.582809
0.290519
-0.00131978
0.174746
0.129783
0.173647
0.160503
0.16302
0.145601
0.128564
0.102979
0.0756052
0.0445809
0.0127113
-0.0201201
-0.0520199
-0.0831109
-0.110573
-0.136293
-0.153458
-0.171084
-0.168679
-0.182133
-0.138212
-0.183765
-0.00706551
-0.300318
0.574553
-1.43407
1.25683
-0.517198
0.26671
0.00376232
0.166694
0.125966
0.167383
0.155051
0.157249
0.140349
0.123772
0.0989996
0.0725704
0.0426753
0.0120173
-0.0195548
-0.0502358
-0.0801833
-0.10668
-0.131563
-0.148241
-0.16532
-0.163207
-0.175821
-0.134328
-0.175614
-0.0120552
-0.276337
0.509051
-1.26615
1.08659
-0.450885
0.242291
0.00878496
0.158527
0.122104
0.161048
0.149494
0.151331
0.134924
0.118798
0.0948545
0.0694022
0.0406845
0.0112938
-0.0189593
-0.0483657
-0.0771217
-0.102622
-0.126652
-0.142851
-0.159408
-0.157629
-0.169438
-0.130401
-0.167346
-0.0169928
-0.251739
0.442836
-1.09572
0.916884
-0.38575
0.217907
0.0135647
0.150497
0.118303
0.154804
0.143945
0.145375
0.12941
0.113713
0.0905957
0.0661376
0.0386304
0.0105481
-0.0183408
-0.0464316
-0.073963
-0.098449
-0.121628
-0.137372
-0.153458
-0.15206
-0.163146
-0.126536
-0.159215
-0.0216938
-0.227175
0.377792
-0.925833
0.75172
-0.324144
0.194304
0.0179329
0.142878
0.114696
0.148831
0.13854
0.139503
0.123904
0.108595
0.0862828
0.0628193
0.0365384
0.00978877
-0.0177079
-0.0444587
-0.0707497
-0.0942214
-0.116571
-0.1319
-0.147591
-0.146634
-0.157124
-0.122869
-0.151497
-0.0259887
-0.203395
0.316275
-0.760483
0.59604
-0.268853
0.172052
0.0218571
0.135914
0.111467
0.143289
0.133402
0.133803
0.11847
0.103486
0.0819431
0.0594629
0.0344168
0.00901772
-0.0170637
-0.0424565
-0.0674987
-0.0899669
-0.111522
-0.126498
-0.141895
-0.141475
-0.151533
-0.119579
-0.144436
-0.0298436
-0.180973
0.261076
-0.604619
0.458053
-0.22633
0.152713
0.024904
0.130095
0.10867
0.138332
0.128525
0.128254
0.113024
0.0982957
0.0774821
0.0559923
0.0322133
0.00821582
-0.016394
-0.0403777
-0.0641378
-0.0855947
-0.106394
-0.121086
-0.136349
-0.136575
-0.146523
-0.116719
-0.138519
-0.0328198
-0.161475
0.218663
-0.466449
0.362748
-0.216702
0.146666
0.0230933
0.127836
0.105628
0.134777
0.124043
0.123392
0.107933
0.0934786
0.0732551
0.0527128
0.0301137
0.00745759
-0.0157597
-0.0383949
-0.0609614
-0.0814509
-0.101636
-0.116027
-0.13149
-0.132068
-0.142922
-0.11361
-0.136183
-0.030923
-0.155322
0.209174
-0.37098
0.00203014
7.64011e-05
-0.0111873
-0.0197182
-0.0150206
-0.000256954
0.0209202
0.0505011
0.0912268
0.139764
0.183951
0.206408
0.192355
0.137137
0.0495896
-0.0502223
-0.137842
-0.193059
-0.206893
-0.183991
-0.13926
-0.0902194
-0.0491153
-0.0193165
0.00192071
0.016637
0.0212663
0.0127095
0.00145115
-0.000510021
0.00213533
-0.00220689
-0.014699
-0.0198966
-0.0110806
0.00586937
0.0279524
0.057389
0.0957264
0.13867
0.175023
0.190433
0.173677
0.122115
0.0437975
-0.0445699
-0.122928
-0.174447
-0.19095
-0.175078
-0.138177
-0.0947372
-0.0560304
-0.0263726
-0.00421191
0.0127076
0.0214565
0.0162237
0.00373388
-0.000613339
0.00197457
-0.00510786
-0.0175513
-0.0186403
-0.00631904
0.0120069
0.0343581
0.06284
0.0979083
0.134853
0.163817
0.173276
0.154923
0.107537
0.0382549
-0.0391796
-0.108479
-0.155789
-0.173861
-0.163916
-0.134387
-0.0969402
-0.0615049
-0.0328008
-0.0103595
0.007952
0.020211
0.0190801
0.00663397
-0.000452417
0.00139529
-0.00848384
-0.0195531
-0.016218
-0.0011564
0.0178722
0.0399726
0.0669625
0.0985212
0.129953
0.152762
0.157716
0.13863
0.0951652
0.0335959
-0.0346661
-0.0962371
-0.139605
-0.15839
-0.15293
-0.129533
-0.0975816
-0.0656491
-0.0384346
-0.016236
0.00279103
0.0177969
0.021086
0.0100084
0.000125815
0.000220524
-0.0121899
-0.0205609
-0.0127341
0.00435635
0.0235692
0.0449937
0.0700734
0.0979786
0.124282
0.141798
0.1432
0.123926
0.084203
0.0294976
-0.0307114
-0.0854077
-0.125019
-0.143978
-0.142052
-0.123921
-0.0970728
-0.0687798
-0.0434707
-0.0219427
-0.00272224
0.0143188
0.0220969
0.0137119
0.00129868
-0.0017345
-0.0159367
-0.0203424
-0.00829162
0.010071
0.0290055
0.0493636
0.0721894
0.0963813
0.117942
0.130907
0.129526
0.110482
0.0743465
0.0258368
-0.0271932
-0.0756863
-0.111701
-0.130419
-0.131258
-0.117651
-0.0955144
-0.0709138
-0.0478506
-0.0273854
-0.00843756
0.00988044
0.02188
0.0174547
0.00325069
-0.00463482
-0.0193417
-0.0187273
-0.00306583
0.015809
0.0340589
0.0529989
0.0733133
0.093835
0.111087
0.120201
0.116708
0.098222
0.0654985
0.0225702
-0.0240681
-0.066975
-0.0995718
-0.117725
-0.120661
-0.110876
-0.0930135
-0.0720555
-0.0514909
-0.0324404
-0.0141744
0.00465831
0.0202653
0.0208541
0.00614628
-0.00860071
-0.0219703
-0.0156544
0.0027178
0.0214119
0.0386354
0.055854
0.073491
0.090474
0.103876
0.109783
0.104747
0.0870666
0.0575632
0.0196562
-0.0212944
-0.0591776
-0.0885523
-0.105897
-0.110364
-0.103758
-0.0897064
-0.0722531
-0.0543472
-0.0370128
-0.0197724
-0.00112038
0.0171927
0.0234758
0.0101053
-0.0136833
-0.0233701
-0.0111781
0.00881241
0.0267497
0.0426639
0.0579122
0.0727933
0.0864365
0.0964493
0.0997283
0.0936245
0.0769268
0.0504455
0.0170547
-0.0188318
-0.0521985
-0.0785528
-0.094916
-0.100441
-0.0964369
-0.085733
-0.0715793
-0.0564042
-0.0410315
-0.0251
-0.00720694
0.012718
0.0248684
0.0151787
-0.0198424
-0.0231109
-0.00546723
0.0149735
0.0317217
0.0460919
0.0591792
0.0713058
0.081857
0.0889314
0.0900953
0.0833153
0.0677218
0.0440621
0.014731
-0.0166454
-0.0459542
-0.0694917
-0.0847559
-0.0909529
-0.0890385
-0.0812299
-0.0701224
-0.05767
-0.044445
-0.030056
-0.0133553
0.00701214
0.024603
0.0213269
-0.0269292
-0.0208279
0.00120534
0.0209811
0.0362569
0.0488852
0.0596821
0.0691251
0.076865
0.0814311
0.0809307
0.0737938
0.0593799
0.0383414
0.0126558
-0.0147057
-0.0403725
-0.0612968
-0.0753906
-0.0819441
-0.0816721
-0.076328
-0.0679815
-0.0581739
-0.0472201
-0.0345691
-0.0193442
0.000349517
0.0223169
0.0284022
-0.0346758
-0.0162627
0.0084857
0.0266587
0.0403107
0.0510263
0.0594672
0.0663555
0.0715829
0.0740435
0.0722701
0.0650333
0.0518367
0.0332213
0.0108037
-0.0129873
-0.0353908
-0.0539029
-0.0667928
-0.0734507
-0.0744333
-0.0711514
-0.065263
-0.0579647
-0.0493413
-0.0385951
-0.0249965
-0.00691449
0.0177533
0.0361382
-0.0426942
-0.00929741
0.0159706
0.0318863
0.0438594
0.0525145
0.0585972
0.0631044
0.0661249
0.0668511
0.064141
0.0570071
0.0450349
0.0286477
0.00915317
-0.0114681
-0.0309548
-0.047252
-0.0589349
-0.0654993
-0.0674048
-0.0658154
-0.0620768
-0.0571079
-0.05081
-0.0421117
-0.0301922
-0.0143757
0.0107962
0.0441491
-0.0504838
2.19433e-05
0.0232454
0.0366059
0.0468941
0.0533648
0.0571484
0.0594799
0.0605958
0.059925
0.0565636
0.0496888
0.0389233
0.0245737
0.00768544
-0.0101293
-0.0270169
-0.0412923
-0.0517898
-0.0581097
-0.0606578
-0.0604261
-0.058533
-0.0556822
-0.0516438
-0.0451115
-0.0348739
-0.0216191
0.0014929
0.0519361
-0.0574489
0.0114758
0.0299245
0.0408197
0.0494136
0.0536079
0.0552065
0.0555874
0.0550915
0.053326
0.0495526
0.0430533
0.0334567
0.0209586
0.00638451
-0.00895456
-0.0235361
-0.0359776
-0.0453312
-0.0512957
-0.0542529
-0.0550801
-0.0547389
-0.053776
-0.0518759
-0.0475952
-0.0390447
-0.0282592
-0.00993622
0.0589052
-0.0629226
0.0246765
0.0356881
0.0445801
0.0514194
0.0532895
0.0528638
0.0515284
0.0496983
0.047106
0.0431184
0.0370769
0.0285948
0.0177671
0.00523661
-0.00792976
-0.0204765
-0.0312672
-0.0395344
-0.0450667
-0.0482417
-0.0498645
-0.0507978
-0.0514843
-0.0515549
-0.0495667
-0.0427586
-0.0339771
-0.0231033
0.0643912
-0.0661978
0.039089
0.0403135
0.0479743
0.0529128
0.0524702
0.0502154
0.0473985
0.0444938
0.0413092
0.0372679
0.0317371
0.0243022
0.0149684
0.00422983
-0.00704272
-0.017807
-0.0271246
-0.0343761
-0.0394286
-0.0426677
-0.0448573
-0.0468069
-0.0489046
-0.050744
-0.0510298
-0.0461047
-0.0385514
-0.0374737
0.0676879
-0.0665601
0.0540643
0.0436952
0.0511056
0.0538941
0.0512241
0.047356
0.0432872
0.0395476
0.0359729
0.0320054
0.0270134
0.0205474
0.012536
0.0033539
-0.00628288
-0.0155004
-0.0235176
-0.0298344
-0.0343843
-0.0375674
-0.0401282
-0.0428573
-0.0461339
-0.0495201
-0.0519875
-0.0491885
-0.0418781
-0.0523991
0.0680811
-0.0633203
0.0688821
0.0458532
0.0540735
0.0543651
0.0496368
0.0443773
0.0392775
0.0349211
0.0311288
0.0273331
0.0228865
0.0173024
0.0104463
0.00259992
-0.00564103
-0.013533
-0.0204176
-0.0258889
-0.0299347
-0.0329714
-0.0357386
-0.0390329
-0.0432663
-0.0479719
-0.0524444
-0.0521119
-0.0439793
-0.0671607
0.0648816
-0.0558437
0.0827988
0.0469278
0.056956
0.0543329
0.0478032
0.0413658
0.0354456
0.0306689
0.0268033
0.0232513
0.0193385
0.0145424
0.00867902
0.00196014
-0.00510915
-0.0118837
-0.017799
-0.0225206
-0.0260786
-0.0289048
-0.0317426
-0.035411
-0.0403903
-0.0461969
-0.0524107
-0.0549556
-0.0449975
-0.0810165
0.0574538
-0.0435732
0.0950955
0.0471631
0.0597961
0.0538157
0.0458233
0.0384011
0.0318615
0.0268388
0.0230186
0.0197592
0.0163529
0.0122451
0.00721598
0.00142775
-0.0046802
-0.0105344
-0.015639
-0.0197118
-0.0228135
-0.0253882
-0.0281872
-0.0320621
-0.0375877
-0.0442979
-0.0519073
-0.0577652
-0.0451793
-0.0932496
0.0452394
-0.0260449
0.10512
0.0468805
0.0625938
0.0528477
0.043798
0.0355557
0.0285892
0.0234726
0.019793
0.0168545
0.0139139
0.0103905
0.00604118
0.000996754
-0.00434797
-0.0094684
-0.0139168
-0.0174457
-0.0201354
-0.0224379
-0.025113
-0.0290507
-0.0349325
-0.0423787
-0.0509718
-0.0605437
-0.0448486
-0.10321
0.0277728
-0.00289474
0.11232
0.0464465
0.0653054
0.0514838
0.0418244
0.0328947
0.0256871
0.0206061
0.0171412
0.0145338
0.0120068
0.00896031
0.00514021
0.000661809
-0.00410691
-0.00867124
-0.0126135
-0.0157064
-0.0180393
-0.0200666
-0.0225542
-0.0264348
-0.0324915
-0.040539
-0.049662
-0.0632505
-0.0443746
-0.110349
0.00468785
0.0261427
0.116267
0.0462379
0.0678486
0.0498015
0.0399918
0.0304764
0.023208
0.0182699
0.0150747
0.0127925
0.0106172
0.00793752
0.00450002
0.00041809
-0.00395206
-0.00812955
-0.0117118
-0.0144786
-0.0165188
-0.0182835
-0.0205396
-0.0242665
-0.0303241
-0.0388705
-0.0480587
-0.0658064
-0.044137
-0.114239
-0.0242834
0.0612427
0.116661
0.0466105
0.0701128
0.0479006
0.0383771
0.0283539
0.0211989
0.0164894
0.0136018
0.0116249
0.00973111
0.00730637
0.00410861
0.000261183
-0.0038789
-0.00783116
-0.0111955
-0.0137475
-0.0155664
-0.0170946
-0.019092
-0.0225919
-0.0284839
-0.0374526
-0.0462649
-0.068104
-0.0444944
-0.114585
-0.0593188
0.102504
0.113329
0.0478714
0.0719729
0.0459003
0.0370428
0.0265757
0.0197015
0.0152854
0.0127282
0.0110237
0.00933458
0.00705178
0.00395475
0.000187
-0.00388329
-0.00776475
-0.0110493
-0.0134983
-0.0151735
-0.0165028
-0.0182295
-0.0214506
-0.0270199
-0.0363499
-0.0444029
-0.0700219
-0.0457574
-0.111215
-0.10052
0.149962
0.10621
0.0502614
0.0733041
0.0439335
0.0360354
0.0251874
0.0187513
0.0146738
0.0124563
0.0109803
0.00941339
0.00715919
0.00402781
0.00019167
-0.00396135
-0.00791962
-0.0112583
-0.0137162
-0.0153297
-0.0165081
-0.0179649
-0.0208759
-0.025977
-0.0356103
-0.0426087
-0.0714387
-0.0481696
-0.104072
-0.147926
0.203609
0.095332
0.0539448
0.0739961
0.0421395
0.0353854
0.0242325
0.0183775
0.0146666
0.0127855
0.0114845
0.00995291
0.00761425
0.00431752
0.000271489
-0.00410941
-0.00828551
-0.0118081
-0.0143861
-0.0160238
-0.0171075
-0.0183066
-0.020894
-0.0253977
-0.0352657
-0.0410245
-0.0722476
-0.0518991
-0.0931877
-0.201532
0.263399
0.0807865
0.0590091
0.073964
0.0406561
0.035109
0.0237528
0.0186025
0.0152711
0.0137123
0.0125244
0.0109378
0.0084026
0.00481384
0.000422848
-0.00432396
-0.00885245
-0.0126844
-0.0154924
-0.0172425
-0.0182949
-0.0192587
-0.0215236
-0.0253216
-0.0353325
-0.0397906
-0.0723675
-0.0570368
-0.0786568
-0.261296
0.329264
0.0627045
0.0654718
0.0731558
0.0396117
0.0352105
0.0237886
0.0194419
0.016491
0.0152295
0.014086
0.012352
0.00950971
0.00550676
0.000642143
-0.00460155
-0.00961057
-0.0138727
-0.0170187
-0.0189713
-0.020061
-0.0208209
-0.0227762
-0.0257862
-0.0358148
-0.0390373
-0.0717497
-0.0636042
-0.060614
-0.327154
0.401114
0.0412323
0.0732933
0.0715551
0.0391184
0.0356859
0.0243779
0.0209039
0.0183258
0.0173268
0.0161536
0.0141782
0.0109207
0.00638619
0.000925787
-0.00493881
-0.01055
-0.0153583
-0.018948
-0.0211935
-0.0223934
-0.0229892
-0.0246555
-0.0268256
-0.0367072
-0.0388782
-0.0703811
-0.0715653
-0.0392092
-0.399018
0.478831
0.0165158
0.0823921
0.0691803
0.0392671
0.0365259
0.0255552
0.0229897
0.020771
0.0199901
0.018709
0.0163981
0.01262
0.00744186
0.00127013
-0.00533232
-0.0116607
-0.017126
-0.021262
-0.0238909
-0.0252766
-0.0257556
-0.0271576
-0.0284699
-0.0379978
-0.0394046
-0.0682828
-0.0808425
-0.0145924
-0.476776
0.562267
-0.0113092
0.092661
0.0660793
0.0401249
0.0377193
0.0273505
0.0256933
0.0238183
0.0232015
0.0217322
0.0189919
0.0145917
0.0086632
0.00167143
-0.00577868
-0.0129324
-0.0191599
-0.0239412
-0.0270433
-0.0286914
-0.0291085
-0.0302717
-0.0307437
-0.039672
-0.0406829
-0.0655049
-0.0913322
0.0130967
-0.560283
0.651234
-0.0421197
0.103981
0.0623235
0.0417343
0.0392553
0.0297875
0.0290021
0.0274549
0.0269395
0.0252006
0.0219383
0.0168189
0.0100393
0.00212584
-0.00627437
-0.0143545
-0.0214438
-0.0269649
-0.0306284
-0.0326155
-0.0330324
-0.03398
-0.0336646
-0.0417143
-0.0427539
-0.0621197
-0.102919
0.0437312
-0.649355
0.745485
-0.0758022
0.116235
0.0579989
0.0441149
0.0411256
0.0328822
0.0328971
0.0316637
0.0311785
0.0290895
0.0252148
0.0192838
0.0115588
0.00262935
-0.00681581
-0.0159162
-0.0239604
-0.0303109
-0.0346218
-0.0370231
-0.0375082
-0.0382588
-0.0372424
-0.0441105
-0.0456338
-0.0582135
-0.115487
0.077194
-0.743751
0.84471
-0.112245
0.129309
0.0531994
0.0472656
0.0433245
0.0366414
0.0373535
0.0364234
0.0358894
0.0333716
0.028797
0.0219681
0.0132099
0.00317782
-0.00739931
-0.017606
-0.0266917
-0.0339556
-0.038997
-0.0418849
-0.0425125
-0.0430791
-0.0414773
-0.0468481
-0.049317
-0.0538786
-0.128926
0.113369
-0.843164
0.94852
-0.151325
0.143105
0.0480199
0.0511688
0.0458489
0.0410623
0.0423412
0.0417075
0.0410392
0.0380176
0.0326591
0.0248522
0.0149802
0.00376694
-0.00802103
-0.0194122
-0.0296186
-0.0378738
-0.0437254
-0.0471686
-0.0480181
-0.0484071
-0.04636
-0.0499166
-0.0537798
-0.0492073
-0.143136
0.152134
-0.947209
1.05644
-0.192903
0.157531
0.0425516
0.0557935
0.0486971
0.0461313
0.0478253
0.047485
0.0465915
0.0429956
0.0367736
0.0279156
0.0168569
0.00439223
-0.00867701
-0.0213224
-0.0327215
-0.0420388
-0.0487761
-0.0528384
-0.0539935
-0.0542048
-0.0518709
-0.0533065
-0.0589841
-0.044286
-0.158026
0.193343
-1.05541
1.16791
-0.236803
0.172507
0.0368788
0.0610992
0.0518678
0.0518243
0.0537667
0.0537198
0.0525064
0.0482715
0.0411117
0.0311371
0.0188268
0.00504903
-0.00936315
-0.0233238
-0.0359794
-0.0464225
-0.0541161
-0.0588557
-0.060403
-0.0604311
-0.0579806
-0.0570081
-0.064881
-0.0391929
-0.173514
0.236824
-1.16721
1.28226
-0.282813
0.187957
0.0310779
0.0670385
0.0553577
0.058107
0.0601221
0.060371
0.0587411
0.0538092
0.0456429
0.0344943
0.0208758
0.00573252
-0.0100752
-0.0254032
-0.0393709
-0.0509952
-0.0597103
-0.065179
-0.0672064
-0.0670416
-0.0646501
-0.0610105
-0.0714139
-0.0339969
-0.189518
0.282364
-1.28196
1.39875
-0.330675
0.203806
0.0252176
0.0735589
0.0591602
0.0649351
0.0668447
0.067393
0.0652501
0.0595703
0.0503354
0.0379641
0.0229897
0.00643772
-0.0108088
-0.0275467
-0.0428733
-0.0557259
-0.0655214
-0.0717643
-0.0743596
-0.0739893
-0.0718319
-0.0652999
-0.0785212
-0.0287574
-0.205958
0.329707
-1.39889
1.51654
-0.380083
0.219975
0.0193593
0.0806039
0.0632641
0.0722558
0.0738843
0.0747356
0.0719853
0.0655146
0.0551562
0.0415227
0.0251538
0.00715954
-0.0115593
-0.0297403
-0.0464635
-0.0605823
-0.0715103
-0.078565
-0.081814
-0.0812245
-0.0794707
-0.069859
-0.0861371
-0.0235261
-0.222747
0.378553
-1.51718
1.63474
-0.430683
0.23638
0.013559
0.0881136
0.0676522
0.0800081
0.0811876
0.0823444
0.0788967
0.0716002
0.0600713
0.0451453
0.0273528
0.00789268
-0.0123222
-0.0319693
-0.0501172
-0.0655311
-0.077636
-0.0855327
-0.0895174
-0.0886956
-0.0875049
-0.0746656
-0.0941932
-0.0183485
-0.239792
0.428554
-1.63593
1.75239
-0.48208
0.252927
0.00786815
0.0960246
0.072301
0.0881245
0.0886987
0.0901615
0.0859325
0.0777835
0.0650457
0.0488067
0.0295713
0.00863179
-0.0130926
-0.034219
-0.0538099
-0.070538
-0.0838561
-0.0926171
-0.0974137
-0.0963483
-0.095867
-0.0796927
-0.102618
-0.0132654
-0.256989
0.479324
-1.75415
1.86846
-0.533839
0.269515
0.00233485
0.104269
0.0771805
0.0965319
0.0963589
0.0981256
0.0930396
0.0840198
0.0700437
0.0524811
0.0317936
0.00937145
-0.0138658
-0.0364741
-0.0575164
-0.0755679
-0.0901265
-0.0997665
-0.105444
-0.104127
-0.104485
-0.0849084
-0.111339
-0.00831527
-0.274227
0.530438
-1.87085
1.98192
-0.585499
0.286031
-0.00299568
0.112776
0.0822544
0.105153
0.104108
0.106173
0.100164
0.0902632
0.075029
0.0561424
0.0340037
0.0101062
-0.0146367
-0.0387193
-0.0612111
-0.0805852
-0.0964023
-0.106928
-0.113547
-0.111972
-0.113284
-0.0902758
-0.120279
-0.00353435
-0.291382
0.581443
-1.98496
2.0917
-0.636573
0.302357
-0.00808077
0.121469
0.0874809
0.113906
0.111882
0.114238
0.107251
0.0964671
0.0799652
0.0597641
0.0361857
0.0108304
-0.0154003
-0.0409391
-0.0648682
-0.085554
-0.102638
-0.114048
-0.121658
-0.119826
-0.122185
-0.0957538
-0.12936
0.00104207
-0.308326
0.631867
-2.09542
2.19676
-0.686565
0.318365
-0.0128809
0.130269
0.092813
0.122709
0.119619
0.122254
0.114245
0.102585
0.0848158
0.0633199
0.0383237
0.0115387
-0.0161517
-0.0431181
-0.0684617
-0.0904383
-0.108786
-0.121073
-0.129712
-0.127626
-0.131108
-0.101297
-0.1385
0.00538013
-0.324923
0.681224
-2.20115
2.29606
-0.734976
0.333924
-0.01736
0.13909
0.0981999
0.131477
0.127255
0.130153
0.121093
0.108569
0.0895444
0.0667835
0.0404018
0.0122255
-0.0168858
-0.045241
-0.0719658
-0.0952023
-0.114801
-0.127949
-0.137644
-0.135312
-0.139973
-0.106859
-0.147617
0.00944747
-0.341035
0.729025
-2.30111
2.38857
-0.781309
0.348902
-0.0214859
0.147848
0.103588
0.140124
0.134723
0.137867
0.127739
0.114374
0.0941153
0.0701289
0.0424044
0.0128855
-0.0175977
-0.0472926
-0.0753551
-0.0998107
-0.120638
-0.134622
-0.145386
-0.142819
-0.148697
-0.112387
-0.156625
0.0132138
-0.356522
0.774785
-2.39428
2.47333
-0.825085
0.363163
-0.025231
0.156452
0.108921
0.148568
0.141961
0.145331
0.134132
0.119953
0.0984935
0.0733306
0.0443164
0.0135135
-0.0182825
-0.049258
-0.0786043
-0.104229
-0.126249
-0.14104
-0.152874
-0.150087
-0.1572
-0.11783
-0.165439
0.0166517
-0.371247
0.818031
-2.47967
2.54943
-0.865841
0.376574
-0.0285729
0.164814
0.114142
0.156725
0.148904
0.152479
0.140219
0.125261
0.102645
0.076364
0.046123
0.0141043
-0.0189353
-0.0511227
-0.081689
-0.108423
-0.131591
-0.147153
-0.160044
-0.157053
-0.165402
-0.123135
-0.173972
0.0197374
-0.385074
0.858309
-2.55636
2.61602
-0.903144
0.389005
-0.0314941
0.172845
0.119196
0.164515
0.155492
0.159249
0.145951
0.130256
0.106537
0.0792051
0.0478099
0.0146531
-0.0195515
-0.0528728
-0.0845858
-0.112361
-0.136622
-0.15291
-0.166832
-0.163658
-0.173224
-0.128249
-0.182141
0.0224509
-0.397873
0.895188
-2.6235
2.67233
-0.936589
0.400329
-0.0339824
0.180459
0.124024
0.171861
0.161667
0.165579
0.151281
0.134897
0.110139
0.0818313
0.0493639
0.0151553
-0.0201266
-0.0544951
-0.0872722
-0.116011
-0.1413
-0.158266
-0.17318
-0.169844
-0.180592
-0.133118
-0.189863
0.0247766
-0.409518
0.928267
-2.68032
2.71767
-0.965807
0.410426
-0.0360304
0.18757
0.128574
0.17869
0.16737
0.171415
0.156165
0.139145
0.113421
0.0842214
0.0507722
0.0156066
-0.0206565
-0.0559771
-0.0897269
-0.119346
-0.145588
-0.163176
-0.179032
-0.175554
-0.187435
-0.13769
-0.197056
0.0267034
-0.419892
0.957178
-2.72611
2.75144
-0.990463
0.419181
-0.0376347
0.194099
0.132793
0.184935
0.172552
0.176703
0.160562
0.142964
0.116358
0.0863557
0.0520234
0.0160029
-0.0211372
-0.0573072
-0.0919304
-0.122339
-0.149448
-0.167599
-0.184334
-0.180739
-0.193686
-0.141917
-0.203646
0.028224
-0.428881
0.981585
-2.76027
2.77311
-1.01026
0.426484
-0.0387957
0.199972
0.136632
0.190533
0.177164
0.181396
0.164435
0.146321
0.118924
0.0882161
0.0531067
0.0163407
-0.0215649
-0.0584748
-0.0938647
-0.124964
-0.15285
-0.171499
-0.189041
-0.18535
-0.199283
-0.145751
-0.20956
0.0293348
-0.436381
1.00119
-2.78229
2.78227
-1.02495
0.432236
-0.0395167
0.205121
0.140046
0.195428
0.181163
0.185451
0.167751
0.149189
0.121098
0.0897867
0.054013
0.0166168
-0.0219363
-0.0594705
-0.0955139
-0.127202
-0.155765
-0.174843
-0.19311
-0.189345
-0.204172
-0.149149
-0.214732
0.0300353
-0.442294
1.01574
-2.79174
2.77858
-1.03431
0.43634
-0.0398025
0.209482
0.142996
0.199572
0.184512
0.188833
0.170482
0.151542
0.122861
0.091054
0.0547341
0.0168285
-0.0222487
-0.060286
-0.096864
-0.129032
-0.158167
-0.177603
-0.196505
-0.192688
-0.208305
-0.152073
-0.219103
0.0303269
-0.446527
1.02501
-2.78829
2.76182
-1.03815
0.438709
-0.039659
0.213001
0.145447
0.202924
0.187182
0.191512
0.172604
0.153361
0.124199
0.0920063
0.0552634
0.0169736
-0.0224994
-0.0609145
-0.0979035
-0.13044
-0.160037
-0.179756
-0.199196
-0.195348
-0.211641
-0.154488
-0.222619
0.0302122
-0.448997
1.02881
-2.77172
2.73186
-1.03635
0.439263
-0.0390921
0.215632
0.147371
0.205451
0.189147
0.193465
0.174102
0.154628
0.1251
0.092635
0.0555958
0.0170503
-0.0226864
-0.0613504
-0.0986233
-0.131414
-0.161358
-0.181284
-0.201161
-0.197302
-0.214149
-0.156369
-0.225234
0.0296943
-0.449624
1.027
-2.7419
2.68863
-1.02881
0.437929
-0.0381072
0.217336
0.148746
0.207131
0.190392
0.194677
0.174962
0.155334
0.125555
0.0929339
0.0557277
0.0170576
-0.0228083
-0.0615901
-0.0990171
-0.131946
-0.16212
-0.182176
-0.202384
-0.198534
-0.215805
-0.157694
-0.226912
0.0287758
-0.448338
1.01948
-2.69878
2.63221
-1.01545
0.434643
-0.0367088
0.218083
0.149559
0.207949
0.190909
0.195139
0.175179
0.155474
0.125561
0.0928997
0.0556572
0.0169948
-0.022864
-0.061631
-0.0990811
-0.132032
-0.162318
-0.182427
-0.202857
-0.199035
-0.216595
-0.15845
-0.227623
0.0274586
-0.445076
1.00619
-2.64243
2.56274
-0.996257
0.429349
-0.0348999
0.217853
0.149803
0.207903
0.190697
0.194853
0.174755
0.155047
0.125118
0.092532
0.0553842
0.016862
-0.0228531
-0.0614727
-0.0988147
-0.131671
-0.161951
-0.182037
-0.202582
-0.198806
-0.216518
-0.158633
-0.227349
0.0257431
-0.439784
0.987079
-2.57298
2.48045
-0.971252
0.422003
-0.0326826
0.216637
0.149482
0.206998
0.189765
0.193828
0.173698
0.15406
0.12423
0.0918337
0.0549103
0.0166598
-0.0227758
-0.0611164
-0.0982201
-0.130867
-0.161025
-0.181014
-0.201568
-0.197857
-0.21558
-0.158246
-0.22608
0.023629
-0.432419
0.96218
-2.49069
2.38569
-0.940497
0.412573
-0.0300586
0.214438
0.148606
0.205254
0.188132
0.192081
0.172021
0.152524
0.122906
0.0908103
0.054239
0.0163895
-0.0226329
-0.0605649
-0.0973026
-0.129629
-0.159552
-0.179373
-0.199831
-0.196204
-0.213799
-0.157301
-0.223819
0.0211155
-0.422948
0.931545
-2.39589
2.27888
-0.904106
0.401044
-0.0270304
0.211268
0.147197
0.2027
0.185823
0.18964
0.169747
0.150457
0.121159
0.089471
0.0533755
0.0160531
-0.0224257
-0.0598232
-0.096071
-0.127969
-0.157549
-0.177135
-0.197401
-0.193876
-0.211207
-0.15582
-0.220582
0.0182027
-0.411359
0.895285
-2.28903
2.16057
-0.862247
0.387422
-0.0236035
0.207158
0.145283
0.199379
0.182878
0.18654
0.166904
0.147883
0.119005
0.087828
0.0523269
0.0156531
-0.0221562
-0.0588978
-0.0945369
-0.125904
-0.155039
-0.174329
-0.194311
-0.19091
-0.207845
-0.153834
-0.216396
0.0148937
-0.397657
0.853563
-2.17063
2.0314
-0.815158
0.371739
-0.0197889
0.202151
0.142905
0.195346
0.179341
0.182828
0.163529
0.144831
0.116468
0.0858966
0.0511024
0.0151925
-0.0218272
-0.0577974
-0.0927152
-0.123456
-0.152052
-0.170991
-0.190608
-0.187352
-0.20377
-0.151381
-0.211308
0.0111969
-0.381875
0.806613
-2.04135
1.89217
-0.763161
0.354062
-0.0156066
0.196311
0.140108
0.190671
0.175269
0.178557
0.159665
0.141336
0.113573
0.0836953
0.0497129
0.0146751
-0.021442
-0.0565323
-0.0906241
-0.120651
-0.148623
-0.167163
-0.186347
-0.18326
-0.19905
-0.148511
-0.205381
0.00713065
-0.364082
0.754752
-1.90199
1.7438
-0.706687
0.334505
-0.011091
0.189724
0.136951
0.185436
0.170729
0.173792
0.155361
0.137441
0.110351
0.0812456
0.0481708
0.0141054
-0.0210045
-0.055115
-0.0882848
-0.117518
-0.144793
-0.162897
-0.181591
-0.178699
-0.19377
-0.14528
-0.198702
0.00272718
-0.344392
0.69841
-1.75348
1.58744
-0.646313
0.313243
-0.00629579
0.182499
0.133498
0.179739
0.165797
0.168607
0.150676
0.133193
0.106836
0.0785724
0.0464907
0.0134883
-0.0205194
-0.0535593
-0.0857217
-0.114093
-0.14061
-0.158248
-0.176414
-0.173746
-0.188027
-0.141755
-0.191381
-0.00196119
-0.322982
0.638158
-1.59696
1.42451
-0.582806
0.290529
-0.00130056
0.174775
0.129822
0.173695
0.160558
0.163083
0.145672
0.128644
0.103067
0.075703
0.0446886
0.0128293
-0.0199918
-0.0518813
-0.082962
-0.110414
-0.136125
-0.153281
-0.170899
-0.168487
-0.181935
-0.138009
-0.183558
-0.00685603
-0.300107
0.574765
-1.43386
1.25677
-0.517198
0.266721
0.00378368
0.166726
0.126008
0.167433
0.155108
0.157313
0.14042
0.123851
0.0990875
0.0726676
0.0427823
0.0121343
-0.0194276
-0.0500983
-0.0800356
-0.106523
-0.131396
-0.148065
-0.165136
-0.163016
-0.175624
-0.134126
-0.175408
-0.0118467
-0.276127
0.509261
-1.26594
1.08653
-0.450887
0.242302
0.008809
0.158562
0.122148
0.161099
0.149551
0.151395
0.134995
0.118877
0.094942
0.0694987
0.0407907
0.0114098
-0.0188331
-0.0482294
-0.0769752
-0.102465
-0.126486
-0.142676
-0.159225
-0.157439
-0.169242
-0.1302
-0.167141
-0.0167851
-0.25153
0.443046
-1.09551
0.916832
-0.385754
0.217921
0.013592
0.150535
0.118349
0.154857
0.144004
0.14544
0.129482
0.113792
0.0906828
0.0662335
0.0387357
0.0106632
-0.0182157
-0.0462963
-0.0738176
-0.0982938
-0.121463
-0.137198
-0.153276
-0.151871
-0.162951
-0.126336
-0.159011
-0.021487
-0.226966
0.378002
-0.925624
0.751671
-0.324148
0.194321
0.0179642
0.142919
0.114746
0.148887
0.1386
0.139569
0.123976
0.108674
0.0863695
0.0629146
0.036643
0.00990296
-0.0175837
-0.0443245
-0.0706054
-0.0940672
-0.116407
-0.131727
-0.14741
-0.146446
-0.15693
-0.12267
-0.151294
-0.0257825
-0.203187
0.316483
-0.760274
0.595994
-0.268855
0.172074
0.0218933
0.13596
0.111519
0.143347
0.133463
0.13387
0.118542
0.103564
0.0820292
0.0595575
0.0345204
0.00913099
-0.0169405
-0.0423234
-0.0673555
-0.0898139
-0.111359
-0.126327
-0.141715
-0.141288
-0.151339
-0.11938
-0.144233
-0.0296379
-0.180766
0.261284
-0.604411
0.45801
-0.226327
0.152741
0.0249466
0.130146
0.108726
0.138392
0.128589
0.128321
0.113096
0.0983739
0.0775675
0.0560861
0.0323161
0.00832811
-0.0162719
-0.0402456
-0.0639956
-0.0854427
-0.106233
-0.120916
-0.13617
-0.136389
-0.146331
-0.116521
-0.138316
-0.0326146
-0.161268
0.218871
-0.466241
0.362707
-0.216693
0.146702
0.0231429
0.127892
0.105687
0.134839
0.124107
0.123459
0.108005
0.0935563
0.0733399
0.0528058
0.0302155
0.00756895
-0.0156386
-0.0382638
-0.0608202
-0.0812999
-0.101475
-0.115857
-0.131312
-0.131882
-0.14273
-0.113413
-0.135982
-0.0307181
-0.155116
0.209381
-0.370772
0.00151127
-0.00044841
-0.0116971
-0.0202043
-0.0154924
-0.000726476
0.0204456
0.0500196
0.0907441
0.139296
0.183522
0.206036
0.192043
0.136866
0.0493281
-0.0505142
-0.138212
-0.193561
-0.207572
-0.184867
-0.140315
-0.0914101
-0.0503958
-0.0206483
0.000564628
0.0152701
0.0198769
0.0112587
3.45382e-06
-0.00194707
0.00161382
-0.0027306
-0.0152032
-0.0203785
-0.0115516
0.00539845
0.0274756
0.0569054
0.0952432
0.138205
0.174599
0.190067
0.173369
0.121845
0.0435352
-0.0448622
-0.123294
-0.174938
-0.191611
-0.17593
-0.139207
-0.0959047
-0.0572906
-0.0276876
-0.00555481
0.0113513
0.0200823
0.0147911
0.00226132
-0.0020697
0.00145227
-0.00562875
-0.0180501
-0.0191189
-0.00679001
0.0115342
0.0338786
0.062354
0.0974245
0.134391
0.163399
0.172918
0.15462
0.10727
0.037993
-0.0394706
-0.108839
-0.156266
-0.174501
-0.164742
-0.13539
-0.0980837
-0.0627444
-0.0340982
-0.011688
0.00660694
0.0188486
0.0176673
0.00515438
-0.0019278
0.000873584
-0.00900061
-0.0200476
-0.0166949
-0.00162803
0.0173973
0.0394901
0.066474
0.0980372
0.129494
0.152351
0.157365
0.138333
0.0949015
0.033336
-0.034954
-0.0965904
-0.140068
-0.159008
-0.15373
-0.13051
-0.0987017
-0.0668689
-0.0397154
-0.0175508
0.00145582
0.0164409
0.0196862
0.00853592
-0.00135725
-0.000299847
-0.012702
-0.0210519
-0.0132103
0.0038834
0.0230917
0.044508
0.0695824
0.0974948
0.123827
0.141395
0.142858
0.123636
0.0839439
0.0292413
-0.0309947
-0.0857524
-0.125468
-0.144574
-0.142825
-0.124871
-0.0981699
-0.0699805
-0.0447355
-0.0232442
-0.00404841
0.0129665
0.0207055
0.0122568
-0.000177205
-0.00225314
-0.0164442
-0.0208311
-0.00876825
0.00959606
0.028525
0.0488746
0.071696
0.0958982
0.117492
0.130512
0.129193
0.1102
0.0740931
0.0255851
-0.0274706
-0.0760214
-0.112133
-0.130993
-0.132004
-0.118574
-0.0965886
-0.0720958
-0.0491
-0.0286743
-0.00975564
0.00853024
0.0204927
0.0160178
0.00179172
-0.00515151
-0.0198452
-0.0192146
-0.00354366
0.0153315
0.033575
0.0525062
0.0728177
0.0933531
0.110643
0.119815
0.116385
0.0979487
0.0652516
0.0223243
-0.0243386
-0.0672996
-0.0999883
-0.118276
-0.121381
-0.111773
-0.094065
-0.0732192
-0.0527255
-0.0337178
-0.0154854
0.00330991
0.0188796
0.0194319
0.00470871
-0.00911538
-0.0224706
-0.0161411
0.00223818
0.0209314
0.0381476
0.0553576
0.0729935
0.089994
0.103438
0.109407
0.104435
0.0868024
0.0573238
0.0194171
-0.0215569
-0.0594909
-0.0889521
-0.106426
-0.111057
-0.104628
-0.090735
-0.0733988
-0.055568
-0.0382799
-0.0210771
-0.00246649
0.0158079
0.0220632
0.00868853
-0.014196
-0.023868
-0.0116648
0.00833051
0.0262656
0.0421718
0.0574118
0.0722942
0.0859593
0.0960192
0.0993628
0.0933232
0.0766725
0.0502143
0.0168233
-0.0190854
-0.0524997
-0.0789354
-0.0954217
-0.101108
-0.097281
-0.0867386
-0.0727073
-0.0576121
-0.0422896
-0.0263994
-0.0085499
0.011335
0.0234609
0.0137784
-0.0203533
-0.0236072
-0.00595472
0.0144889
0.0312335
0.0455952
0.0586749
0.0708057
0.0813835
0.08851
0.0897415
0.0830259
0.0674781
0.0438399
0.0145082
-0.0168893
-0.0462427
-0.0698568
-0.0852384
-0.0915926
-0.0898552
-0.082212
-0.0712326
-0.0588656
-0.0456953
-0.0313507
-0.0146942
0.00563285
0.0231981
0.0199365
-0.0274385
-0.0213234
0.000716629
0.0204934
0.0357642
0.0483834
0.059174
0.0686247
0.0763963
0.0810195
0.0805895
0.0735172
0.0591474
0.038129
0.0124422
-0.0149393
-0.0406476
-0.0616437
-0.0758496
-0.0825561
-0.0824608
-0.077286
-0.0690738
-0.0593578
-0.0484637
-0.0358597
-0.0206784
-0.00102392
0.0209141
0.0270141
-0.0351839
-0.0167582
0.00799525
0.0261674
0.039813
0.0505194
0.0589556
0.0658555
0.0711202
0.073643
0.0719426
0.0647702
0.051616
0.0330191
0.0106001
-0.0132099
-0.0356522
-0.0542315
-0.0672279
-0.0740345
-0.0751931
-0.0720844
-0.0663371
-0.0591374
-0.050579
-0.0398821
-0.0263257
-0.00828009
0.0163543
0.0347456
-0.0432016
-0.00979349
0.0154778
0.0313909
0.0433564
0.0520023
0.0580827
0.0626061
0.0656696
0.066463
0.0638282
0.0567581
0.0448265
0.0284563
0.00895993
-0.0116792
-0.0312019
-0.0475619
-0.0593457
-0.0660543
-0.068135
-0.0667225
-0.0631322
-0.0582695
-0.0520423
-0.0433953
-0.0315163
-0.0157321
0.00940396
0.0427457
-0.050991
-0.000475391
0.0227499
0.036106
0.0463855
0.0528475
0.0566315
0.0589843
0.0601495
0.0595507
0.0562665
0.0494546
0.0387278
0.0243936
0.00750311
-0.0103284
-0.0272494
-0.0415832
-0.052176
-0.0586353
-0.0613573
-0.0613062
-0.0595687
-0.0568324
-0.0528709
-0.0463917
-0.0361932
-0.0229658
0.00011125
0.0505173
-0.0579562
0.0109766
0.0294255
0.0403149
0.0488993
0.0530858
0.0546881
0.055096
0.0546557
0.0529669
0.0492721
0.0428345
0.0332744
0.0207901
0.0062135
-0.00914138
-0.0237538
-0.0362494
-0.0456927
-0.0517914
-0.0549207
-0.0559318
-0.0557539
-0.0549144
-0.0530976
-0.048872
-0.0403597
-0.0295967
-0.0113033
0.0574679
-0.0634307
0.0241749
0.0351852
0.04407
0.0508994
0.0527631
0.0523451
0.0510427
0.0492747
0.0467635
0.0428555
0.036874
0.028426
0.0176106
0.00507723
-0.008104
-0.0206792
-0.0315198
-0.039871
-0.0455321
-0.0488769
-0.0506865
-0.0517907
-0.0526098
-0.0527706
-0.0508399
-0.0440696
-0.0353066
-0.0244521
0.0629334
-0.0667074
0.0385844
0.0398063
0.0474587
0.0523871
0.0519401
0.0496976
0.0469204
0.0440844
0.0409847
0.0370233
0.0315505
0.0241472
0.0148242
0.00408234
-0.00720417
-0.0179946
-0.027358
-0.0346878
-0.0398633
-0.0432692
-0.0456481
-0.0477761
-0.0500158
-0.051953
-0.052299
-0.0474119
-0.0398747
-0.0388012
0.066209
-0.0670717
0.0535562
0.0431832
0.0505843
0.0533632
0.0506912
0.0468407
0.0428187
0.039154
0.0356677
0.0317799
0.0268434
0.0204064
0.0124041
0.00321847
-0.0064314
-0.0156729
-0.023732
-0.0301213
-0.0347881
-0.0381344
-0.0408862
-0.0438009
-0.0472292
-0.0507212
-0.0532521
-0.0504919
-0.0431976
-0.0537033
0.0665817
-0.0638344
0.0683701
0.045336
0.0535466
0.0538293
0.0491024
0.0438663
0.0388205
0.0345454
0.0308442
0.0271273
0.0227333
0.0171754
0.010327
0.00247667
-0.00577656
-0.0136904
-0.0206131
-0.0261512
-0.0303075
-0.0335031
-0.0364622
-0.0399487
-0.0443434
-0.0491634
-0.0537037
-0.0534111
-0.0452973
-0.0684403
0.0633631
-0.0563607
0.0822827
0.0464053
0.0564236
0.053793
0.0472686
0.0408611
0.0350024
0.0303128
0.0265404
0.0230657
0.0192022
0.0144295
0.00857217
0.0018491
-0.00523169
-0.0120262
-0.017976
-0.0227587
-0.0264204
-0.0294005
-0.0324301
-0.0362967
-0.0414469
-0.047377
-0.0536637
-0.05625
-0.0463164
-0.0822717
0.0559185
-0.0440936
0.0945748
0.0466353
0.0592585
0.0532727
0.0452902
0.0379051
0.0314345
0.0265043
0.0227785
0.019594
0.0162335
0.0121463
0.00712162
0.00132893
-0.00478981
-0.0106621
-0.0157977
-0.0199261
-0.0231245
-0.0258474
-0.0288371
-0.0329154
-0.0386208
-0.0454642
-0.053153
-0.0590537
-0.0465009
-0.0944814
0.0436903
-0.0265689
0.104595
0.0463475
0.0620516
0.0523028
0.0432684
0.0350707
0.0281808
0.0231613
0.0195765
0.0167099
0.0138112
0.0103055
0.00595922
0.000910085
-0.00444475
-0.0095816
-0.0140577
-0.0176368
-0.0204162
-0.0228603
-0.0257238
-0.0298689
-0.0359393
-0.0435284
-0.0522088
-0.061825
-0.0461744
-0.10442
0.0262136
-0.00342262
0.11179
0.0459085
0.0647594
0.0509385
0.0413006
0.0324233
0.0252997
0.0203196
0.0169489
0.0144098
0.0119206
0.00888891
0.00507053
0.000587173
-0.00419104
-0.0087702
-0.0127371
-0.0158751
-0.0182903
-0.020452
-0.0231246
-0.0272153
-0.0334686
-0.0416692
-0.0508886
-0.064523
-0.045705
-0.11154
0.00312274
0.0256109
0.115733
0.0456955
0.0672998
0.0492576
0.0394761
0.0300215
0.0228439
0.0180096
0.014907
0.012689
0.0105472
0.00787949
0.00444242
0.00035532
-0.00402375
-0.00821464
-0.0118188
-0.0146257
-0.016741
-0.0186322
-0.0210684
-0.0250067
-0.0312682
-0.0399777
-0.0492728
-0.0670681
-0.045472
-0.115415
-0.02585
0.0607072
0.116123
0.0460643
0.0695625
0.0473602
0.0378724
0.0279182
0.0208604
0.0162566
0.013459
0.0115414
0.00967685
0.00726137
0.00406284
0.000210068
-0.00393842
-0.00790277
-0.0112865
-0.0138739
-0.0157607
-0.017407
-0.0195786
-0.0232895
-0.0293917
-0.0385332
-0.0474642
-0.069353
-0.0458328
-0.115747
-0.0608823
0.101964
0.112787
0.0473225
0.0714228
0.0453658
0.036552
0.0261621
0.0193907
0.015081
0.0126102
0.0109598
0.00929554
0.00701943
0.00392055
0.000147285
-0.00393093
-0.00782332
-0.0111249
-0.013605
-0.015341
-0.0167798
-0.0186732
-0.0221034
-0.0278878
-0.0373997
-0.0455845
-0.0712558
-0.0470972
-0.112368
-0.102075
0.14942
0.105665
0.049711
0.0727562
0.0434076
0.0355616
0.0247989
0.0184701
0.0144985
0.0123628
0.0109353
0.00938897
0.00713907
0.00400486
0.000163067
-0.00399745
-0.00796561
-0.0113193
-0.0138043
-0.015472
-0.0167507
-0.0183657
-0.021482
-0.0268017
-0.0366254
-0.0437692
-0.0726551
-0.0495082
-0.105219
-0.14947
0.203065
0.0947846
0.0533944
0.0734527
0.0416252
0.0349319
0.0238718
0.0181274
0.0145205
0.012716
0.0114577
0.00994247
0.0076059
0.00430548
0.000253675
-0.00413435
-0.00831943
-0.0118552
-0.0144567
-0.0161421
-0.0173169
-0.0186649
-0.0214519
-0.026176
-0.0362417
-0.0421603
-0.073444
-0.0532328
-0.094331
-0.203059
0.262853
0.0802383
0.0584605
0.0734277
0.0401567
0.0346791
0.0234226
0.0183849
0.0151543
0.013666
0.0125148
0.0109407
0.00840554
0.00481234
0.00041547
-0.00433813
-0.00887482
-0.0127184
-0.0155467
-0.0173385
-0.0184727
-0.019575
-0.0220324
-0.0260508
-0.0362652
-0.0408974
-0.0735408
-0.0583616
-0.0797982
-0.262801
0.328718
0.062157
0.0649273
0.0726295
0.0391306
0.0348076
0.0234912
0.0192576
0.0164031
0.0152054
0.0140927
0.0123674
0.00952343
0.00551539
0.000644824
-0.00460539
-0.00962193
-0.0138944
-0.0170579
-0.0190466
-0.020209
-0.0210965
-0.0232353
-0.0264639
-0.0367002
-0.0401107
-0.0728969
-0.0649153
-0.0617544
-0.328634
0.400568
0.0406872
0.0727554
0.0710422
0.0386592
0.0353132
0.0241151
0.0207534
0.0182661
0.0173237
0.0161755
0.0142054
0.0109447
0.00640455
0.00093813
-0.00493274
-0.0105509
-0.0153684
-0.0189733
-0.0212499
-0.0225138
-0.0232257
-0.0250649
-0.0274499
-0.0375415
-0.0399132
-0.0714988
-0.0728577
-0.0403487
-0.400469
0.478288
0.0159753
0.0818636
0.0686842
0.0388336
0.0361863
0.0253287
0.022873
0.0207384
0.0200066
0.0187451
0.0164364
0.0126538
0.00746952
0.00129172
-0.00531682
-0.0116517
-0.0171253
-0.0212744
-0.0239301
-0.0253714
-0.0259551
-0.0275182
-0.0290395
-0.0387777
-0.0403964
-0.0693672
-0.0821108
-0.01573
-0.478194
0.561729
-0.0118427
0.0921452
0.0656039
0.0397206
0.0374154
0.0271614
0.0256098
0.0238114
0.0232363
0.0217812
0.0190404
0.0146347
0.00869973
0.00170184
-0.00575421
-0.0129141
-0.0191493
-0.023942
-0.0270669
-0.028763
-0.0292733
-0.0305847
-0.0312579
-0.0403946
-0.0416266
-0.0665521
-0.0925708
0.0119629
-0.561665
0.650702
-0.0426433
0.103482
0.0618725
0.0413628
0.0389894
0.0296362
0.0289508
0.0274721
0.0269909
0.0252616
0.0219965
0.0168706
0.0100842
0.00216461
-0.00624142
-0.0143275
-0.0214239
-0.0269551
-0.0306382
-0.0326663
-0.0331652
-0.0342475
-0.0341237
-0.0423776
-0.043645
-0.0631256
-0.104122
0.0426041
-0.650697
0.744962
-0.0763128
0.115755
0.0575762
0.0437793
0.0408994
0.0327685
0.0328766
0.0317032
0.0312451
0.0291612
0.0252819
0.0193437
0.0116117
0.00267605
-0.00677487
-0.015881
-0.0239319
-0.0302916
-0.0346193
-0.0370553
-0.0376119
-0.0384834
-0.0376471
-0.0447131
-0.0464681
-0.0591738
-0.116649
0.0760774
-0.745049
0.8442
-0.112739
0.128853
0.0528088
0.0469687
0.043139
0.0365647
0.0373621
0.0364831
0.0359695
0.0334532
0.0288723
0.0220357
0.0132703
0.003232
-0.00735085
-0.0175632
-0.0266553
-0.0339277
-0.0389838
-0.041901
-0.0425902
-0.0432637
-0.0418293
-0.0473897
-0.050091
-0.0547894
-0.130041
0.112268
-0.844415
0.948026
-0.1518
0.142676
0.0476648
0.0509127
0.0457045
0.0410213
0.0423767
0.0417854
0.0411314
0.038108
0.032742
0.0249269
0.0150477
0.00382814
-0.00796555
-0.0193623
-0.0295751
-0.0378383
-0.0437029
-0.0471707
-0.0480729
-0.0485551
-0.0466618
-0.0503977
-0.0544908
-0.0500646
-0.144198
0.151052
-0.948409
1.05597
-0.193353
0.157134
0.0422351
0.0555799
0.0485935
0.0461241
0.0478853
0.047579
0.0466942
0.0430939
0.0368635
0.0279971
0.0169311
0.00446
-0.008615
-0.021266
-0.0326714
-0.0419965
-0.0487456
-0.0528287
-0.0540285
-0.0543201
-0.0521255
-0.0537284
-0.0596303
-0.0450864
-0.159031
0.192288
-1.05656
1.16745
-0.237226
0.172145
0.0366034
0.0609288
0.0518039
0.0518488
0.0538487
0.0538278
0.0526183
0.048377
0.041208
0.0312248
0.0189071
0.00512292
-0.00929508
-0.0232614
-0.0359234
-0.0463742
-0.0540788
-0.0588362
-0.0604212
-0.0605175
-0.0581916
-0.0573733
-0.0654618
-0.0399338
-0.174456
0.2358
-1.1683
1.28183
-0.283205
0.187633
0.0308455
0.0669113
0.0553317
0.0581603
0.0602234
0.0604911
0.058861
0.053921
0.0457451
0.0345879
0.0209619
0.00581209
-0.0100015
-0.0253352
-0.0393096
-0.0509415
-0.0596672
-0.0651514
-0.0672108
-0.0671031
-0.0648217
-0.0613223
-0.0719298
-0.0346762
-0.190394
0.281377
-1.28298
1.39835
-0.331032
0.203522
0.0250293
0.0734742
0.0591699
0.0650145
0.0669627
0.0675233
0.0653769
0.0596878
0.050443
0.0380631
0.0230811
0.00652254
-0.01073
-0.0274738
-0.0428072
-0.0556676
-0.0654734
-0.0717301
-0.0743527
-0.0740299
-0.0719684
-0.0655622
-0.0789739
-0.0293742
-0.206765
0.328764
-1.39985
1.51618
-0.380402
0.219734
0.0192154
0.08056
0.0633065
0.072358
0.0740164
0.0748744
0.072118
0.0656372
0.0552688
0.0416266
0.0252501
0.00724918
-0.0114759
-0.0296629
-0.0463931
-0.06052
-0.0714583
-0.0785257
-0.0817982
-0.0812479
-0.0795768
-0.0700763
-0.0865293
-0.0240805
-0.223483
0.377659
-1.51808
1.63442
-0.430962
0.236183
0.0134588
0.0881083
0.0677242
0.08013
0.0813316
0.0824903
0.0790345
0.0717273
0.0601885
0.0452538
0.0274536
0.00798672
-0.0122345
-0.0318879
-0.0500431
-0.0654653
-0.0775808
-0.0854894
-0.0894947
-0.0887052
-0.0875851
-0.074843
-0.0945286
-0.0188416
-0.240456
0.427714
-1.63675
1.7521
-0.482316
0.252775
0.00781024
0.096055
0.0723992
0.0882631
0.0888522
0.0903131
0.0860746
0.0779147
0.065167
0.0489194
0.0296762
0.00872985
-0.0130011
-0.034134
-0.0537325
-0.0704692
-0.0837982
-0.0925708
-0.097386
-0.0963474
-0.0959256
-0.0798353
-0.102902
-0.0136995
-0.257583
0.478541
-1.75491
1.86821
-0.534032
0.269406
0.00231701
0.104332
0.0773013
0.0966843
0.0965201
0.0982819
0.0931854
0.0841547
0.0701687
0.0525976
0.0319023
0.00947313
-0.0137708
-0.0363859
-0.0574361
-0.0754966
-0.0900665
-0.0997181
-0.105413
-0.104118
-0.104526
-0.0850214
-0.111575
-0.00869363
-0.274751
0.529715
-1.87154
1.98171
-0.585648
0.285965
-0.00297632
0.112868
0.0823944
0.105316
0.104275
0.106333
0.100313
0.0904013
0.0751575
0.0562623
0.0341158
0.0102111
-0.0145387
-0.0386283
-0.0611283
-0.0805119
-0.0963407
-0.106878
-0.113513
-0.111958
-0.113312
-0.0903642
-0.120474
-0.00386104
-0.291839
0.580782
-1.98558
2.09154
-0.636679
0.30233
-0.00802761
0.121586
0.0876366
0.114078
0.112054
0.114401
0.107403
0.0966083
0.0800968
0.0598872
0.0363009
0.0109382
-0.0152996
-0.0408457
-0.0647834
-0.085479
-0.102575
-0.113997
-0.121623
-0.119808
-0.122202
-0.0958224
-0.129519
0.000762345
-0.30872
0.631268
-2.09597
2.19665
-0.68663
0.318376
-0.0127977
0.130406
0.0929813
0.122888
0.119795
0.122419
0.1144
0.102729
0.0849501
0.0634458
0.0384416
0.0116491
-0.0160487
-0.0430228
-0.0683752
-0.090362
-0.108722
-0.121022
-0.129677
-0.127607
-0.131118
-0.101351
-0.138629
0.00514224
-0.325258
0.680687
-2.20164
2.29598
-0.735
0.33397
-0.0172506
0.139245
0.0983781
0.13166
0.127433
0.13032
0.121249
0.108715
0.0896813
0.0669118
0.0405221
0.0123381
-0.0167808
-0.045144
-0.071878
-0.0951251
-0.114737
-0.127898
-0.137608
-0.135291
-0.139978
-0.1069
-0.14772
0.00924611
-0.341317
0.728547
-2.30154
2.38853
-0.781297
0.348978
-0.0213542
0.148017
0.103773
0.140311
0.134903
0.138037
0.127898
0.114522
0.0942544
0.0702594
0.0425268
0.0130001
-0.017491
-0.0471941
-0.0752662
-0.0997327
-0.120573
-0.134571
-0.145351
-0.142799
-0.148699
-0.11242
-0.156708
0.0130436
-0.356757
0.774364
-2.39465
2.47333
-0.825038
0.363266
-0.0250808
0.156632
0.109112
0.148757
0.142142
0.145502
0.134292
0.120103
0.0986345
0.0734631
0.0444406
0.0136297
-0.0181744
-0.0491584
-0.0785146
-0.10415
-0.126184
-0.14099
-0.15284
-0.150067
-0.157201
-0.117858
-0.165507
0.0165078
-0.371441
0.817663
-2.47999
2.54947
-0.865765
0.3767
-0.0284077
0.165002
0.114337
0.156916
0.149086
0.152651
0.14038
0.125413
0.102788
0.0764981
0.0462487
0.0142219
-0.018826
-0.0510223
-0.0815988
-0.108344
-0.131527
-0.147103
-0.16001
-0.157035
-0.165401
-0.123159
-0.174029
0.019615
-0.385233
0.85799
-2.55664
2.61609
-0.903041
0.38915
-0.031317
0.17304
0.119393
0.164707
0.155675
0.159421
0.146114
0.130409
0.106681
0.0793407
0.047937
0.0147719
-0.0194413
-0.0527718
-0.0844954
-0.112282
-0.136558
-0.152861
-0.1668
-0.163641
-0.173224
-0.128271
-0.182189
0.0223458
-0.398002
0.894914
-2.62374
2.67243
-0.936463
0.40049
-0.0337961
0.180657
0.124223
0.172053
0.16185
0.165753
0.151445
0.135051
0.110284
0.0819681
0.0494921
0.015275
-0.0200158
-0.0543938
-0.0871816
-0.115933
-0.141237
-0.158218
-0.173149
-0.169828
-0.180593
-0.133139
-0.189905
0.0246853
-0.409624
0.928034
-2.68053
2.7178
-0.965661
0.4106
-0.0358372
0.187771
0.128774
0.178883
0.167554
0.171589
0.15633
0.1393
0.113568
0.0843592
0.0509013
0.015727
-0.0205453
-0.0558756
-0.0896365
-0.119269
-0.145524
-0.163128
-0.179001
-0.17554
-0.187437
-0.137711
-0.197095
0.0266227
-0.419978
0.956979
-2.72629
2.75158
-0.990301
0.419364
-0.0374365
0.194302
0.132993
0.185128
0.172736
0.176877
0.160728
0.14312
0.116505
0.0864943
0.0521531
0.0161238
-0.0210256
-0.0572057
-0.0918402
-0.122261
-0.149386
-0.167553
-0.184305
-0.180726
-0.193689
-0.141939
-0.203682
0.0281515
-0.428953
0.981417
-2.76043
2.77327
-1.01009
0.426676
-0.0385941
0.200176
0.136832
0.190725
0.177348
0.18157
0.164601
0.146478
0.119072
0.0883553
0.053237
0.0164619
-0.0214532
-0.0583734
-0.0937749
-0.124888
-0.152789
-0.171454
-0.189013
-0.185339
-0.199288
-0.145773
-0.209595
0.0292684
-0.436442
1.00105
-2.78243
2.78244
-1.02476
0.432433
-0.0393127
0.205325
0.140246
0.19562
0.181347
0.185626
0.167917
0.149347
0.121246
0.0899264
0.0541436
0.0167382
-0.0218247
-0.0593694
-0.0954246
-0.127126
-0.155704
-0.174798
-0.193083
-0.189335
-0.204178
-0.149172
-0.214766
0.0299736
-0.442346
1.01562
-2.79187
2.77877
-1.03411
0.436541
-0.039597
0.209686
0.143195
0.199764
0.184696
0.189009
0.170648
0.1517
0.12301
0.091194
0.0548649
0.0169499
-0.0221373
-0.0601853
-0.0967753
-0.128957
-0.158107
-0.177559
-0.196479
-0.192679
-0.208312
-0.152097
-0.219137
0.0302686
-0.446574
1.0249
-2.78842
2.76202
-1.03796
0.438913
-0.0394527
0.213205
0.145646
0.203115
0.187365
0.191688
0.172771
0.153519
0.124348
0.0921465
0.0553943
0.0170949
-0.0223883
-0.0608143
-0.0978155
-0.130366
-0.159978
-0.179713
-0.199171
-0.19534
-0.211649
-0.154513
-0.222653
0.0301565
-0.44904
1.02872
-2.77185
2.73206
-1.03615
0.439469
-0.0388854
0.215835
0.147569
0.205643
0.189331
0.193641
0.174269
0.154786
0.125249
0.0927752
0.0557266
0.0171714
-0.0225757
-0.0612509
-0.0985362
-0.131341
-0.1613
-0.181242
-0.201136
-0.197295
-0.214157
-0.156394
-0.225269
0.0296406
-0.449665
1.02693
-2.74203
2.68884
-1.0286
0.438137
-0.0379005
0.217539
0.148944
0.207322
0.190576
0.194852
0.175129
0.155493
0.125704
0.0930741
0.0558583
0.0171783
-0.0226981
-0.0614912
-0.0989307
-0.131874
-0.162063
-0.182135
-0.20236
-0.198527
-0.215813
-0.157719
-0.226947
0.0287237
-0.448378
1.01942
-2.69891
2.63242
-1.01524
0.434851
-0.0365023
0.218285
0.149756
0.20814
0.191092
0.195315
0.175346
0.155632
0.12571
0.0930397
0.0557875
0.0171151
-0.0227544
-0.0615329
-0.0989956
-0.13196
-0.162261
-0.182386
-0.202834
-0.199029
-0.216604
-0.158476
-0.227659
0.0274077
-0.445116
1.00613
-2.64255
2.56295
-0.996047
0.429558
-0.0346937
0.218055
0.149999
0.208093
0.19088
0.195028
0.174922
0.155205
0.125267
0.0926718
0.0555142
0.0169818
-0.0227442
-0.0613754
-0.09873
-0.1316
-0.161895
-0.181997
-0.202559
-0.1988
-0.216527
-0.158658
-0.227385
0.0256933
-0.439825
0.987027
-2.57311
2.48066
-0.971041
0.422212
-0.0324769
0.216839
0.149677
0.207187
0.189948
0.194003
0.173864
0.154218
0.124379
0.0919731
0.0550398
0.016779
-0.0226676
-0.0610198
-0.0981363
-0.130797
-0.16097
-0.180975
-0.201545
-0.19785
-0.215588
-0.158271
-0.226116
0.0235801
-0.432461
0.96213
-2.49082
2.3859
-0.940286
0.412782
-0.0298534
0.214638
0.148801
0.205443
0.188314
0.192256
0.172187
0.152682
0.123055
0.0909493
0.054368
0.0165081
-0.0225254
-0.0604692
-0.0972198
-0.12956
-0.159498
-0.179334
-0.199809
-0.196198
-0.213808
-0.157325
-0.223855
0.0210674
-0.422992
0.931498
-2.39603
2.2791
-0.903895
0.401252
-0.0268258
0.211468
0.147391
0.202888
0.186005
0.189814
0.169913
0.150615
0.121307
0.0896096
0.0535039
0.016171
-0.0223189
-0.0597284
-0.095989
-0.127901
-0.157495
-0.177097
-0.197378
-0.193869
-0.211214
-0.155844
-0.220617
0.0181555
-0.411404
0.895238
-2.28916
2.16078
-0.862036
0.38763
-0.0233995
0.207357
0.145478
0.199567
0.183059
0.186714
0.16707
0.14804
0.119153
0.087966
0.0524547
0.0157702
-0.0220504
-0.0588039
-0.0944558
-0.125837
-0.154986
-0.174291
-0.194288
-0.190903
-0.207852
-0.153856
-0.21643
0.0148473
-0.397703
0.853516
-2.17076
2.03162
-0.814948
0.371946
-0.0195854
0.20235
0.143098
0.195534
0.179521
0.183001
0.163694
0.144987
0.116615
0.086034
0.0512296
0.0153089
-0.0217222
-0.0577044
-0.0926351
-0.123389
-0.151999
-0.170953
-0.190585
-0.187345
-0.203776
-0.151402
-0.211341
0.0111516
-0.381923
0.806564
-2.04149
1.89238
-0.762951
0.354268
-0.0154037
0.19651
0.140301
0.190858
0.175449
0.17873
0.15983
0.141492
0.11372
0.083832
0.0498393
0.0147907
-0.0213379
-0.0564403
-0.0905449
-0.120585
-0.148571
-0.167126
-0.186324
-0.183252
-0.199055
-0.14853
-0.205413
0.00708648
-0.36413
0.754702
-1.90213
1.74401
-0.706479
0.334711
-0.0108887
0.189921
0.137143
0.185622
0.170909
0.173964
0.155526
0.137597
0.110497
0.0813817
0.0482964
0.0142202
-0.0209013
-0.0550238
-0.0882064
-0.117453
-0.144742
-0.16286
-0.181568
-0.17869
-0.193774
-0.145298
-0.198733
0.00268435
-0.344441
0.698357
-1.75361
1.58765
-0.646104
0.313448
-0.00609417
0.182696
0.133689
0.179925
0.165976
0.168778
0.150839
0.133348
0.106981
0.0787077
0.0466155
0.0136022
-0.020417
-0.0534691
-0.0856442
-0.114029
-0.140559
-0.158211
-0.176391
-0.173736
-0.188029
-0.14177
-0.19141
-0.00200241
-0.323031
0.638103
-1.5971
1.42472
-0.582598
0.290734
-0.00109954
0.174972
0.130013
0.17388
0.160737
0.163254
0.145835
0.128798
0.103212
0.0758375
0.0448127
0.0129423
-0.0198904
-0.051792
-0.0828854
-0.11035
-0.136075
-0.153244
-0.170875
-0.168475
-0.181936
-0.138022
-0.183585
-0.0068953
-0.300156
0.574707
-1.43399
1.25698
-0.516991
0.266925
0.00398412
0.166922
0.126198
0.167617
0.155286
0.157483
0.140582
0.124004
0.0992312
0.0728013
0.0429054
0.0122464
-0.0193271
-0.05001
-0.0799599
-0.10646
-0.131346
-0.148028
-0.165112
-0.163004
-0.175624
-0.134138
-0.175432
-0.0118836
-0.276175
0.509201
-1.26607
1.08674
-0.450681
0.242506
0.00900888
0.158757
0.122338
0.161283
0.149729
0.151565
0.135157
0.11903
0.0950849
0.0696316
0.040913
0.011521
-0.0187336
-0.048142
-0.0769004
-0.102403
-0.126437
-0.14264
-0.1592
-0.157426
-0.169239
-0.130209
-0.167162
-0.0168192
-0.251576
0.442984
-1.09564
0.91704
-0.385548
0.218124
0.0137914
0.150729
0.118539
0.155041
0.144181
0.145609
0.129643
0.113944
0.0908248
0.0663655
0.0388571
0.0107734
-0.0181171
-0.0462098
-0.0737436
-0.0982325
-0.121415
-0.137162
-0.153251
-0.151857
-0.162946
-0.126342
-0.159028
-0.0215175
-0.227011
0.377939
-0.925749
0.751878
-0.323942
0.194523
0.0181631
0.143114
0.114935
0.149069
0.138776
0.139737
0.124136
0.108825
0.0865107
0.0630457
0.0367634
0.0100123
-0.0174861
-0.044239
-0.0705324
-0.0940067
-0.116359
-0.13169
-0.147384
-0.14643
-0.156924
-0.122673
-0.151307
-0.0258089
-0.203228
0.316421
-0.760395
0.596201
-0.26865
0.172276
0.0220917
0.136154
0.111708
0.143529
0.133638
0.134037
0.1187
0.103714
0.0821695
0.0596877
0.03464
0.00923933
-0.0168439
-0.0422389
-0.0672833
-0.0897541
-0.111311
-0.12629
-0.141689
-0.141271
-0.151331
-0.119381
-0.144243
-0.0296592
-0.180802
0.261224
-0.604529
0.458216
-0.226122
0.152943
0.0251445
0.130339
0.108913
0.138573
0.128763
0.128487
0.113254
0.0985229
0.0777069
0.0562153
0.0324346
0.00843543
-0.0161763
-0.0401622
-0.0639245
-0.0853838
-0.106186
-0.120879
-0.136143
-0.136371
-0.14632
-0.116518
-0.138321
-0.0326294
-0.161298
0.218815
-0.466355
0.362913
-0.216489
0.146903
0.0233405
0.128085
0.105875
0.13502
0.124281
0.123625
0.108162
0.0937044
0.0734783
0.052934
0.0303331
0.00767532
-0.0155439
-0.0381813
-0.06075
-0.0812418
-0.101429
-0.115821
-0.131285
-0.131864
-0.142717
-0.113406
-0.135981
-0.0307257
-0.155137
0.209332
-0.370883
)
;

boundaryField
{
    movingWall
    {
        type            zeroGradient;
    }
    Inlet
    {
        type            cyclic;
    }
    Outlet
    {
        type            cyclic;
    }
    Bottom
    {
        type            zeroGradient;
    }
    frontAndBack
    {
        type            empty;
    }
}


// ************************************************************************* //
