/*--------------------------------*- C++ -*----------------------------------*\
| =========                 |                                                 |
| \\      /  F ield         | OpenFOAM: The Open Source CFD Toolbox           |
|  \\    /   O peration     | Version:  5.x                                   |
|   \\  /    A nd           | Web:      www.OpenFOAM.org                      |
|    \\/     M anipulation  |                                                 |
\*---------------------------------------------------------------------------*/
FoamFile
{
    version     2.0;
    format      ascii;
    class       volVectorField;
    location    "0.005";
    object      wallShearStress;
}
// * * * * * * * * * * * * * * * * * * * * * * * * * * * * * * * * * * * * * //

dimensions      [0 2 -2 0 0 0 0];

internalField   uniform (0 0 0);

boundaryField
{
    movingWall
    {
        type            calculated;
        value           uniform (0 0 0);
    }
    Inlet
    {
        type            cyclic;
    }
    Outlet
    {
        type            cyclic;
    }
    Bottom
    {
        type            calculated;
        value           nonuniform List<vector> 
90
(
(4.96293e-06 0.000133629 2.17421e-38)
(-0.000704733 -0.000838561 -1.35835e-21)
(-0.00177606 -0.00257125 1.82584e-20)
(-0.00031425 -9.09487e-05 -2.09325e-22)
(0.00504034 0.00764102 1.20871e-20)
(0.0134628 0.0171456 -4.30597e-21)
(0.0234575 0.0249019 2.78516e-22)
(0.0313432 0.0274938 -3.46051e-22)
(0.0286994 0.0210516 -1.26414e-19)
(0.0034434 0.00362367 2.88714e-21)
(-0.0540429 -0.0213989 -1.27684e-19)
(-0.142961 -0.0446827 -1.56166e-19)
(-0.247987 -0.0549108 -1.46386e-19)
(-0.342628 -0.0451487 1.12847e-36)
(-0.399023 -0.017426 4.25968e-22)
(-0.399399 0.0175189 1.74212e-37)
(-0.343631 0.0453514 -3.91935e-22)
(-0.249292 0.0552619 1.24601e-20)
(-0.144199 0.0451249 1.55334e-19)
(-0.0549458 0.021815 -7.58386e-21)
(0.0029549 -0.00333786 1.18547e-21)
(0.0285386 -0.0209285 -2.49335e-19)
(0.031351 -0.0274891 5.75128e-22)
(0.0235006 -0.0249396 2.23628e-20)
(0.0134811 -0.0171719 -2.73136e-21)
(0.00503239 -0.00764399 -1.23162e-20)
(-0.000329796 9.81319e-05 2.35099e-38)
(-0.00178461 0.00257679 -5.12254e-22)
(-0.000696958 0.00084042 -7.28864e-22)
(8.60706e-06 -0.000134572 -9.51814e-23)
(8.48062e-06 0.000134009 1.23404e-39)
(-0.000697664 -0.000841037 -6.42395e-23)
(-0.00178332 -0.00257678 -5.10138e-22)
(-0.000324128 -9.50465e-05 1.76324e-38)
(0.00503848 0.00764756 -1.06182e-20)
(0.0134779 0.0171707 -1.45837e-21)
(0.0234966 0.024948 2.52004e-20)
(0.0314098 0.0275574 -6.68865e-20)
(0.0287898 0.0211238 -1.23221e-19)
(0.00354723 0.0036932 -1.04186e-19)
(-0.0539396 -0.0213417 -8.00473e-21)
(-0.14287 -0.0446426 1.00303e-21)
(-0.247915 -0.0548873 1.14043e-20)
(-0.342578 -0.0451376 3.89804e-22)
(-0.398991 -0.0174224 -1.83671e-40)
(-0.399383 0.017519 1.61447e-37)
(-0.343624 0.0453504 2.0101e-36)
(-0.249292 0.0552614 1.1936e-20)
(-0.144202 0.0451239 -1.55325e-19)
(-0.0549504 0.0218138 1.25318e-19)
(0.00295073 -0.00333914 2.90988e-21)
(0.0285355 -0.0209296 -1.15338e-21)
(0.031349 -0.0274897 -6.54627e-20)
(0.0234997 -0.0249399 2.80564e-22)
(0.013481 -0.0171718 -1.76507e-21)
(0.00503298 -0.00764369 -4.14339e-22)
(-0.000328679 9.84709e-05 1.49467e-20)
(-0.00178362 0.00257698 -1.55907e-22)
(-0.000697374 0.000840352 7.34684e-40)
(8.6802e-06 -0.000134569 -1.51596e-22)
(8.6611e-06 0.000134013 -1.6473e-38)
(-0.0006971 -0.000841063 8.26519e-40)
(-0.00178212 -0.00257698 1.45345e-22)
(-0.000323247 -9.52886e-05 1.39328e-20)
(0.00503866 0.00764743 -2.89003e-22)
(0.0134776 0.0171707 -1.0704e-21)
(0.0234961 0.0249481 2.60468e-20)
(0.0314097 0.0275576 9.86384e-22)
(0.0287902 0.0211239 1.15585e-21)
(0.00354818 0.00369306 -2.90998e-21)
(-0.0539384 -0.0213421 2.76242e-21)
(-0.142869 -0.0446432 -1.56692e-19)
(-0.247918 -0.0548883 1.24398e-20)
(-0.342587 -0.0451381 4.77753e-20)
(-0.399012 -0.0174218 -4.7739e-21)
(-0.399419 0.0175229 -4.85816e-21)
(-0.343682 0.0453613 3.92452e-22)
(-0.249372 0.0552835 1.14101e-20)
(-0.144302 0.0451607 -3.76158e-37)
(-0.0550621 0.0218662 1.26984e-19)
(0.00284061 -0.00327439 9.98115e-20)
(0.028441 -0.0208609 -1.16526e-21)
(0.0312803 -0.027428 -6.68189e-20)
(0.0234594 -0.0248946 5.13872e-20)
(0.0134649 -0.0171472 4.45852e-23)
(0.00503172 -0.00763798 -4.17323e-22)
(-0.000325967 9.30119e-05 1.4657e-22)
(-0.00178056 0.00257132 -1.41288e-22)
(-0.000702138 0.000838973 8.16359e-23)
(1.21084e-05 -0.000133642 -4.01857e-22)
)
;
    }
    frontAndBack
    {
        type            empty;
    }
}


// ************************************************************************* //
