/*--------------------------------*- C++ -*----------------------------------*\
| =========                 |                                                 |
| \\      /  F ield         | OpenFOAM: The Open Source CFD Toolbox           |
|  \\    /   O peration     | Version:  5.x                                   |
|   \\  /    A nd           | Web:      www.OpenFOAM.org                      |
|    \\/     M anipulation  |                                                 |
\*---------------------------------------------------------------------------*/
FoamFile
{
    version     2.0;
    format      ascii;
    class       volScalarField;
    location    "0.005";
    object      p;
}
// * * * * * * * * * * * * * * * * * * * * * * * * * * * * * * * * * * * * * //

dimensions      [0 2 -2 0 0 0 0];

internalField   nonuniform List<scalar> 
7200
(
-0.000126109
0.0304466
0.0946734
0.0889241
0.246432
0.0419758
0.658327
-0.532744
2.25137
-3.52753
8.86971
-15.9722
30.5158
-41.9962
36.9988
0.000567052
0.033607
0.0983878
0.0995008
0.245433
0.0801304
0.605107
-0.353096
1.88968
-2.64165
7.04777
-12.3594
24.8854
-35.7628
34.2821
0.0013699
0.0362142
0.102586
0.107406
0.249406
0.103411
0.585292
-0.256235
1.71392
-2.17048
6.06986
-10.2523
21.3072
-31.3747
32.4046
0.00211604
0.0389066
0.106674
0.11536
0.253809
0.124794
0.57208
-0.178185
1.58802
-1.82191
5.37473
-8.71739
18.5965
-27.7919
30.7046
0.00285406
0.0418292
0.110845
0.123803
0.258616
0.146143
0.56223
-0.107908
1.48695
-1.53246
4.82079
-7.47513
16.3592
-24.6606
29.1343
0.00360635
0.0449517
0.115193
0.132601
0.264095
0.16714
0.55606
-0.0450243
1.40822
-1.29414
4.38718
-6.48114
14.545
-21.9465
27.7026
0.00437902
0.0482529
0.119755
0.1417
0.270301
0.187793
0.55323
0.0118106
1.34764
-1.09632
4.05028
-5.68822
13.0999
-19.6176
26.399
0.00517768
0.0517258
0.124558
0.151097
0.27724
0.208257
0.55326
0.06419
1.301
-0.928123
3.78664
-5.04684
11.9567
-17.6273
25.2103
0.00600819
0.0553653
0.129628
0.160797
0.284915
0.228666
0.555789
0.113321
1.26523
-0.781308
3.57872
-4.5179
11.0561
-15.9322
24.1258
0.00687584
0.0591675
0.13498
0.170805
0.29333
0.24913
0.560553
0.160109
1.23824
-0.649748
3.41362
-4.07178
10.348
-14.494
23.1362
0.0077851
0.063129
0.140628
0.181129
0.30248
0.269743
0.567354
0.205258
1.21854
-0.52889
3.28165
-3.68618
9.78951
-13.2777
22.233
0.00873947
0.0672471
0.14658
0.191777
0.312361
0.290584
0.576047
0.249324
1.2051
-0.415436
3.17548
-3.3447
9.34484
-12.2518
21.4087
0.00974146
0.071519
0.152842
0.202753
0.322967
0.311717
0.58652
0.29274
1.19718
-0.307097
3.0895
-3.03577
8.98425
-11.3876
20.6563
0.0107926
0.0759414
0.159415
0.214061
0.334286
0.333196
0.598684
0.335835
1.19419
-0.202379
3.01935
-2.75155
8.68375
-10.6596
19.9692
0.0118934
0.0805104
0.166296
0.2257
0.346304
0.355057
0.61246
0.378841
1.19564
-0.100411
2.96154
-2.48704
8.42437
-10.0448
19.3414
0.0130435
0.0852206
0.173477
0.237664
0.359
0.37732
0.627763
0.421898
1.20104
-0.000797517
2.9132
-2.23926
8.19157
-9.52317
18.767
0.0142415
0.0900652
0.18095
0.249943
0.372343
0.399987
0.644494
0.465058
1.20991
0.0965014
2.87192
-2.00663
7.97456
-9.07697
18.2406
0.0154853
0.0950356
0.188698
0.26252
0.386296
0.42304
0.662535
0.508288
1.2217
0.191293
2.83563
-1.78844
7.76574
-8.69103
17.7571
0.0167715
0.100121
0.196702
0.27537
0.400809
0.446435
0.681738
0.551478
1.23586
0.283204
2.80256
-1.58444
7.56008
-8.35239
17.3116
0.0180962
0.105308
0.204937
0.288459
0.41582
0.470107
0.701928
0.594456
1.25179
0.371752
2.77122
-1.39457
7.35461
-8.05019
16.8994
0.0194544
0.110581
0.213372
0.301747
0.431254
0.493968
0.722903
0.636993
1.26889
0.456438
2.74036
-1.2187
7.1479
-7.77548
16.5163
0.0208403
0.115921
0.221973
0.315185
0.447024
0.517908
0.744439
0.678824
1.28656
0.536811
2.70898
-1.05661
6.93967
-7.521
16.1583
0.022247
0.121308
0.230699
0.328713
0.463032
0.541799
0.766291
0.719659
1.30426
0.612417
2.67632
-0.907855
6.73038
-7.28105
15.8216
0.0236672
0.126718
0.239505
0.342267
0.479167
0.565498
0.788207
0.759219
1.32144
0.682917
2.64185
-0.771785
6.52098
-7.05119
15.5028
0.0250926
0.132124
0.248343
0.355775
0.495313
0.58885
0.809929
0.797199
1.33765
0.748065
2.60529
-0.647579
6.31266
-6.82817
15.1986
0.0265144
0.1375
0.257158
0.369157
0.511346
0.611697
0.831204
0.833336
1.3525
0.807721
2.5665
-0.534284
6.10663
-6.60963
14.9064
0.0279232
0.142815
0.265895
0.382334
0.52714
0.633878
0.85179
0.867391
1.36568
0.861844
2.52556
-0.430866
5.90404
-6.39403
14.6234
0.0293092
0.148038
0.274497
0.395221
0.542568
0.655237
0.871463
0.899161
1.37692
0.910494
2.48264
-0.336274
5.70588
-6.18041
14.3474
0.0306624
0.153138
0.282905
0.407734
0.557507
0.675625
0.890023
0.928484
1.38608
0.953813
2.43802
-0.249491
5.51291
-5.96831
14.0764
0.0319727
0.158082
0.29106
0.41979
0.571836
0.694905
0.907293
0.955241
1.39304
0.992012
2.39202
-0.169572
5.32567
-5.75763
13.8086
0.0332302
0.162839
0.298906
0.43131
0.585444
0.712955
0.923125
0.979352
1.39777
1.02535
2.34501
-0.0956806
5.14449
-5.54852
13.5426
0.0344251
0.167378
0.306387
0.442217
0.598229
0.729667
0.937401
1.00078
1.40027
1.05413
2.29733
-0.0271068
4.96949
-5.34131
13.277
0.0355479
0.17167
0.31345
0.452441
0.610098
0.744952
0.950027
1.01951
1.4006
1.07865
2.24931
0.0367267
4.80062
-5.13645
13.0109
0.0365899
0.175686
0.320047
0.461919
0.620971
0.758737
0.960939
1.03558
1.39881
1.09922
2.20121
0.0962646
4.6377
-4.93442
12.7435
0.0375429
0.179401
0.326135
0.470595
0.630779
0.770969
0.970093
1.04904
1.39502
1.11614
2.15327
0.151829
4.48045
-4.73573
12.474
0.0383992
0.182792
0.331672
0.478418
0.639465
0.781606
0.977467
1.05994
1.38931
1.12968
2.10564
0.203638
4.32853
-4.54086
12.2022
0.0391523
0.185837
0.336625
0.485348
0.646985
0.790624
0.983056
1.06836
1.3818
1.14008
2.05843
0.251819
4.18155
-4.35026
11.9276
0.0397963
0.18852
0.340964
0.491353
0.653303
0.798012
0.986867
1.07439
1.37257
1.14756
2.01169
0.296436
4.03914
-4.16435
11.6502
0.0403265
0.190825
0.344666
0.496406
0.658396
0.803769
0.988922
1.07811
1.36173
1.15231
1.96542
0.337506
3.90092
-3.98345
11.3698
0.0407388
0.19274
0.347711
0.50049
0.66225
0.807907
0.989249
1.07962
1.34934
1.15446
1.91957
0.375019
3.76654
-3.80786
11.0867
0.0410303
0.194256
0.350086
0.503593
0.664861
0.810443
0.987882
1.07901
1.33548
1.15416
1.87411
0.408956
3.6357
-3.6378
10.801
0.0411988
0.195368
0.351782
0.505712
0.666232
0.811403
0.984862
1.07635
1.3202
1.15152
1.82893
0.4393
3.50812
-3.47342
10.5128
0.0412434
0.196072
0.352796
0.50685
0.666372
0.81082
0.980235
1.07173
1.30357
1.14661
1.78396
0.466052
3.38357
-3.31483
10.2226
0.0411637
0.196368
0.35313
0.507014
0.6653
0.808733
0.974048
1.06523
1.28561
1.13953
1.73912
0.489232
3.26187
-3.16208
9.93066
0.0409604
0.19626
0.352788
0.50622
0.66304
0.805186
0.966353
1.05693
1.26639
1.13036
1.69433
0.50889
3.14287
-3.01515
9.63734
0.040635
0.195752
0.351782
0.504487
0.659621
0.800228
0.957207
1.04692
1.24595
1.11918
1.64953
0.525105
3.02646
-2.87399
9.34305
0.0401899
0.194853
0.350126
0.501841
0.655081
0.793914
0.946672
1.03528
1.22433
1.10607
1.60467
0.537986
2.91255
-2.73852
9.04819
0.0396283
0.193573
0.347839
0.498313
0.649462
0.786304
0.934812
1.02208
1.20159
1.09114
1.55975
0.547673
2.80108
-2.60857
8.75314
0.0389541
0.191926
0.344944
0.493938
0.642813
0.777465
0.921701
1.00744
1.17779
1.07448
1.51474
0.554332
2.69203
-2.48399
8.45828
0.0381722
0.189927
0.341467
0.488758
0.635186
0.767468
0.907416
0.991432
1.15302
1.05622
1.46969
0.558151
2.58536
-2.36458
8.16397
0.0372879
0.187594
0.337441
0.482819
0.626645
0.756392
0.892045
0.974178
1.12735
1.03649
1.42462
0.559339
2.48107
-2.25009
7.87052
0.0363076
0.184948
0.332899
0.476173
0.617253
0.744322
0.87568
0.955788
1.10088
1.01542
1.3796
0.558122
2.37916
-2.14028
7.57822
0.0352383
0.182013
0.327881
0.468876
0.607085
0.731349
0.858423
0.936383
1.07372
0.99318
1.33472
0.554737
2.27963
-2.03487
7.28733
0.0340876
0.178812
0.322429
0.460989
0.596219
0.717572
0.840382
0.916095
1.046
0.969927
1.29005
0.549431
2.18249
-1.93359
6.99807
0.0328641
0.175373
0.316589
0.452578
0.584739
0.703096
0.821675
0.895061
1.01783
0.945837
1.24572
0.542452
2.08775
-1.83613
6.71061
0.0315767
0.171726
0.310411
0.443714
0.572735
0.688031
0.802426
0.87343
0.989364
0.921095
1.20183
0.534055
1.9954
-1.7422
6.42508
0.0302352
0.167902
0.303947
0.434472
0.560303
0.672496
0.782766
0.851353
0.960748
0.895888
1.15851
0.524491
1.90547
-1.6515
6.14159
0.02885
0.163935
0.297254
0.42493
0.547543
0.656612
0.762834
0.828992
0.93214
0.870412
1.11589
0.514011
1.81796
-1.56373
5.86022
0.0274319
0.15986
0.29039
0.415173
0.53456
0.640507
0.742774
0.806513
0.903702
0.844866
1.07412
0.502861
1.73287
-1.47859
5.58102
0.0259926
0.155713
0.283416
0.405285
0.521464
0.624316
0.722736
0.784087
0.875607
0.81945
1.03333
0.491283
1.65022
-1.39579
5.30404
0.0245439
0.151532
0.276397
0.395356
0.508367
0.608174
0.702873
0.76189
0.848028
0.794369
0.993683
0.479515
1.57002
-1.31507
5.0293
0.0230984
0.147356
0.269397
0.385477
0.495385
0.592221
0.683343
0.740101
0.821145
0.769828
0.955325
0.46779
1.49231
-1.23617
4.75685
0.0216686
0.143226
0.262483
0.375743
0.482637
0.5766
0.664308
0.718903
0.795143
0.746038
0.918419
0.456337
1.41711
-1.15884
4.48675
0.0202678
0.139182
0.255724
0.366247
0.470243
0.561457
0.645932
0.69848
0.770208
0.723206
0.88313
0.445382
1.34449
-1.08287
4.21911
0.0189093
0.135265
0.249187
0.357086
0.458324
0.546937
0.628381
0.67902
0.746532
0.701546
0.849634
0.435151
1.27453
-1.00807
3.95407
0.0176063
0.131517
0.242942
0.348355
0.447001
0.533187
0.61182
0.660711
0.724309
0.681274
0.818113
0.42587
1.20733
-0.934251
3.69186
0.0163725
0.127979
0.237056
0.340149
0.436394
0.520352
0.596417
0.643742
0.703735
0.662608
0.788762
0.417767
1.14304
-0.861295
3.43282
0.015221
0.12469
0.231596
0.332563
0.426624
0.508578
0.582337
0.628303
0.685012
0.645772
0.761786
0.411074
1.08183
-0.789097
3.17739
0.0141649
0.12169
0.226629
0.325686
0.417806
0.498006
0.569746
0.614582
0.668341
0.630993
0.737404
0.406031
1.02393
-0.717597
2.92618
0.0132169
0.119017
0.222215
0.319608
0.410054
0.488775
0.558805
0.602767
0.653926
0.618503
0.715849
0.402886
0.969639
-0.646782
2.68
0.012389
0.116706
0.218416
0.314412
0.403476
0.481018
0.549671
0.593044
0.641972
0.60854
0.697369
0.401895
0.919286
-0.576692
2.43991
0.0116925
0.11479
0.215286
0.310176
0.398173
0.474862
0.542495
0.585592
0.632683
0.601343
0.682225
0.403329
0.873281
-0.507433
2.20725
0.0111375
0.113299
0.212876
0.306973
0.394239
0.470426
0.537421
0.580587
0.626261
0.597157
0.67069
0.407471
0.832101
-0.439184
1.98372
0.0107332
0.112259
0.211231
0.304867
0.39176
0.467819
0.534583
0.578196
0.622902
0.596227
0.663053
0.414617
0.796297
-0.372226
1.77149
0.0104869
0.111693
0.210388
0.303912
0.39081
0.467138
0.534103
0.578575
0.622797
0.598798
0.659609
0.425077
0.766505
-0.306982
1.57324
0.0104035
0.111615
0.210374
0.304149
0.391444
0.468457
0.536077
0.581854
0.626109
0.605088
0.66064
0.439139
0.743431
-0.244083
1.39231
0.0104855
0.112032
0.211204
0.305601
0.393695
0.471824
0.540569
0.588128
0.632956
0.615291
0.666372
0.457124
0.727716
-0.184198
1.23256
0.0107426
0.112977
0.212939
0.30836
0.39769
0.477413
0.547798
0.597691
0.643673
0.629906
0.677273
0.479848
0.720186
-0.127658
1.09858
0.0111976
0.114532
0.215735
0.312668
0.403775
0.485687
0.55839
0.611313
0.659324
0.64997
0.695225
0.507961
0.725114
-0.0787206
1.00067
0.0116618
0.11612
0.218633
0.31716
0.410211
0.494443
0.569916
0.62578
0.677368
0.670355
0.720093
0.530573
0.752886
-0.0625761
0.961214
-37.0822
41.9136
-30.5965
15.8935
-8.94687
3.45064
-2.32763
0.456162
-0.734817
-0.118578
-0.322918
-0.165293
-0.170796
-0.106192
-0.0751482
-0.0256818
0.0053569
0.069961
0.0644371
0.222064
0.0175936
0.633733
-0.557806
2.22576
-3.55328
8.84486
-15.9942
30.4968
-42.0076
36.9904
-34.3656
35.68
-24.9665
12.2803
-7.12515
2.56466
-1.96599
0.276532
-0.681597
-0.156731
-0.321935
-0.175892
-0.174547
-0.109427
-0.0760683
-0.0247514
0.00860217
0.0737194
0.0750399
0.221071
0.0557203
0.580441
-0.378243
1.86408
-2.66715
7.02359
-12.3805
24.868
-35.773
34.275
-32.4882
31.2917
-21.3887
10.1727
-6.14753
2.09331
-1.79032
0.17966
-0.661788
-0.180019
-0.32593
-0.183829
-0.178796
-0.112133
-0.0770801
-0.0237244
0.0113223
0.07798
0.082983
0.225056
0.0789729
0.560558
-0.281441
1.6884
-2.19558
6.04651
-10.2723
21.2913
-31.3837
32.3986
-30.7883
27.7088
-18.6783
8.63732
-5.45275
1.74451
-1.66455
0.101564
-0.648596
-0.20142
-0.330362
-0.191826
-0.182948
-0.11494
-0.0780165
-0.0227673
0.0141478
0.0821479
0.0909879
0.229479
0.100339
0.547301
-0.203388
1.5627
-1.84647
5.35234
-8.73606
18.5822
-27.7998
30.6992
-29.2181
24.5774
-16.4413
7.39462
-4.89918
1.45477
-1.56366
0.0312044
-0.63879
-0.222799
-0.335209
-0.200321
-0.187194
-0.117983
-0.0789207
-0.0218361
0.0172171
0.0864161
0.0994965
0.234321
0.121691
0.537452
-0.133023
1.46195
-1.55634
4.79947
-7.49251
16.3463
-24.6676
29.1295
-27.7864
21.8633
-14.6273
6.40021
-4.46595
1.21613
-1.48515
-0.0318008
-0.632687
-0.243844
-0.340739
-0.209183
-0.191628
-0.121228
-0.0798208
-0.020902
0.0204951
0.090879
0.108379
0.239856
0.142722
0.53134
-0.0699526
1.38367
-1.31721
4.367
-6.49723
14.5335
-21.9528
27.6982
-26.4828
19.5342
-13.1823
5.60694
-4.12941
1.01796
-1.42483
-0.088794
-0.629952
-0.264563
-0.34701
-0.218356
-0.196285
-0.124653
-0.0807307
-0.0199511
0.0239599
0.095572
0.11758
0.246141
0.163449
0.528636
-0.0128299
1.32366
-1.11849
4.03126
-5.70309
13.0895
-19.6232
26.3949
-25.2942
17.5439
-12.0392
4.96525
-3.86612
0.849413
-1.37846
-0.141365
-0.630104
-0.285113
-0.354028
-0.227839
-0.201192
-0.128251
-0.0816614
-0.0189715
0.0276053
0.100523
0.127101
0.253188
0.184033
0.528866
0.0399366
1.27769
-0.949332
3.76877
-5.06057
11.9473
-17.6325
25.2066
-24.2097
15.8488
-11.1386
4.43605
-3.65852
0.702245
-1.343
-0.190716
-0.632782
-0.30563
-0.361797
-0.237635
-0.206372
-0.132017
-0.0826227
-0.0179531
0.0314282
0.105758
0.136947
0.261005
0.204614
0.531671
0.0895471
1.24267
-0.801521
3.56196
-4.53059
11.0475
-15.937
24.1223
-23.22
14.4106
-10.4304
3.98971
-3.49372
0.570341
-1.31631
-0.237747
-0.63772
-0.326224
-0.370321
-0.247753
-0.211844
-0.13595
-0.0836226
-0.0168873
0.0354263
0.111294
0.147127
0.269597
0.225304
0.536785
0.136896
1.21649
-0.668957
3.39793
-4.08353
10.3401
-14.4985
23.1328
-22.3168
13.1943
-9.87194
3.60392
-3.36201
0.449153
-1.29692
-0.283156
-0.644718
-0.346986
-0.379598
-0.258199
-0.217621
-0.140047
-0.0846676
-0.0157674
0.0395984
0.117146
0.157652
0.278964
0.2462
0.544008
0.182673
1.19764
-0.547107
3.26695
-3.69708
9.78225
-13.282
22.2298
-21.4925
12.1683
-9.42722
3.26229
-3.25606
0.335389
-1.28378
-0.327492
-0.653625
-0.367995
-0.389622
-0.268981
-0.22371
-0.144306
-0.0857625
-0.0145879
0.0439432
0.123324
0.168528
0.289104
0.267378
0.553185
0.227421
1.18507
-0.432691
3.1617
-3.35485
9.3381
-12.2558
21.4057
-20.7401
11.3042
-9.06658
2.95322
-3.17028
0.226762
-1.27615
-0.371184
-0.664327
-0.389315
-0.400385
-0.280104
-0.230119
-0.148726
-0.086911
-0.0133448
0.0484596
0.129833
0.179764
0.300009
0.288902
0.564197
0.271558
1.17801
-0.32343
3.07657
-3.04524
8.97796
-11.3915
20.6534
-20.053
10.5762
-8.76602
2.66888
-3.1003
0.121778
-1.27344
-0.414557
-0.676731
-0.410995
-0.411877
-0.291571
-0.236847
-0.153304
-0.0881155
-0.0120354
0.0531454
0.136677
0.191362
0.311669
0.310819
0.576946
0.315398
1.17588
-0.217837
3.0072
-2.76041
8.67784
-10.6634
19.9664
-19.4251
9.96141
-8.50658
2.40427
-3.04264
0.0195662
-1.27516
-0.457838
-0.690754
-0.43307
-0.424082
-0.30338
-0.243893
-0.158037
-0.0893771
-0.0106583
0.0579975
0.143852
0.203322
0.324067
0.333161
0.591342
0.359162
1.17817
-0.115044
2.95011
-2.49536
8.41879
-10.0486
19.3386
-18.8507
9.43974
-8.27371
2.1564
-2.99443
-0.0802694
-1.28082
-0.501164
-0.706309
-0.455557
-0.436976
-0.315527
-0.25125
-0.162919
-0.090696
-0.00921327
0.0630112
0.151352
0.215638
0.337177
0.355942
0.60729
0.402978
1.18438
-0.0146585
2.90243
-2.24711
8.18626
-9.52684
18.7642
-18.3243
8.99353
-8.05665
1.9237
-2.95326
-0.17777
-1.28992
-0.544585
-0.723293
-0.478457
-0.450529
-0.328
-0.258908
-0.167945
-0.0920712
-0.00770126
0.06818
0.159168
0.228298
0.350969
0.379158
0.624684
0.446889
1.19403
0.0833618
2.86174
-2.01405
7.96948
-9.0806
18.2378
-17.8407
8.60756
-7.84778
1.70544
-2.91706
-0.272745
-1.30194
-0.588066
-0.741585
-0.501747
-0.4647
-0.34078
-0.266849
-0.173105
-0.0935006
-0.00612447
0.0734951
0.167281
0.241283
0.365398
0.402781
0.643394
0.490855
1.20656
0.178825
2.826
-1.79549
7.76085
-8.69464
17.7543
-17.3952
8.26889
-7.64208
1.50138
-2.88406
-0.364822
-1.3163
-0.631498
-0.761035
-0.525382
-0.479438
-0.353841
-0.275056
-0.17839
-0.0949811
-0.00448626
0.0789453
0.175673
0.254564
0.380412
0.426763
0.663267
0.534763
1.22142
0.27136
2.79342
-1.59117
7.55535
-8.356
17.3087
-16.983
7.96664
-7.43657
1.31145
-2.85279
-0.45352
-1.33242
-0.674705
-0.781469
-0.549297
-0.49468
-0.36715
-0.283501
-0.183784
-0.0965086
-0.00279119
0.0845165
0.184316
0.268108
0.395942
0.451033
0.684123
0.578435
1.23801
0.360487
2.76252
-1.40101
7.35
-8.05381
16.8965
-16.5999
7.69186
-7.22983
1.13553
-2.82198
-0.538342
-1.3497
-0.717462
-0.802682
-0.573399
-0.510349
-0.380665
-0.292154
-0.189272
-0.0980777
-0.00104495
0.0901921
0.193178
0.281869
0.411911
0.475497
0.705754
0.621641
1.25575
0.445708
2.73207
-1.2249
7.14338
-7.77911
16.5134
-16.2419
7.43731
-7.02158
0.973383
-2.79065
-0.618838
-1.36753
-0.759502
-0.824448
-0.597579
-0.526356
-0.394334
-0.300979
-0.194836
-0.0996823
0.000745653
0.0959522
0.202223
0.295795
0.428226
0.500041
0.727932
0.664114
1.27401
0.526576
2.70105
-1.0626
6.93522
-7.52466
16.1554
-15.9053
7.19726
-6.81228
0.824568
-2.75803
-0.694557
-1.38538
-0.800533
-0.846525
-0.621708
-0.542603
-0.408098
-0.309936
-0.200453
-0.101315
0.00257275
0.101775
0.211408
0.309824
0.444785
0.524532
0.750411
0.705561
1.29226
0.602638
2.66871
-0.913658
6.72598
-7.28473
15.8186
-15.5865
6.9673
-6.60289
0.688437
-2.72361
-0.76516
-1.4027
-0.840281
-0.868657
-0.64564
-0.558977
-0.42189
-0.318977
-0.206099
-0.102968
0.00442749
0.107634
0.220686
0.323888
0.461475
0.548824
0.772934
0.745707
1.30995
0.673557
2.63453
-0.777433
6.51662
-7.0549
15.4998
-15.2824
6.74414
-6.39458
0.564165
-2.68708
-0.830406
-1.41905
-0.878439
-0.890588
-0.669221
-0.575361
-0.435638
-0.328053
-0.211747
-0.104632
0.00630015
0.113502
0.230004
0.337912
0.478175
0.57276
0.795244
0.784243
1.32665
0.73909
2.59822
-0.653096
6.30833
-6.83191
15.1956
-14.9903
6.52547
-6.18859
0.450796
-2.64834
-0.890152
-1.43402
-0.914745
-0.912063
-0.692292
-0.591629
-0.449262
-0.337109
-0.217369
-0.106297
0.00818026
0.11935
0.239309
0.351816
0.494759
0.596178
0.817085
0.820908
1.34196
0.799097
2.55967
-0.539689
6.10231
-6.6134
14.9034
-14.7074
6.3097
-5.98604
0.347296
-2.60745
-0.944364
-1.44732
-0.948961
-0.932843
-0.714692
-0.607656
-0.462679
-0.346089
-0.222934
-0.107954
0.0100567
0.125145
0.24854
0.365514
0.511099
0.618917
0.838215
0.855463
1.35556
0.853542
2.51893
-0.436176
5.89974
-6.39782
14.6204
-14.4315
6.0959
-5.78794
0.252612
-2.56458
-0.993101
-1.45868
-0.980884
-0.952703
-0.736263
-0.623314
-0.475806
-0.354934
-0.228409
-0.109591
0.0119181
0.130856
0.25764
0.378921
0.527065
0.640818
0.85841
0.887706
1.3672
0.902486
2.4762
-0.341504
5.70158
-6.18422
14.3443
-14.1606
5.8836
-5.59504
0.165726
-2.52002
-1.03651
-1.46794
-1.01035
-0.971442
-0.756857
-0.638476
-0.488556
-0.363584
-0.233762
-0.111196
0.0137525
0.136447
0.266547
0.391952
0.542531
0.661732
0.87747
0.917476
1.37673
0.946074
2.43173
-0.254651
5.50861
-5.97213
14.0733
-13.893
5.67271
-5.40789
0.0856914
-2.47409
-1.0748
-1.47502
-1.03725
-0.988884
-0.776337
-0.653025
-0.500846
-0.37198
-0.23896
-0.11276
0.0155482
0.141886
0.2752
0.40452
0.557377
0.68152
0.895217
0.944654
1.38403
0.984519
2.38589
-0.17467
5.32138
-5.76146
13.8055
-13.6271
5.46338
-5.22682
0.0116727
-2.42716
-1.10823
-1.47985
-1.0615
-1.00488
-0.794579
-0.666847
-0.512595
-0.380064
-0.24397
-0.11427
0.0172934
0.147139
0.283541
0.416545
0.57149
0.700061
0.911505
0.969162
1.38907
1.01809
2.339
-0.100723
5.14021
-5.55235
13.5395
-13.3617
5.25594
-5.05193
-0.0570416
-2.37958
-1.13711
-1.48246
-1.08306
-1.01932
-0.811478
-0.67984
-0.523727
-0.387779
-0.24876
-0.115716
0.0189767
0.152173
0.291513
0.427949
0.584767
0.717246
0.926214
0.990962
1.39187
1.04707
2.29144
-0.0320976
4.96522
-5.34514
13.2739
-13.0958
5.05083
-4.8832
-0.121028
-2.33165
-1.16173
-1.48289
-1.10193
-1.0321
-0.826943
-0.691911
-0.53417
-0.395071
-0.253299
-0.117087
0.020587
0.156958
0.299062
0.43866
0.597114
0.732985
0.939253
1.01005
1.39247
1.07178
2.24353
0.0317856
4.79637
-5.14027
13.0078
-12.8285
4.84854
-4.72042
-0.180732
-2.28368
-1.18242
-1.48122
-1.11812
-1.04316
-0.840903
-0.702978
-0.543861
-0.401892
-0.257557
-0.118373
0.022114
0.161463
0.306139
0.448615
0.60845
0.747208
0.950557
1.02645
1.39094
1.09253
2.19554
0.0913724
4.63346
-4.93822
12.7404
-12.5592
4.64958
-4.56333
-0.236475
-2.23586
-1.19945
-1.47755
-1.1317
-1.05247
-0.853301
-0.712974
-0.552741
-0.408196
-0.261509
-0.119564
0.023548
0.165662
0.312696
0.457756
0.618706
0.759857
0.960083
1.04021
1.38739
1.10961
2.14769
0.146986
4.47623
-4.73951
12.471
-12.2875
4.45443
-4.41157
-0.288472
-2.18838
-1.21312
-1.47196
-1.14273
-1.05998
-0.8641
-0.72184
-0.560761
-0.413942
-0.26513
-0.120651
0.0248803
0.169531
0.318695
0.466032
0.627825
0.770895
0.967811
1.05141
1.3819
1.1233
2.10015
0.198845
4.32433
-4.54461
12.1991
-12.0132
4.26355
-4.26477
-0.336853
-2.14132
-1.22366
-1.46458
-1.15128
-1.06571
-0.873273
-0.729531
-0.567881
-0.419095
-0.268397
-0.121627
0.0261028
0.173047
0.3241
0.473403
0.635761
0.780297
0.973735
1.0601
1.3746
1.13385
2.05303
0.247079
4.17739
-4.35398
11.9245
-11.7359
4.07735
-4.12255
-0.381679
-2.09474
-1.23129
-1.45548
-1.15744
-1.06966
-0.88081
-0.736013
-0.574065
-0.423625
-0.271293
-0.122486
0.0272087
0.176191
0.32888
0.479835
0.642481
0.788052
0.977866
1.06639
1.36557
1.14147
2.00638
0.29175
4.03501
-4.16803
11.6471
-11.4558
3.89617
-3.98453
-0.422965
-2.04864
-1.23618
-1.44477
-1.16129
-1.07185
-0.88671
-0.741262
-0.579288
-0.427507
-0.273801
-0.12322
0.028192
0.178949
0.333011
0.485303
0.647961
0.79416
0.980224
1.07037
1.35491
1.14634
1.96019
0.332877
3.89683
-3.9871
11.3668
-11.1729
3.72029
-3.85037
-0.460702
-2.00298
-1.2385
-1.43252
-1.16293
-1.0723
-0.890985
-0.745264
-0.583532
-0.430722
-0.275908
-0.123825
0.0290481
0.181307
0.336473
0.489787
0.652188
0.798633
0.980838
1.07211
1.3427
1.14862
1.91443
0.370448
3.7625
-3.81146
11.0837
-10.8873
3.54994
-3.71974
-0.494866
-1.95771
-1.23836
-1.41881
-1.16245
-1.07107
-0.893652
-0.748014
-0.586786
-0.433256
-0.277605
-0.124297
0.029773
0.183255
0.339253
0.493277
0.655156
0.801489
0.979745
1.07172
1.32901
1.14845
1.86904
0.404446
3.6317
-3.64136
10.798
-10.5994
3.38528
-3.59238
-0.525442
-1.91273
-1.23588
-1.40368
-1.15992
-1.06817
-0.894738
-0.749516
-0.589045
-0.435099
-0.278885
-0.124633
0.030364
0.184787
0.341342
0.495769
0.656869
0.802755
0.976986
1.06927
1.3139
1.14592
1.82395
0.434852
3.50417
-3.47694
10.5099
-10.3093
3.22642
-3.46805
-0.552427
-1.86797
-1.23115
-1.3872
-1.15543
-1.06367
-0.894275
-0.749778
-0.590312
-0.436248
-0.279745
-0.124832
0.0308193
0.1859
0.342736
0.497266
0.657338
0.802464
0.972607
1.06485
1.29741
1.14112
1.77907
0.461668
3.37968
-3.3183
10.2197
-10.0175
3.07339
-3.34658
-0.575839
-1.82334
-1.22425
-1.36941
-1.14907
-1.0576
-0.892302
-0.74882
-0.590595
-0.436705
-0.280185
-0.124893
0.0311382
0.186593
0.343436
0.497776
0.65658
0.800656
0.966656
1.05855
1.27961
1.13416
1.73431
0.484913
3.25803
-3.1655
9.92779
-9.7244
2.92621
-3.2278
-0.595728
-1.77876
-1.21526
-1.35034
-1.1409
-1.05003
-0.888863
-0.746665
-0.589908
-0.436474
-0.280206
-0.124817
0.0313209
0.186868
0.343448
0.497314
0.654621
0.797375
0.959187
1.05043
1.26053
1.1251
1.6896
0.504636
3.13908
-3.01853
9.6345
-9.43028
2.7848
-3.1116
-0.612169
-1.73416
-1.20426
-1.33005
-1.13102
-1.041
-0.884007
-0.743344
-0.588273
-0.435567
-0.279814
-0.124604
0.0313687
0.186731
0.342783
0.4959
0.651492
0.792671
0.950257
1.0406
1.24023
1.11402
1.64488
0.520917
3.02272
-2.87733
9.34023
-9.13557
2.64909
-2.99791
-0.625271
-1.68952
-1.19133
-1.30859
-1.1195
-1.03057
-0.87779
-0.738893
-0.585714
-0.433998
-0.279017
-0.124258
0.0312834
0.186189
0.341455
0.49356
0.647228
0.786599
0.939927
1.02912
1.21874
1.10102
1.60011
0.533863
2.90886
-2.74181
9.0454
-8.84067
2.51893
-2.88665
-0.635171
-1.6448
-1.17657
-1.28601
-1.10644
-1.01882
-0.87027
-0.733355
-0.582263
-0.431786
-0.277827
-0.123781
0.0310681
0.185253
0.339482
0.490325
0.641873
0.779221
0.928264
1.01609
1.19613
1.08619
1.55526
0.543615
2.79744
-2.61182
8.75037
-8.54595
2.39414
-2.7778
-0.642032
-1.59999
-1.16009
-1.26237
-1.09191
-1.00581
-0.861516
-0.726779
-0.577956
-0.428956
-0.276257
-0.123179
0.0307265
0.183936
0.336889
0.48623
0.635475
0.770603
0.915341
1.0016
1.17246
1.06963
1.51033
0.550337
2.68844
-2.4872
8.45553
-8.25176
2.27454
-2.67132
-0.646042
-1.55513
-1.14199
-1.23774
-1.07603
-0.991625
-0.851598
-0.71922
-0.572834
-0.425534
-0.274324
-0.122457
0.0302633
0.182253
0.333701
0.481318
0.62809
0.760817
0.901236
0.98574
1.14781
1.05147
1.46536
0.554218
2.58182
-2.36774
8.16124
-7.95842
2.15989
-2.56722
-0.647409
-1.51025
-1.12241
-1.21221
-1.05889
-0.976348
-0.840596
-0.710738
-0.566946
-0.421553
-0.272045
-0.121621
0.0296839
0.180223
0.329951
0.475636
0.619778
0.749943
0.886036
0.968629
1.12225
1.03182
1.42036
0.555467
2.47758
-2.25322
7.86781
-7.66623
2.04993
-2.46548
-0.646357
-1.46541
-1.1015
-1.18588
-1.04061
-0.960073
-0.828594
-0.701401
-0.560344
-0.417048
-0.269444
-0.120678
0.0289945
0.177866
0.325674
0.469234
0.610606
0.738065
0.869835
0.950374
1.09589
1.01085
1.37542
0.554309
2.37571
-2.14337
7.57554
-7.37544
1.9444
-2.36611
-0.643121
-1.42069
-1.07939
-1.15886
-1.02131
-0.9429
-0.815686
-0.691281
-0.553084
-0.41206
-0.266543
-0.119637
0.0282021
0.175205
0.320907
0.462169
0.600647
0.725275
0.852733
0.9311
1.06884
0.988691
1.3306
0.550981
2.27623
-2.03793
7.28467
-7.08625
1.84302
-2.26911
-0.637945
-1.37618
-1.05627
-1.13125
-1.00112
-0.92494
-0.801969
-0.680459
-0.545229
-0.406632
-0.26337
-0.118507
0.0273144
0.172266
0.315695
0.454503
0.589979
0.711673
0.834842
0.910937
1.04122
0.965521
1.28601
0.545728
2.17913
-1.93661
6.99543
-6.79885
1.74548
-2.1745
-0.63108
-1.33198
-1.0323
-1.1032
-0.980175
-0.906309
-0.787548
-0.66902
-0.536846
-0.400812
-0.259954
-0.117298
0.0263399
0.169075
0.310083
0.446302
0.578688
0.697362
0.816277
0.890023
1.01315
0.941511
1.24173
0.538802
2.08443
-1.83912
6.70798
-6.51338
1.6515
-2.08227
-0.622777
-1.28822
-1.00766
-1.07484
-0.958629
-0.887131
-0.772537
-0.657054
-0.528007
-0.394652
-0.256324
-0.116021
0.0252877
0.165662
0.304121
0.437637
0.566863
0.682455
0.797163
0.868504
0.984778
0.916845
1.19791
0.530455
1.99212
-1.74516
6.42247
-6.22993
1.56077
-1.99244
-0.613288
-1.24501
-0.98255
-1.04632
-0.936633
-0.86754
-0.757052
-0.644659
-0.51879
-0.388204
-0.252515
-0.114686
0.0241677
0.162058
0.297862
0.428583
0.554601
0.667069
0.777632
0.846536
0.956252
0.891712
1.15464
0.520939
1.90223
-1.65443
6.139
-5.94858
1.473
-1.90501
-0.602862
-1.20249
-0.957156
-1.0178
-0.914346
-0.847673
-0.741217
-0.631936
-0.509273
-0.381528
-0.248562
-0.113308
0.0229902
0.158297
0.291362
0.41922
0.542002
0.651327
0.757822
0.824278
0.927729
0.866306
1.11209
0.510505
1.81475
-1.56663
5.85765
-5.66939
1.38788
-1.81999
-0.591746
-1.1608
-0.931678
-0.989445
-0.891936
-0.827675
-0.725162
-0.618991
-0.499541
-0.374683
-0.2445
-0.111897
0.0217665
0.154415
0.28468
0.40963
0.529171
0.635357
0.737878
0.801897
0.899372
0.840826
1.07037
0.499398
1.7297
-1.48146
5.57847
-5.3924
1.30514
-1.73739
-0.580182
-1.12008
-0.906318
-0.961421
-0.869573
-0.807697
-0.70902
-0.605935
-0.489683
-0.367732
-0.240369
-0.110468
0.0205082
0.150447
0.277878
0.3999
0.516218
0.619292
0.717949
0.779563
0.871354
0.815473
1.02963
0.487861
1.64708
-1.39864
5.3015
-5.11764
1.22449
-1.65722
-0.568407
-1.08048
-0.88128
-0.933905
-0.847436
-0.787893
-0.692929
-0.592882
-0.479788
-0.36074
-0.236208
-0.109033
0.0192274
0.146433
0.27102
0.390119
0.503256
0.603269
0.698189
0.757454
0.843847
0.790451
0.990031
0.476131
1.56691
-1.3179
5.02677
-4.84515
1.14569
-1.57952
-0.556655
-1.04216
-0.856772
-0.907079
-0.825702
-0.768423
-0.67703
-0.579949
-0.46995
-0.353775
-0.232058
-0.107608
0.0179367
0.142411
0.26417
0.380379
0.490402
0.587428
0.678757
0.735747
0.817033
0.765967
0.951718
0.464442
1.48922
-1.23897
4.75434
-4.57501
1.06849
-1.50433
-0.545156
-1.00528
-0.833002
-0.881125
-0.804557
-0.749448
-0.661467
-0.567255
-0.460263
-0.346905
-0.22796
-0.106206
0.0166491
0.138421
0.257397
0.370774
0.477773
0.571913
0.659814
0.714627
0.791095
0.742229
0.914854
0.453023
1.41405
-1.16163
4.48425
-4.3073
0.992665
-1.4317
-0.534137
-0.970002
-0.810181
-0.856234
-0.784185
-0.731133
-0.646386
-0.554923
-0.450823
-0.340198
-0.223956
-0.104842
0.0153779
0.134505
0.250767
0.3614
0.46549
0.556869
0.641524
0.694277
0.766221
0.719447
0.879605
0.442099
1.34146
-1.08564
4.21662
-4.04218
0.918027
-1.3617
-0.523824
-0.936504
-0.788522
-0.832596
-0.764775
-0.713646
-0.631934
-0.543073
-0.441728
-0.333724
-0.220089
-0.103529
0.0141367
0.130704
0.244351
0.352351
0.453674
0.542441
0.624052
0.674885
0.742602
0.697833
0.846146
0.431897
1.27152
-1.01081
3.9516
-3.77988
0.844404
-1.29446
-0.514446
-0.904971
-0.768244
-0.810408
-0.746515
-0.697153
-0.618258
-0.531828
-0.433072
-0.327553
-0.216399
-0.102283
0.0129392
0.127059
0.238218
0.343724
0.442448
0.528777
0.607567
0.656639
0.720431
0.677603
0.814659
0.422643
1.20434
-0.936981
3.6894
-3.52072
0.771659
-1.23011
-0.506231
-0.875597
-0.749566
-0.789867
-0.729598
-0.681822
-0.605505
-0.52131
-0.424953
-0.321752
-0.212929
-0.101116
0.0117991
0.123613
0.232434
0.335614
0.431932
0.516023
0.592234
0.63973
0.699907
0.658977
0.785339
0.414564
1.14007
-0.86401
3.43037
-3.26516
0.69969
-1.16883
-0.499415
-0.848591
-0.732712
-0.771175
-0.714212
-0.66782
-0.59382
-0.511637
-0.417464
-0.31639
-0.209718
-0.100042
0.0107301
0.120404
0.227069
0.328116
0.422245
0.504323
0.57822
0.624345
0.681229
0.642177
0.758392
0.407894
1.07887
-0.791798
3.17495
-3.01381
0.628436
-1.11085
-0.494238
-0.824173
-0.717913
-0.754536
-0.700547
-0.655313
-0.583346
-0.502926
-0.410695
-0.31153
-0.206806
-0.0990736
0.00974557
0.117474
0.222186
0.32132
0.413504
0.49382
0.565689
0.610675
0.664599
0.627431
0.734036
0.402871
1.021
-0.720286
2.92375
-2.76749
0.557879
-1.05647
-0.490951
-0.802578
-0.705401
-0.740154
-0.688794
-0.644461
-0.57422
-0.495291
-0.404736
-0.307237
-0.20423
-0.0982231
0.0088586
0.114859
0.217851
0.315317
0.405824
0.484652
0.554803
0.598907
0.650222
0.614972
0.712505
0.399744
0.966715
-0.649461
2.67758
-2.52722
0.48806
-1.00601
-0.489813
-0.784054
-0.695416
-0.728236
-0.679136
-0.635423
-0.566577
-0.488839
-0.399669
-0.303567
-0.202025
-0.0975014
0.00808176
0.112598
0.214123
0.310189
0.399311
0.476954
0.54572
0.589226
0.638303
0.605035
0.694045
0.398769
0.916374
-0.579362
2.43749
-2.29438
0.419078
-0.959899
-0.491096
-0.768865
-0.6882
-0.718986
-0.671755
-0.628351
-0.560544
-0.483672
-0.395572
-0.300577
-0.200223
-0.0969186
0.00742689
0.110723
0.211057
0.306016
0.394068
0.470852
0.53859
0.581813
0.629045
0.597862
0.678919
0.400216
0.870379
-0.510095
2.20484
-2.07065
0.351113
-0.918603
-0.495086
-0.757288
-0.683998
-0.712609
-0.666828
-0.623387
-0.556237
-0.479882
-0.392516
-0.298315
-0.198854
-0.0964836
0.00690496
0.109265
0.208706
0.30287
0.39019
0.466465
0.533559
0.576842
0.62265
0.593697
0.6674
0.404369
0.829207
-0.441841
1.98132
-1.8582
0.28444
-0.882676
-0.502083
-0.74961
-0.683058
-0.709301
-0.664521
-0.620666
-0.553767
-0.477554
-0.390565
-0.296825
-0.197941
-0.0962039
0.00652584
0.108252
0.207114
0.300816
0.387763
0.463904
0.530759
0.574482
0.619315
0.592785
0.659775
0.411524
0.793409
-0.374878
1.76909
-1.65971
0.21948
-0.852756
-0.512397
-0.746129
-0.685625
-0.709254
-0.664991
-0.620309
-0.553229
-0.476761
-0.389771
-0.296144
-0.197507
-0.0960856
0.00629808
0.107707
0.206322
0.299911
0.38686
0.463264
0.530313
0.574888
0.61923
0.59537
0.65634
0.42199
0.763622
-0.309631
1.57084
-1.47851
0.15686
-0.829547
-0.526322
-0.747131
-0.691921
-0.71263
-0.668367
-0.622412
-0.554696
-0.477556
-0.390174
-0.296297
-0.197565
-0.0961324
0.00622806
0.107647
0.206356
0.300195
0.387538
0.46462
0.532317
0.57819
0.622559
0.601672
0.657379
0.436057
0.74055
-0.24673
1.38991
-1.31848
0.0972459
-0.813693
-0.544178
-0.752841
-0.702138
-0.71955
-0.674745
-0.627039
-0.558215
-0.479972
-0.391796
-0.297298
-0.198122
-0.0963456
0.00631995
0.108083
0.207233
0.301692
0.38983
0.468021
0.536836
0.584483
0.629419
0.611883
0.663115
0.454043
0.724836
-0.186844
1.23017
-1.18419
0.0409699
-0.806017
-0.566785
-0.76373
-0.716778
-0.730351
-0.684421
-0.634408
-0.563959
-0.484137
-0.394731
-0.299211
-0.199216
-0.0967365
0.00658669
0.109051
0.209017
0.304496
0.393865
0.473639
0.544088
0.594063
0.640146
0.626503
0.674018
0.476767
0.717304
-0.130305
1.09619
-1.08592
-0.00770793
-0.810785
-0.594795
-0.781681
-0.736884
-0.7461
-0.698168
-0.645153
-0.5724
-0.490401
-0.399223
-0.302196
-0.200938
-0.0973358
0.00705656
0.110641
0.211868
0.308852
0.399989
0.481942
0.5547
0.607697
0.655803
0.646569
0.691969
0.504877
0.72223
-0.0813708
0.998283
-1.04608
-0.0236404
-0.838378
-0.61735
-0.806545
-0.757332
-0.764241
-0.712763
-0.656824
-0.581316
-0.497006
-0.403894
-0.305279
-0.2027
-0.0979441
0.00754365
0.11228
0.214824
0.313391
0.40646
0.490724
0.566242
0.622173
0.673851
0.666953
0.716834
0.527484
0.749997
-0.0652297
0.958823
-37.0813
41.9124
-30.5942
15.8952
-8.94452
3.45278
-2.32575
0.457784
-0.733376
-0.117232
-0.321627
-0.164037
-0.169572
-0.104999
-0.0739868
-0.0245512
0.00645716
0.0710314
0.0654782
0.223072
0.018559
0.634618
-0.557052
2.22632
-3.55292
8.84525
-15.9939
30.4987
-42.0074
36.9964
-34.3654
35.6788
-24.9648
12.282
-7.12287
2.56684
-1.96404
0.278217
-0.680113
-0.155361
-0.32063
-0.174627
-0.173317
-0.108232
-0.0749059
-0.0236221
0.0096989
0.0747837
0.0760716
0.222064
0.056661
0.581287
-0.377544
1.86458
-2.6668
7.024
-12.3799
24.8699
-35.7721
34.2812
-32.4885
31.2903
-21.3873
10.1744
-6.14533
2.09552
-1.78831
0.181417
-0.660251
-0.178616
-0.324606
-0.182553
-0.177559
-0.110934
-0.0759165
-0.0225968
0.0124143
0.0790362
0.0840021
0.22603
0.079882
0.561355
-0.280805
1.68885
-2.19525
6.04696
-10.2715
21.2934
-31.382
32.4047
-30.7887
27.7072
-18.6775
8.63878
-5.45065
1.74672
-1.66248
0.103392
-0.647001
-0.199979
-0.329015
-0.190536
-0.181703
-0.113735
-0.0768518
-0.0216417
0.0152345
0.0831948
0.0919925
0.23043
0.101212
0.548047
-0.202812
1.5631
-1.84613
5.35288
-8.73509
18.5845
-27.7975
30.7051
-29.2187
24.5757
-16.4408
7.39587
-4.89723
1.45695
-1.56156
0.033095
-0.637137
-0.221318
-0.333836
-0.199016
-0.18594
-0.116774
-0.0777549
-0.0207127
0.018298
0.0874531
0.100486
0.235248
0.122527
0.538148
-0.132499
1.46232
-1.55595
4.80013
-7.49129
16.3488
-24.6649
29.1351
-27.7871
21.8615
-14.6272
6.40123
-4.46418
1.21824
-1.48303
-0.0298629
-0.630981
-0.242322
-0.339341
-0.207862
-0.190365
-0.120015
-0.0786541
-0.0197811
0.0215701
0.0919059
0.109352
0.240758
0.143522
0.53199
-0.069468
1.38404
-1.31676
4.36782
-6.49575
14.5362
-21.9497
27.7036
-26.4836
19.5325
-13.1825
5.6077
-4.12785
1.01996
-1.42274
-0.0868281
-0.628202
-0.263002
-0.345586
-0.21702
-0.195013
-0.123436
-0.0795632
-0.0188326
0.0250289
0.0965887
0.118537
0.247019
0.164215
0.529249
-0.0123673
1.32406
-1.11794
4.03225
-5.70136
13.0924
-19.6199
26.4
-25.295
17.5422
-12.0396
4.96577
-3.86478
0.851274
-1.37642
-0.139393
-0.628321
-0.283519
-0.352578
-0.226487
-0.199912
-0.127029
-0.0804934
-0.0178557
0.0286683
0.10153
0.128042
0.254042
0.184769
0.529452
0.0403958
1.27813
-0.948658
3.76995
-5.0586
11.9503
-17.629
25.2115
-24.2106
15.8472
-11.1392
4.43635
-3.6574
0.703948
-1.34104
-0.18876
-0.63098
-0.304009
-0.360326
-0.23627
-0.205084
-0.130792
-0.0814545
-0.0168401
0.0324853
0.106755
0.137873
0.261838
0.205325
0.532242
0.0900219
1.24319
-0.800708
3.56334
-4.52841
11.0507
-15.9335
24.127
-23.221
14.409
-10.4311
3.98983
-3.49281
0.571871
-1.31446
-0.235829
-0.635915
-0.324583
-0.368832
-0.246375
-0.210549
-0.134722
-0.0824547
-0.0157773
0.0364777
0.112282
0.14804
0.270413
0.226
0.537354
0.137405
1.2171
-0.667994
3.39948
-4.08118
10.3433
-14.495
23.1373
-22.318
13.1928
-9.87272
3.60388
-3.3613
0.450506
-1.29519
-0.281297
-0.642926
-0.345337
-0.378094
-0.256811
-0.21632
-0.138817
-0.0835003
-0.0146603
0.0406443
0.118125
0.158553
0.279766
0.246886
0.544588
0.183234
1.19835
-0.545992
3.26867
-3.69459
9.78545
-13.2784
22.2342
-21.4937
12.1669
-9.42806
3.26212
-3.25553
0.336567
-1.28219
-0.32571
-0.651861
-0.366347
-0.388111
-0.267586
-0.222406
-0.143075
-0.0845963
-0.0134839
0.044984
0.124296
0.16942
0.289898
0.268065
0.55379
0.228048
1.18589
-0.431427
3.16357
-3.35226
9.3413
-12.2523
21.4099
-20.7414
11.3028
-9.06745
2.95295
-3.16991
0.22777
-1.2747
-0.369494
-0.662607
-0.38768
-0.398874
-0.278705
-0.228812
-0.147495
-0.0857465
-0.012244
0.0494957
0.130799
0.180649
0.3008
0.289598
0.564839
0.272261
1.17895
-0.322026
3.07856
-3.04258
8.98115
-11.3881
20.6574
-20.0544
10.5748
-8.76691
2.66853
-3.10007
0.122629
-1.27213
-0.412968
-0.675068
-0.409384
-0.410373
-0.290173
-0.235541
-0.152074
-0.0869534
-0.0109379
0.0541775
0.137638
0.192244
0.312462
0.311533
0.577635
0.316187
1.17694
-0.216307
3.00929
-2.75771
8.68099
-10.66
19.9703
-19.4266
9.9601
-8.50749
2.40386
-3.04252
0.0202732
-1.27399
-0.456358
-0.689159
-0.431493
-0.422591
-0.301988
-0.24259
-0.15681
-0.0882181
-0.00956409
0.0590263
0.144811
0.204204
0.324868
0.333901
0.592085
0.360039
1.17934
-0.113403
2.95228
-2.49264
8.4219
-10.0452
19.3424
-18.8523
9.43845
-8.27464
2.15595
-2.99441
-0.0796917
-1.27978
-0.499796
-0.70479
-0.454024
-0.435506
-0.314145
-0.249953
-0.161697
-0.089541
-0.00812245
0.0640374
0.15231
0.216523
0.337992
0.356715
0.608095
0.403946
1.18566
-0.0129219
2.90465
-2.24438
8.18931
-9.5235
18.7679
-18.3259
8.99225
-8.05758
1.9232
-2.95332
-0.177308
-1.28901
-0.54333
-0.721857
-0.476975
-0.449087
-0.326633
-0.257619
-0.166729
-0.0909209
-0.00661394
0.0692043
0.160126
0.22919
0.351802
0.379969
0.625553
0.447945
1.1954
0.0851778
2.86401
-2.01133
7.97248
-9.07731
18.2415
-17.8425
8.60628
-7.84872
1.70491
-2.91718
-0.272384
-1.30114
-0.586921
-0.740236
-0.500323
-0.463293
-0.339433
-0.265573
-0.171897
-0.092356
-0.00504075
0.0745182
0.168243
0.242184
0.366255
0.403635
0.64433
0.491996
1.20802
0.180706
2.82829
-1.79279
7.76379
-8.6914
17.7579
-17.397
8.2676
-7.64304
1.50083
-2.88425
-0.364549
-1.31561
-0.630459
-0.759775
-0.524022
-0.478072
-0.352519
-0.273795
-0.177191
-0.0938432
-0.00340627
0.079968
0.176639
0.255479
0.381294
0.427663
0.66427
0.535982
1.22295
0.273291
2.79572
-1.58849
7.55824
-8.35279
17.3123
-16.9849
7.96533
-7.43754
1.31087
-2.85302
-0.453325
-1.33183
-0.673768
-0.780296
-0.548002
-0.493358
-0.365856
-0.282258
-0.182598
-0.0953782
-0.00171507
0.0855395
0.185288
0.269037
0.396854
0.451981
0.685189
0.579726
1.23961
0.362456
2.76483
-1.39836
7.35284
-8.05064
16.9
-16.602
7.69053
-7.23082
1.13493
-2.82226
-0.538216
-1.3492
-0.71662
-0.801596
-0.572174
-0.509076
-0.379403
-0.290932
-0.1881
-0.0969558
2.71139e-05
0.0912159
0.194158
0.282816
0.412854
0.476493
0.706882
0.622996
1.2574
0.447706
2.73437
-1.22228
7.14617
-7.77597
16.5169
-16.2441
7.43594
-7.02259
0.972763
-2.79096
-0.618773
-1.36711
-0.758747
-0.823446
-0.596423
-0.525135
-0.393107
-0.299781
-0.193678
-0.0985699
0.00181344
0.0969774
0.203212
0.296761
0.429201
0.501083
0.729117
0.665525
1.2757
0.528592
2.70334
-1.06001
6.93796
-7.52155
16.1588
-15.9075
7.19585
-6.81332
0.823924
-2.75838
-0.694547
-1.38503
-0.799861
-0.845603
-0.620621
-0.541434
-0.406909
-0.308763
-0.199312
-0.100213
0.003636
0.102801
0.212406
0.31081
0.445793
0.525619
0.751647
0.707022
1.29399
0.604666
2.67099
-0.911109
6.72868
-7.28164
15.8221
-15.5888
6.96584
-6.60396
0.687767
-2.72399
-0.765199
-1.40241
-0.839685
-0.867812
-0.644621
-0.557862
-0.420741
-0.317832
-0.204977
-0.101877
0.00548589
0.108663
0.221694
0.324895
0.462515
0.549953
0.774217
0.747208
1.31171
0.675589
2.6368
-0.774917
6.51929
-7.05183
15.5032
-15.2848
6.74264
-6.39569
0.563467
-2.68749
-0.83049
-1.41882
-0.877913
-0.889815
-0.668269
-0.574301
-0.43453
-0.326937
-0.210645
-0.103553
0.00735336
0.114533
0.231023
0.338939
0.479246
0.573928
0.796568
0.78578
1.32843
0.741123
2.60048
-0.65061
6.31097
-6.82884
15.1991
-14.9927
6.52391
-6.18973
0.450067
-2.64879
-0.89028
-1.43385
-0.914284
-0.911359
-0.691403
-0.590624
-0.448196
-0.336024
-0.216288
-0.105232
0.00922789
0.120383
0.240337
0.352862
0.495859
0.597381
0.818445
0.822473
1.34375
0.801128
2.56191
-0.537231
6.10494
-6.61034
14.9068
-14.7099
6.30809
-5.98723
0.346533
-2.60792
-0.944532
-1.44719
-0.94856
-0.932203
-0.713865
-0.606704
-0.461656
-0.345035
-0.221875
-0.106902
0.0110984
0.12618
0.249579
0.366579
0.512226
0.620152
0.839606
0.857052
1.35736
0.855567
2.52115
-0.433742
5.90235
-6.39476
14.6238
-14.4341
6.09424
-5.78917
0.251813
-2.56509
-0.993308
-1.4586
-0.98054
-0.952123
-0.735495
-0.622413
-0.474824
-0.353912
-0.227373
-0.108553
0.0129532
0.131891
0.258688
0.380004
0.528217
0.642082
0.859828
0.889314
1.36901
0.904504
2.4784
-0.339089
5.70418
-6.18116
14.3478
-14.1632
5.88189
-5.59631
0.164887
-2.52056
-1.03675
-1.46792
-1.01006
-0.970919
-0.756145
-0.637627
-0.487617
-0.362595
-0.232749
-0.110173
0.0147808
0.137484
0.267604
0.393051
0.543706
0.66302
0.87891
0.919098
1.37854
0.948085
2.43392
-0.252251
5.51121
-5.96907
14.0768
-13.8956
5.67095
-5.40921
0.0848121
-2.47467
-1.07508
-1.47503
-1.03701
-0.988415
-0.775679
-0.652225
-0.499949
-0.371024
-0.237971
-0.111752
0.016569
0.142923
0.276265
0.405634
0.558572
0.682831
0.896676
0.946287
1.38584
0.986522
2.38806
-0.172281
5.32398
-5.75839
13.809
-13.6298
5.46157
-5.22818
0.010751
-2.42778
-1.10855
-1.47991
-1.0613
-1.00447
-0.793973
-0.666095
-0.511739
-0.37914
-0.243005
-0.113278
0.0183063
0.148175
0.284613
0.417673
0.572703
0.70139
0.912979
0.970803
1.39089
1.02008
2.34117
-0.0983419
5.14281
-5.54928
13.5429
-13.3644
5.25409
-5.05334
-0.0580064
-2.38023
-1.13746
-1.48256
-1.08291
-1.01895
-0.81092
-0.679133
-0.52291
-0.386887
-0.247818
-0.11474
0.0199811
0.153209
0.292591
0.429088
0.585994
0.71859
0.927701
0.992609
1.39369
1.04906
2.2936
-0.0297201
4.96783
-5.34206
13.2774
-13.0985
5.04894
-4.88465
-0.122037
-2.33235
-1.16213
-1.48303
-1.10182
-1.03178
-0.826432
-0.691248
-0.533392
-0.394211
-0.252381
-0.116127
0.0215825
0.157991
0.300145
0.43981
0.598354
0.734343
0.94075
1.0117
1.39428
1.07376
2.24568
0.0341622
4.79898
-5.13719
13.0113
-12.8312
4.84661
-4.72191
-0.181783
-2.28441
-1.18285
-1.4814
-1.11806
-1.04288
-0.840436
-0.702358
-0.543121
-0.401063
-0.256664
-0.11743
0.0231001
0.162494
0.307224
0.449773
0.609701
0.748576
0.952062
1.02811
1.39275
1.09451
2.19769
0.0937505
4.63609
-4.93514
12.7438
-12.5619
4.64761
-4.56486
-0.237568
-2.23663
-1.19992
-1.47776
-1.13168
-1.05223
-0.852877
-0.712394
-0.552037
-0.407398
-0.26064
-0.118637
0.0245243
0.16669
0.313785
0.45892
0.619966
0.761234
0.961595
1.04187
1.3892
1.11159
2.14984
0.149368
4.47887
-4.73642
12.4744
-12.2903
4.45244
-4.41314
-0.289606
-2.18918
-1.21363
-1.47221
-1.14274
-1.05978
-0.863716
-0.721299
-0.560093
-0.413174
-0.264284
-0.119742
0.0258462
0.170555
0.319785
0.467202
0.629092
0.772279
0.969327
1.05307
1.38372
1.12528
2.10231
0.201232
4.32698
-4.54152
12.2025
-12.0159
4.26154
-4.26637
-0.338026
-2.14216
-1.2242
-1.46486
-1.15133
-1.06555
-0.872928
-0.729028
-0.567247
-0.418357
-0.267575
-0.120735
0.027058
0.174066
0.32519
0.474577
0.637035
0.781687
0.975256
1.06177
1.37641
1.13583
2.05519
0.249472
4.18004
-4.3509
11.9279
-11.7386
4.07532
-4.12418
-0.382888
-2.09562
-1.23187
-1.4558
-1.15752
-1.06954
-0.880503
-0.735546
-0.573464
-0.422915
-0.270494
-0.12161
0.028153
0.177205
0.329969
0.481012
0.643759
0.789446
0.97939
1.06806
1.36739
1.14345
2.00854
0.294149
4.03767
-4.16495
11.6505
-11.4585
3.89412
-3.98619
-0.424208
-2.04956
-1.2368
-1.44513
-1.16142
-1.07176
-0.88644
-0.74083
-0.57872
-0.426825
-0.273024
-0.122361
0.0291251
0.179957
0.334098
0.486481
0.649243
0.795558
0.98175
1.07203
1.35673
1.14832
1.96235
0.335282
3.8995
-3.98402
11.3702
-11.1755
3.71823
-3.85204
-0.461975
-2.00393
-1.23915
-1.43292
-1.16309
-1.07225
-0.890749
-0.744866
-0.582995
-0.430067
-0.275153
-0.122983
0.0299696
0.182308
0.337558
0.490966
0.653472
0.800034
0.982367
1.07378
1.34452
1.15061
1.9166
0.37286
3.76517
-3.8084
11.0871
-10.8899
3.54788
-3.72143
-0.496168
-1.95869
-1.23905
-1.41924
-1.16264
-1.07105
-0.89345
-0.747649
-0.586279
-0.432627
-0.276872
-0.123472
0.0306828
0.184249
0.340335
0.494456
0.656441
0.802891
0.981276
1.07339
1.33083
1.15044
1.87122
0.406863
3.63438
-3.6383
10.8014
-10.602
3.38321
-3.59408
-0.526768
-1.91374
-1.2366
-1.40414
-1.16014
-1.06819
-0.894568
-0.749181
-0.588567
-0.434496
-0.278174
-0.123825
0.0312619
0.185774
0.342421
0.496947
0.658155
0.804159
0.978519
1.07094
1.31572
1.14791
1.82614
0.437274
3.50685
-3.47389
10.5132
-10.3119
3.22435
-3.46977
-0.553774
-1.86901
-1.2319
-1.38769
-1.15569
-1.06372
-0.894137
-0.749474
-0.589861
-0.43567
-0.279055
-0.124041
0.0317053
0.186879
0.34381
0.498442
0.658624
0.80387
0.974142
1.06653
1.29924
1.14312
1.78126
0.464093
3.38236
-3.31527
10.223
-10.0201
3.07132
-3.3483
-0.577205
-1.8244
-1.22503
-1.36993
-1.14935
-1.05768
-0.892194
-0.748545
-0.590171
-0.436151
-0.279514
-0.124118
0.0320122
0.187564
0.344506
0.498951
0.657867
0.802062
0.968193
1.06022
1.28144
1.13616
1.73651
0.48734
3.26071
-3.16248
9.93108
-9.72694
2.92414
-3.22952
-0.597109
-1.77984
-1.21606
-1.35089
-1.14122
-1.05013
-0.888784
-0.746418
-0.589511
-0.435943
-0.279555
-0.124057
0.032183
0.187831
0.344513
0.498486
0.655907
0.798782
0.960725
1.05211
1.26237
1.1271
1.6918
0.507064
3.14176
-3.01553
9.63777
-9.43279
2.78274
-3.11333
-0.613564
-1.73526
-1.20508
-1.33063
-1.13136
-1.04113
-0.883956
-0.743123
-0.5879
-0.435059
-0.279183
-0.123861
0.0322188
0.187685
0.343843
0.497069
0.652776
0.794079
0.951797
1.04228
1.24206
1.11603
1.64709
0.523345
3.02539
-2.87434
9.34349
-9.13806
2.64703
-2.99964
-0.626677
-1.69063
-1.19218
-1.30919
-1.11987
-1.03073
-0.877764
-0.738698
-0.585365
-0.433511
-0.278405
-0.12353
0.0321216
0.187134
0.342509
0.494726
0.648511
0.788007
0.941468
1.0308
1.22058
1.10303
1.60231
0.536291
2.91153
-2.73883
9.04863
-8.84313
2.51687
-2.88838
-0.636585
-1.64593
-1.17744
-1.28663
-1.10683
-1.01901
-0.87027
-0.733185
-0.581937
-0.43132
-0.277233
-0.123068
0.0318946
0.18619
0.34053
0.491487
0.643155
0.780629
0.929806
1.01778
1.19797
1.0882
1.55747
0.54604
2.80011
-2.60886
8.75359
-8.54839
2.3921
-2.77953
-0.643453
-1.60114
-1.16097
-1.26301
-1.09233
-1.00602
-0.86154
-0.726632
-0.577652
-0.42851
-0.275681
-0.122481
0.0315415
0.184864
0.337931
0.487389
0.636755
0.772011
0.916884
1.00328
1.17431
1.07165
1.51254
0.552759
2.69109
-2.48426
8.45874
-8.25418
2.27251
-2.67305
-0.647468
-1.55628
-1.14289
-1.2384
-1.07646
-0.991859
-0.851645
-0.719095
-0.572552
-0.425107
-0.273764
-0.121772
0.0310669
0.183173
0.334738
0.482474
0.629368
0.762225
0.90278
0.98743
1.14965
1.05349
1.46756
0.556636
2.58447
-2.36482
8.16442
-7.96082
2.15786
-2.56894
-0.648839
-1.51141
-1.12332
-1.21289
-1.05934
-0.976603
-0.840664
-0.710634
-0.566685
-0.421145
-0.271502
-0.12095
0.0304764
0.181135
0.330982
0.476787
0.621054
0.75135
0.88758
0.97032
1.1241
1.03384
1.42257
0.557881
2.48022
-2.25031
7.87098
-7.66861
2.04791
-2.4672
-0.647789
-1.46658
-1.10242
-1.18658
-1.04108
-0.960347
-0.828683
-0.701317
-0.560101
-0.416658
-0.268916
-0.120021
0.029776
0.178769
0.326698
0.470381
0.61188
0.739471
0.871379
0.952067
1.09775
1.01287
1.37763
0.556718
2.37835
-2.14047
7.57869
-7.3778
1.94239
-2.36782
-0.644554
-1.42186
-1.08033
-1.15956
-1.0218
-0.943193
-0.815793
-0.691216
-0.552859
-0.411687
-0.266031
-0.118993
0.028973
0.1761
0.321925
0.463312
0.601918
0.72668
0.854278
0.932793
1.07069
0.990711
1.33281
0.553385
2.27885
-2.03505
7.28781
-7.08859
1.84102
-2.27082
-0.639379
-1.37736
-1.05721
-1.13197
-1.00162
-0.925249
-0.802094
-0.680412
-0.545021
-0.406275
-0.262873
-0.117875
0.0280749
0.173152
0.316707
0.455642
0.591248
0.713076
0.836386
0.912629
1.04307
0.96754
1.28821
0.548128
2.18175
-1.93374
6.99855
-6.80117
1.74349
-2.1762
-0.632514
-1.33317
-1.03325
-1.10393
-0.980696
-0.906633
-0.78769
-0.668989
-0.536655
-0.400471
-0.25947
-0.116678
0.0270903
0.169953
0.311089
0.447436
0.579954
0.698764
0.81782
0.891715
1.015
0.943529
1.24393
0.541196
2.08704
-1.83627
6.71109
-6.51568
1.64952
-2.08397
-0.62421
-1.28941
-1.00862
-1.07558
-0.959162
-0.88747
-0.772693
-0.657039
-0.527832
-0.394324
-0.255853
-0.115412
0.0260284
0.166532
0.305121
0.438767
0.568126
0.683855
0.798705
0.870195
0.986627
0.918861
1.2001
0.532843
1.99472
-1.74232
6.42556
-6.23221
1.5588
-1.99413
-0.614719
-1.2462
-0.983514
-1.04707
-0.937177
-0.867892
-0.757222
-0.644658
-0.518628
-0.38789
-0.252057
-0.114089
0.0248989
0.162921
0.298855
0.429708
0.55586
0.668466
0.779172
0.848226
0.958099
0.893726
1.15684
0.523321
1.90482
-1.6516
6.14208
-5.95085
1.47103
-1.90669
-0.604292
-1.20368
-0.958124
-1.01856
-0.9149
-0.848036
-0.7414
-0.631949
-0.509124
-0.381227
-0.248115
-0.112721
0.0237124
0.159153
0.29235
0.42034
0.543258
0.652721
0.75936
0.825966
0.929574
0.868317
1.11427
0.512881
1.81733
-1.56381
5.86071
-5.67165
1.38592
-1.82167
-0.593174
-1.16199
-0.93265
-0.990208
-0.892499
-0.828049
-0.725357
-0.619016
-0.499405
-0.374394
-0.244065
-0.11132
0.02248
0.155263
0.285662
0.410746
0.530423
0.636748
0.739414
0.803583
0.901215
0.842834
1.07255
0.501768
1.73227
-1.47865
5.58152
-5.39464
1.30319
-1.73906
-0.581607
-1.12128
-0.907293
-0.962189
-0.870144
-0.80808
-0.709226
-0.605971
-0.489558
-0.367454
-0.239944
-0.109901
0.0212132
0.151288
0.278854
0.401011
0.517466
0.62068
0.719482
0.781247
0.873193
0.817477
1.03181
0.490226
1.64965
-1.39585
5.30454
-5.11986
1.22255
-1.65889
-0.56983
-1.08168
-0.882258
-0.934678
-0.848013
-0.788285
-0.693144
-0.592928
-0.479674
-0.360473
-0.235793
-0.108475
0.0199243
0.147267
0.271989
0.391225
0.5045
0.604654
0.699719
0.759134
0.845684
0.792452
0.992205
0.47849
1.56947
-1.31512
5.0298
-4.84736
1.14376
-1.58119
-0.558075
-1.04336
-0.857751
-0.907855
-0.826285
-0.768821
-0.677254
-0.580004
-0.469845
-0.353517
-0.231652
-0.107059
0.0186259
0.143238
0.265134
0.38148
0.491641
0.58881
0.680283
0.737424
0.818866
0.767964
0.953887
0.466795
1.49178
-1.2362
4.75736
-4.5772
1.06657
-1.50599
-0.546572
-1.00647
-0.833982
-0.881904
-0.805144
-0.749853
-0.661698
-0.567319
-0.460167
-0.346655
-0.227562
-0.105665
0.0173309
0.139241
0.258354
0.37187
0.479008
0.57329
0.661337
0.7163
0.792924
0.744221
0.917018
0.45537
1.4166
-1.15886
4.48726
-4.30948
0.990752
-1.43335
-0.535549
-0.971192
-0.811161
-0.857015
-0.784776
-0.731544
-0.646623
-0.554994
-0.450735
-0.339956
-0.223566
-0.104308
0.0160528
0.135319
0.251719
0.36249
0.46672
0.558242
0.643042
0.695946
0.768046
0.721434
0.881764
0.444441
1.344
-1.08288
4.21962
-4.04435
0.916122
-1.36335
-0.525233
-0.937692
-0.789503
-0.833379
-0.765369
-0.714061
-0.632177
-0.54315
-0.441646
-0.33349
-0.219706
-0.103003
0.0148049
0.131512
0.245298
0.353436
0.4549
0.543809
0.625567
0.67655
0.744422
0.699816
0.8483
0.434233
1.27406
-1.00807
3.95459
-3.78204
0.842507
-1.2961
-0.515851
-0.906156
-0.769223
-0.811191
-0.747112
-0.697571
-0.618505
-0.531911
-0.432997
-0.327324
-0.216023
-0.101762
0.0136011
0.127861
0.239158
0.344803
0.443669
0.53014
0.609076
0.658299
0.722247
0.679581
0.816808
0.424973
1.20687
-0.934242
3.69238
-3.52287
0.76977
-1.23174
-0.507632
-0.87678
-0.750543
-0.79065
-0.730195
-0.682243
-0.605756
-0.521397
-0.424883
-0.321529
-0.212558
-0.100601
0.0124551
0.124408
0.233369
0.336688
0.433147
0.517381
0.593738
0.641384
0.701717
0.66095
0.787482
0.416888
1.14259
-0.861279
3.43334
-3.26731
0.697808
-1.17045
-0.500811
-0.849771
-0.733688
-0.771958
-0.71481
-0.668242
-0.594073
-0.511727
-0.417397
-0.316172
-0.209353
-0.0995329
0.0113805
0.121194
0.227998
0.329185
0.423455
0.505675
0.579718
0.625994
0.683033
0.644144
0.760529
0.410212
1.08139
-0.789075
3.17791
-3.01595
0.62656
-1.11247
-0.49563
-0.825349
-0.718886
-0.755316
-0.701145
-0.655735
-0.5836
-0.50302
-0.410633
-0.311317
-0.206446
-0.0985697
0.0103907
0.118258
0.22311
0.322384
0.414709
0.495167
0.567182
0.612318
0.666398
0.629392
0.736167
0.405183
1.0235
-0.71757
2.9267
-2.76961
0.556011
-1.05808
-0.492337
-0.803749
-0.706371
-0.740932
-0.68939
-0.644884
-0.574476
-0.495387
-0.404676
-0.307026
-0.203874
-0.0977236
0.00949884
0.115639
0.21877
0.316374
0.407022
0.485993
0.55629
0.600544
0.652015
0.616926
0.71463
0.402049
0.969216
-0.646752
2.68053
-2.52935
0.486197
-1.00762
-0.491194
-0.785221
-0.696382
-0.729011
-0.67973
-0.635845
-0.566833
-0.488936
-0.399611
-0.30336
-0.201672
-0.097006
0.00871745
0.113372
0.215036
0.311241
0.400503
0.478289
0.5472
0.590856
0.640088
0.606983
0.696163
0.401067
0.918868
-0.57666
2.44044
-2.29649
0.417221
-0.961503
-0.492472
-0.770027
-0.689162
-0.719758
-0.672347
-0.62877
-0.560798
-0.483768
-0.395515
-0.300372
-0.199873
-0.0964268
0.00805838
0.111492
0.211965
0.307062
0.395254
0.47218
0.540064
0.583436
0.630823
0.599803
0.68103
0.402508
0.872867
-0.507399
2.20777
-2.07276
0.349262
-0.920201
-0.496457
-0.758445
-0.684955
-0.713377
-0.667416
-0.623804
-0.556491
-0.479978
-0.39246
-0.298111
-0.198506
-0.0959948
0.0075326
0.11003
0.209609
0.30391
0.39137
0.467787
0.535025
0.578459
0.624421
0.59563
0.669504
0.406654
0.831689
-0.43915
1.98425
-1.8603
0.282594
-0.884269
-0.503448
-0.750761
-0.68401
-0.710064
-0.665105
-0.621079
-0.554018
-0.477648
-0.390508
-0.296622
-0.197595
-0.0957178
0.00714998
0.109013
0.208012
0.301851
0.388936
0.465218
0.532218
0.576091
0.621079
0.594711
0.661871
0.413802
0.795884
-0.372194
1.77201
-1.66181
0.217639
-0.854343
-0.513756
-0.747274
-0.686571
-0.710011
-0.66557
-0.620719
-0.553476
-0.476853
-0.389713
-0.295941
-0.197162
-0.0956016
0.00691907
0.108464
0.207215
0.300941
0.388028
0.464572
0.531765
0.576489
0.620986
0.597288
0.658429
0.424261
0.76609
-0.306952
1.57376
-1.48061
0.155024
-0.831129
-0.527674
-0.74827
-0.69286
-0.713381
-0.66894
-0.622817
-0.55494
-0.477646
-0.390115
-0.296094
-0.19722
-0.0956501
0.00684626
0.1084
0.207244
0.301219
0.388699
0.465921
0.533762
0.579783
0.624306
0.603582
0.65946
0.43832
0.743012
-0.244057
1.39282
-1.32058
0.0954153
-0.81527
-0.545524
-0.753972
-0.70307
-0.720295
-0.675312
-0.627439
-0.558454
-0.480059
-0.391735
-0.297094
-0.197778
-0.0958647
0.00693573
0.108832
0.208116
0.30271
0.390984
0.469314
0.538273
0.586068
0.631157
0.613784
0.665188
0.456299
0.727291
-0.184177
1.23307
-1.18629
0.0391433
-0.807588
-0.568125
-0.764854
-0.717703
-0.731088
-0.684981
-0.634802
-0.564194
-0.48422
-0.394666
-0.299004
-0.198872
-0.0962565
0.00720044
0.109797
0.209896
0.305509
0.395013
0.474926
0.545517
0.595639
0.641876
0.628395
0.676082
0.479015
0.719752
-0.127643
1.0991
-1.08801
-0.00953107
-0.812351
-0.596129
-0.782798
-0.737802
-0.74683
-0.698723
-0.64554
-0.57263
-0.49048
-0.399156
-0.301988
-0.200593
-0.0968562
0.00766868
0.111385
0.212743
0.30986
0.401131
0.483222
0.556121
0.609265
0.657525
0.648452
0.694025
0.507117
0.724671
-0.0787138
1.00118
-1.04817
-0.0254606
-0.839939
-0.618677
-0.807655
-0.758242
-0.764965
-0.713311
-0.657206
-0.581541
-0.49708
-0.403823
-0.305069
-0.202354
-0.0974647
0.00815453
0.113022
0.215696
0.314395
0.407597
0.491998
0.567656
0.623734
0.675565
0.668829
0.718882
0.529717
0.752431
-0.0625775
0.96172
-37.0757
41.9282
-30.5758
15.918
-8.92018
3.4776
-2.30139
0.481447
-0.710201
-0.0942737
-0.298681
-0.140998
-0.146366
-0.0815436
-0.0501166
-34.3605
35.6928
-24.9473
12.3038
-7.09899
2.59151
-1.93963
0.301988
-0.656864
-0.132376
-0.297689
-0.151609
-0.150139
-0.0848143
-0.0511123
-32.4842
31.3027
-21.3712
10.1951
-6.12209
2.11993
-1.76389
0.205279
-0.636926
-0.155604
-0.301676
-0.159566
-0.154424
-0.0875761
-0.0522319
-30.7847
27.7181
-18.6626
8.65829
-5.42821
1.77072
-1.63817
0.127297
-0.623618
-0.176947
-0.306103
-0.167592
-0.158626
-0.0904581
-0.0532998
-29.2149
24.5854
-16.4271
7.41414
-4.8757
1.4804
-1.53746
0.0569733
-0.613726
-0.198278
-0.310954
-0.176128
-0.162938
-0.0935964
-0.0543502
-27.7834
21.8702
-14.6147
6.41827
-4.44365
1.24102
-1.45928
-0.00609504
-0.607589
-0.219298
-0.316501
-0.185045
-0.167454
-0.0969533
-0.0554057
-26.48
19.5404
-13.171
5.62357
-4.10836
1.04197
-1.39943
-0.063261
-0.604884
-0.240024
-0.322808
-0.194288
-0.172208
-0.100505
-0.0564785
-25.2915
17.5494
-12.0289
4.98055
-3.84633
0.872446
-1.35367
-0.116117
-0.605141
-0.260623
-0.329885
-0.203858
-0.177229
-0.104245
-0.0575804
-24.2071
15.8539
-11.1293
4.45012
-3.63999
0.724236
-1.31892
-0.165864
-0.608005
-0.281239
-0.337744
-0.213763
-0.182542
-0.108169
-0.0587225
-23.2176
14.4152
-10.4219
4.00267
-3.47638
0.591256
-1.29303
-0.21339
-0.613212
-0.301986
-0.346391
-0.224013
-0.188164
-0.112274
-0.0599143
-22.3145
13.1986
-9.86412
3.61589
-3.3458
0.46899
-1.27451
-0.259384
-0.62056
-0.322962
-0.35583
-0.234617
-0.194112
-0.11656
-0.0611637
-21.4903
12.1725
-9.41998
3.27338
-3.24091
0.354168
-1.26227
-0.304378
-0.629895
-0.344246
-0.366058
-0.245586
-0.200395
-0.121025
-0.0624773
-20.7379
11.3081
-9.05983
2.96353
-3.1561
0.244519
-1.25556
-0.348785
-0.641092
-0.365899
-0.377069
-0.256927
-0.207019
-0.125669
-0.0638597
-20.0508
10.5799
-8.75968
2.6785
-3.08701
0.138563
-1.25377
-0.392912
-0.654051
-0.38797
-0.388853
-0.268643
-0.213987
-0.13049
-0.0653144
-19.423
9.96502
-8.50061
2.41328
-3.03016
0.0354333
-1.25639
-0.436972
-0.668677
-0.410486
-0.401393
-0.280735
-0.221298
-0.135485
-0.0668435
-18.8486
9.44324
-8.26805
2.16488
-2.98269
-0.0652619
-1.26293
-0.481088
-0.684871
-0.433461
-0.414664
-0.293197
-0.228945
-0.14065
-0.0684475
-18.3222
8.99693
-8.05126
1.93169
-2.94219
-0.163565
-1.27287
-0.525298
-0.70252
-0.456887
-0.428631
-0.306017
-0.236917
-0.145979
-0.0701258
-17.8387
8.61088
-7.84262
1.713
-2.9066
-0.259285
-1.28569
-0.569557
-0.721493
-0.480733
-0.443251
-0.319173
-0.245198
-0.151462
-0.0718762
-17.3932
8.27214
-7.63712
1.50857
-2.87416
-0.352054
-1.30082
-0.61375
-0.741632
-0.504949
-0.458468
-0.332639
-0.253768
-0.157088
-0.0736955
-16.9811
7.96984
-7.43179
1.31829
-2.84339
-0.441394
-1.31767
-0.657697
-0.762753
-0.52946
-0.474212
-0.346378
-0.262599
-0.162843
-0.0755789
-16.598
7.69501
-7.2252
1.14208
-2.81305
-0.52681
-1.33563
-0.701167
-0.784647
-0.55417
-0.490404
-0.360345
-0.271659
-0.16871
-0.0775204
-16.2401
7.44041
-7.01707
0.979668
-2.78213
-0.607858
-1.35411
-0.743892
-0.807083
-0.578962
-0.506949
-0.374484
-0.280909
-0.174669
-0.0795127
-15.9034
7.20031
-6.80789
0.830617
-2.74989
-0.684086
-1.37256
-0.78558
-0.829814
-0.603701
-0.523743
-0.388734
-0.290307
-0.180697
-0.0815474
-15.5847
6.97031
-6.5986
0.694275
-2.71582
-0.755161
-1.39045
-0.825955
-0.852583
-0.628239
-0.540671
-0.403024
-0.299804
-0.186766
-0.0836149
-15.2807
6.74711
-6.39039
0.569815
-2.6796
-0.820842
-1.40733
-0.86471
-0.875131
-0.652419
-0.55761
-0.417278
-0.309346
-0.19285
-0.0857048
-14.9886
6.52839
-6.18448
0.456275
-2.64115
-0.880992
-1.42281
-0.901583
-0.897202
-0.676077
-0.574434
-0.431414
-0.318878
-0.198916
-0.0878056
-14.7057
6.31257
-5.98202
0.35262
-2.60051
-0.935577
-1.43657
-0.936338
-0.918555
-0.699051
-0.591011
-0.445346
-0.328341
-0.204932
-0.0899052
-14.4299
6.09873
-5.78399
0.257795
-2.55789
-0.984658
-1.44838
-0.968773
-0.938966
-0.721182
-0.607212
-0.458986
-0.337672
-0.210864
-0.0919911
-14.159
5.88638
-5.59117
0.170776
-2.51354
-1.02838
-1.45806
-0.998727
-0.958234
-0.74232
-0.622911
-0.472249
-0.346811
-0.216678
-0.0940504
-13.8914
5.67544
-5.40409
0.0906183
-2.46782
-1.06697
-1.46551
-1.02608
-0.976183
-0.762326
-0.637984
-0.485047
-0.355695
-0.222337
-0.09607
-13.6256
5.46606
-5.22309
0.0164823
-2.42108
-1.10068
-1.47071
-1.05076
-0.992666
-0.781078
-0.65232
-0.497297
-0.364265
-0.227809
-0.0980369
-13.3602
5.25857
-5.04828
-0.0523441
-2.37367
-1.12981
-1.47366
-1.07273
-1.00756
-0.798468
-0.665813
-0.508922
-0.372462
-0.233058
-0.0999385
-13.0943
5.0534
-4.87962
-0.116439
-2.32591
-1.15468
-1.47441
-1.09199
-1.02079
-0.814406
-0.678371
-0.51985
-0.380231
-0.238052
-0.101763
-12.827
4.85106
-4.71691
-0.176248
-2.27809
-1.17559
-1.47304
-1.10856
-1.03227
-0.828821
-0.68991
-0.530014
-0.387521
-0.242761
-0.103497
-12.5578
4.65205
-4.55989
-0.232093
-2.23043
-1.19284
-1.46965
-1.12248
-1.04197
-0.841656
-0.700363
-0.539356
-0.394286
-0.247157
-0.105132
-12.2861
4.45685
-4.40821
-0.284191
-2.18309
-1.20671
-1.46433
-1.13384
-1.04987
-0.852873
-0.709671
-0.547827
-0.400485
-0.251213
-0.106657
-12.0118
4.26592
-4.26149
-0.33267
-2.13617
-1.21744
-1.45719
-1.1427
-1.05596
-0.862448
-0.717789
-0.555383
-0.40608
-0.254908
-0.108063
-11.7346
4.07967
-4.11934
-0.377592
-2.08972
-1.22524
-1.44834
-1.14915
-1.06025
-0.87037
-0.724683
-0.561992
-0.411041
-0.258221
-0.109343
-11.4545
3.89844
-3.98139
-0.418974
-2.04375
-1.23031
-1.43785
-1.15328
-1.06277
-0.876638
-0.730328
-0.567626
-0.415342
-0.261136
-0.110488
-11.1716
3.72251
-3.8473
-0.456803
-1.99822
-1.2328
-1.42582
-1.15519
-1.06354
-0.881265
-0.734711
-0.572267
-0.418964
-0.26364
-0.111495
-10.886
3.55211
-3.71674
-0.491058
-1.95306
-1.23282
-1.41231
-1.15496
-1.0626
-0.884269
-0.737827
-0.575904
-0.421893
-0.265722
-0.112358
-10.5981
3.38741
-3.58944
-0.521722
-1.9082
-1.23049
-1.39738
-1.15267
-1.05999
-0.885676
-0.739679
-0.578533
-0.424118
-0.267376
-0.113074
-10.3081
3.2285
-3.46518
-0.548793
-1.86355
-1.22591
-1.38108
-1.14841
-1.05576
-0.885521
-0.740279
-0.580155
-0.425637
-0.268597
-0.113641
-10.0163
3.07544
-3.34377
-0.572289
-1.81903
-1.21915
-1.36347
-1.14227
-1.04995
-0.883841
-0.739643
-0.58078
-0.42645
-0.269385
-0.114058
-9.72318
2.92821
-3.22505
-0.592258
-1.77455
-1.21029
-1.34457
-1.13431
-1.04262
-0.880682
-0.737797
-0.580423
-0.426563
-0.269743
-0.114326
-9.42907
2.78677
-3.10891
-0.608777
-1.73006
-1.19942
-1.32445
-1.12463
-1.03383
-0.876094
-0.734772
-0.579103
-0.425986
-0.269676
-0.114446
-9.13438
2.65102
-2.99527
-0.621954
-1.68551
-1.18661
-1.30314
-1.1133
-1.02362
-0.870131
-0.730604
-0.576846
-0.424734
-0.269192
-0.11442
-8.83949
2.52082
-2.88407
-0.631925
-1.64088
-1.17197
-1.2807
-1.10041
-1.01208
-0.862856
-0.725336
-0.573685
-0.422827
-0.268302
-0.114253
-8.54478
2.39601
-2.77527
-0.638855
-1.59617
-1.1556
-1.2572
-1.08606
-0.999279
-0.854333
-0.719018
-0.569655
-0.420288
-0.26702
-0.113947
-8.2506
2.27637
-2.66884
-0.642931
-1.55139
-1.13761
-1.23271
-1.07034
-0.985287
-0.844636
-0.711705
-0.5648
-0.417146
-0.265364
-0.11351
-7.95728
2.16169
-2.56478
-0.64436
-1.50659
-1.11814
-1.20731
-1.05335
-0.970193
-0.833845
-0.703458
-0.559165
-0.413433
-0.263352
-0.112948
-7.6651
2.05171
-2.46308
-0.643367
-1.46183
-1.09732
-1.1811
-1.03522
-0.954092
-0.822044
-0.694344
-0.552805
-0.409184
-0.261005
-0.112268
-7.37432
1.94615
-2.36375
-0.640186
-1.41718
-1.07531
-1.15419
-1.01606
-0.937085
-0.809326
-0.684437
-0.545776
-0.40444
-0.25835
-0.111479
-7.08514
1.84475
-2.26679
-0.635063
-1.37274
-1.05227
-1.1267
-0.996
-0.919282
-0.795789
-0.673818
-0.538141
-0.399246
-0.255412
-0.110591
-6.79775
1.74719
-2.17222
-0.628248
-1.32861
-1.02839
-1.09875
-0.975185
-0.9008
-0.781541
-0.662571
-0.529968
-0.393648
-0.25222
-0.109614
-6.51228
1.65319
-2.08002
-0.619991
-1.28491
-1.00383
-1.07049
-0.953759
-0.881764
-0.766692
-0.650788
-0.521329
-0.387699
-0.248806
-0.108558
-6.22884
1.56244
-1.99022
-0.610545
-1.24176
-0.978789
-1.04206
-0.931874
-0.862305
-0.751361
-0.638566
-0.512301
-0.381452
-0.245203
-0.107436
-5.9475
1.47465
-1.90282
-0.60016
-1.19929
-0.953464
-1.01363
-0.909694
-0.842564
-0.735672
-0.626006
-0.502964
-0.374967
-0.241448
-0.106261
-5.66832
1.38951
-1.81782
-0.589081
-1.15765
-0.928051
-0.98535
-0.887383
-0.822685
-0.719754
-0.613216
-0.493403
-0.368303
-0.237576
-0.105045
-5.39133
1.30676
-1.73525
-0.577552
-1.11698
-0.902751
-0.957402
-0.865113
-0.802817
-0.703741
-0.600305
-0.483705
-0.361524
-0.233627
-0.103802
-5.11657
1.2261
-1.6551
-0.565809
-1.07742
-0.87777
-0.929957
-0.843063
-0.783117
-0.687771
-0.587389
-0.473963
-0.354695
-0.22964
-0.102545
-4.84409
1.14729
-1.57743
-0.554086
-1.03914
-0.853313
-0.903196
-0.82141
-0.763744
-0.671985
-0.574584
-0.464268
-0.347883
-0.225657
-0.10129
-4.57395
1.07007
-1.50225
-0.542613
-1.0023
-0.829591
-0.877303
-0.800339
-0.744859
-0.656528
-0.562011
-0.454716
-0.341156
-0.221719
-0.100051
-4.30624
0.994241
-1.42963
-0.531618
-0.967051
-0.806813
-0.852467
-0.780037
-0.726628
-0.641545
-0.54979
-0.445402
-0.334585
-0.217867
-0.0988414
-4.04112
0.919595
-1.35965
-0.521327
-0.933582
-0.785194
-0.828881
-0.76069
-0.709217
-0.627184
-0.538044
-0.436424
-0.328238
-0.214146
-0.0976765
-3.77882
0.845965
-1.29242
-0.511967
-0.902075
-0.764951
-0.806738
-0.742488
-0.692794
-0.613591
-0.526895
-0.427878
-0.322185
-0.210595
-0.0965704
-3.51967
0.773215
-1.22808
-0.503769
-0.872725
-0.746304
-0.786238
-0.725622
-0.677526
-0.600913
-0.516464
-0.419859
-0.316494
-0.207258
-0.0955369
-3.26411
0.701241
-1.16681
-0.496967
-0.845739
-0.729479
-0.767583
-0.710282
-0.663581
-0.589297
-0.50687
-0.412462
-0.311232
-0.204173
-0.0945895
-3.01277
0.629983
-1.10884
-0.491802
-0.821338
-0.714703
-0.750975
-0.696659
-0.651124
-0.578883
-0.498231
-0.405778
-0.306466
-0.20138
-0.0937408
-2.76644
0.559424
-1.05446
-0.488523
-0.799756
-0.702211
-0.736619
-0.68494
-0.640316
-0.569811
-0.490659
-0.399893
-0.302256
-0.198917
-0.0930028
-2.52618
0.489602
-1.00401
-0.487392
-0.781243
-0.692242
-0.724723
-0.675311
-0.631316
-0.562214
-0.484261
-0.394892
-0.298661
-0.196816
-0.0923865
-2.29333
0.42062
-0.957901
-0.48868
-0.766062
-0.685038
-0.715492
-0.667955
-0.624274
-0.556219
-0.47914
-0.390852
-0.295736
-0.195111
-0.0919016
-2.06961
0.352654
-0.916606
-0.492673
-0.75449
-0.680844
-0.709127
-0.663045
-0.619334
-0.551943
-0.475387
-0.387844
-0.29353
-0.193829
-0.0915568
-1.85715
0.285983
-0.880678
-0.499669
-0.746814
-0.679909
-0.705827
-0.660751
-0.61663
-0.549496
-0.473088
-0.385929
-0.292085
-0.192995
-0.0913589
-1.65866
0.221024
-0.850755
-0.509981
-0.743332
-0.682477
-0.705784
-0.661228
-0.616284
-0.548972
-0.472314
-0.385162
-0.291437
-0.192628
-0.0913131
-1.47747
0.158407
-0.827543
-0.523901
-0.74433
-0.68877
-0.709159
-0.664605
-0.618391
-0.550446
-0.473119
-0.38558
-0.291611
-0.19274
-0.0914219
-1.31743
0.0987971
-0.811683
-0.541751
-0.750033
-0.698981
-0.716074
-0.67098
-0.623016
-0.553964
-0.475535
-0.387205
-0.292619
-0.193336
-0.0916853
-1.18314
0.042525
-0.804
-0.56435
-0.760912
-0.713611
-0.726866
-0.680647
-0.630376
-0.559699
-0.479689
-0.390129
-0.294522
-0.194448
-0.0921115
-1.08487
-0.00614851
-0.80876
-0.59235
-0.778852
-0.733705
-0.742602
-0.69438
-0.641104
-0.568122
-0.48593
-0.394595
-0.297477
-0.196159
-0.0927253
-1.04503
-0.0220763
-0.836345
-0.614893
-0.803703
-0.754139
-0.760728
-0.708958
-0.652756
-0.577014
-0.492504
-0.399226
-0.300514
-0.197883
-0.0933249
)
;

boundaryField
{
    movingWall
    {
        type            zeroGradient;
    }
    Inlet
    {
        type            cyclic;
    }
    Outlet
    {
        type            cyclic;
    }
    Bottom
    {
        type            zeroGradient;
    }
    frontAndBack
    {
        type            empty;
    }
}


// ************************************************************************* //
