/*--------------------------------*- C++ -*----------------------------------*\
| =========                 |                                                 |
| \\      /  F ield         | OpenFOAM: The Open Source CFD Toolbox           |
|  \\    /   O peration     | Version:  5.x                                   |
|   \\  /    A nd           | Web:      www.OpenFOAM.org                      |
|    \\/     M anipulation  |                                                 |
\*---------------------------------------------------------------------------*/
FoamFile
{
    version     2.0;
    format      ascii;
    class       volVectorField;
    location    "0.005";
    object      wallShearStress;
}
// * * * * * * * * * * * * * * * * * * * * * * * * * * * * * * * * * * * * * //

dimensions      [0 2 -2 0 0 0 0];

internalField   uniform (0 0 0);

boundaryField
{
    movingWall
    {
        type            calculated;
        value           uniform (0 0 0);
    }
    Inlet
    {
        type            cyclic;
    }
    Outlet
    {
        type            cyclic;
    }
    Bottom
    {
        type            calculated;
        value           nonuniform List<vector> 
90
(
(0.191821 0.00991318 0)
(0.19426 0.0298289 -9.134e-21)
(0.184183 0.0488817 6.26394e-20)
(0.201713 0.0734892 3.76158e-37)
(0.15496 0.0828285 1.69632e-19)
(0.244221 0.137864 -9.37382e-21)
(0.0438802 0.079422 9.22113e-19)
(0.433564 0.299388 -1.00661e-20)
(-0.357495 -0.108339 3.14146e-18)
(1.12806 0.839989 0)
(-1.61297 -0.917794 5.22698e-20)
(2.92547 2.18407 -1.1277e-17)
(-3.57447 -1.78058 -1.68519e-33)
(3.62097 1.0345 1.47917e-17)
(-3.37069 1.64619 7.23633e-18)
(-3.37102 -1.64087 3.52907e-18)
(3.62101 -1.0347 1.47639e-17)
(-3.57442 1.78086 -1.28797e-33)
(2.92554 -2.18394 5.38136e-20)
(-1.61297 0.917937 6.39131e-18)
(1.12802 -0.839919 9.26697e-21)
(-0.35748 0.108352 -1.15118e-19)
(0.433538 -0.299384 6.47676e-19)
(0.0439148 -0.0794497 2.03103e-18)
(0.244254 -0.137894 6.01853e-36)
(0.155034 -0.0828676 2.1753e-19)
(0.201804 -0.0735254 -1.50066e-21)
(0.184301 -0.0489133 1.12491e-19)
(0.194392 -0.0298465 1.35694e-21)
(0.191945 -0.00991992 1.25015e-20)
(0.191952 0.00991835 -1.32217e-23)
(0.194416 0.0298482 -5.97095e-22)
(0.184338 0.0489215 4.6349e-20)
(0.20186 0.0735443 4.48708e-20)
(0.155095 0.0828981 0)
(0.244341 0.137948 1.46908e-20)
(0.0439837 0.07952 1.68139e-20)
(0.433656 0.299502 9.68737e-21)
(-0.357406 -0.108208 3.08846e-18)
(1.12816 0.840125 -2.48874e-18)
(-1.61281 -0.917633 -4.81482e-35)
(2.92559 2.18416 1.15338e-17)
(-3.57411 -1.78034 -9.62965e-35)
(3.62106 1.03455 -2.33218e-35)
(-3.37029 1.64655 7.23487e-18)
(-3.37067 -1.64063 3.52898e-18)
(3.62087 -1.03464 1.47635e-17)
(-3.57425 1.78076 -2.76852e-34)
(2.92546 -2.18389 2.25695e-36)
(-1.61295 0.917912 3.57384e-20)
(1.12802 -0.839919 -2.45765e-18)
(-0.35749 0.108348 6.56504e-18)
(0.433529 -0.299385 6.44637e-22)
(0.0439077 -0.0794498 3.14494e-21)
(0.24425 -0.137894 -4.59487e-21)
(0.155032 -0.0828675 -2.16691e-19)
(0.201802 -0.0735257 -1.48818e-21)
(0.1843 -0.0489135 1.12308e-19)
(0.194391 -0.0298466 -1.01089e-19)
(0.191943 -0.00991995 5.26789e-22)
(0.19195 0.00991831 -1.90557e-21)
(0.194415 0.0298482 -5.29133e-21)
(0.184337 0.0489217 4.70379e-20)
(0.201858 0.0735444 4.95026e-22)
(0.155093 0.0828984 -1.52978e-19)
(0.244338 0.137948 3.5951e-21)
(0.0439802 0.0795206 -3.14783e-21)
(0.433651 0.299503 3.65382e-22)
(-0.357412 -0.108207 1.06916e-19)
(1.12816 0.840132 1.20371e-35)
(-1.61283 -0.91765 -6.37561e-18)
(2.92567 2.18422 1.12364e-17)
(-3.57424 -1.78044 2.1437e-17)
(3.62133 1.03461 -1.47953e-17)
(-3.37038 1.64677 -3.7143e-18)
(-3.37078 -1.64027 -3.75676e-18)
(3.62128 -1.03457 3.62152e-20)
(-3.57427 1.78103 2.16021e-17)
(2.92558 -2.1838 -1.12405e-19)
(-1.613 0.918062 -6.42514e-18)
(1.12794 -0.839806 -1.44445e-34)
(-0.357603 0.108455 6.50118e-18)
(0.4334 -0.299284 2.40741e-35)
(0.0437757 -0.0793577 0)
(0.244116 -0.137813 -1.70655e-21)
(0.154897 -0.0828005 -1.99774e-19)
(0.201667 -0.0734739 7.52316e-37)
(0.184166 -0.0488779 4.88376e-22)
(0.194265 -0.0298283 -6.48111e-22)
(0.19183 -0.00991403 7.34684e-40)
)
;
    }
    frontAndBack
    {
        type            empty;
    }
}


// ************************************************************************* //
