/*--------------------------------*- C++ -*----------------------------------*\
| =========                 |                                                 |
| \\      /  F ield         | OpenFOAM: The Open Source CFD Toolbox           |
|  \\    /   O peration     | Version:  5.x                                   |
|   \\  /    A nd           | Web:      www.OpenFOAM.org                      |
|    \\/     M anipulation  |                                                 |
\*---------------------------------------------------------------------------*/
FoamFile
{
    version     2.0;
    format      ascii;
    class       volScalarField;
    location    "0.8";
    object      p;
}
// * * * * * * * * * * * * * * * * * * * * * * * * * * * * * * * * * * * * * //

dimensions      [0 2 -2 0 0 0 0];

internalField   nonuniform List<scalar> 
500
(
4.23825e-16
9.6267e-16
1.32874e-15
1.60096e-15
1.8842e-15
2.11385e-15
2.44209e-15
2.73758e-15
2.90253e-15
2.9417e-15
3.08833e-15
3.14584e-15
3.30023e-15
3.48202e-15
3.38579e-15
3.26944e-15
3.38963e-15
3.34381e-15
3.14956e-15
3.09182e-15
2.91815e-15
2.82651e-15
2.60602e-15
2.4257e-15
2.55492e-15
2.54919e-15
2.35092e-15
2.1988e-15
1.96999e-15
1.64355e-15
1.55488e-15
1.39319e-15
1.1424e-15
1.12748e-15
8.40043e-16
3.60704e-16
3.72202e-16
4.25111e-16
4.59907e-16
4.68073e-16
3.04986e-16
2.72277e-16
3.72968e-16
5.79517e-16
7.48714e-16
4.75672e-16
1.88503e-16
-1.03709e-16
-2.40117e-16
-7.45904e-17
3.38396e-16
7.99145e-16
1.24434e-15
1.55987e-15
1.80733e-15
2.1148e-15
2.39738e-15
2.7172e-15
2.98482e-15
3.02203e-15
3.09762e-15
3.26509e-15
3.26134e-15
3.52175e-15
3.50071e-15
3.29363e-15
3.38199e-15
3.4618e-15
3.17901e-15
3.07725e-15
2.90181e-15
2.78072e-15
2.6387e-15
2.48186e-15
2.48274e-15
2.45731e-15
2.3229e-15
2.09638e-15
1.86702e-15
1.5962e-15
1.51553e-15
1.32851e-15
1.1203e-15
1.04017e-15
8.78767e-16
6.57009e-16
5.50407e-16
3.52215e-16
4.14421e-16
4.60767e-16
3.98822e-16
3.57168e-16
4.82811e-16
5.9051e-16
5.56799e-16
4.88356e-16
4.17416e-16
-1.40557e-17
-1.97168e-16
-7.41432e-17
3.04173e-16
7.51261e-16
1.18731e-15
1.48912e-15
1.81397e-15
2.1944e-15
2.41989e-15
2.70516e-15
2.96287e-15
2.97205e-15
3.11138e-15
3.41579e-15
3.48316e-15
3.59817e-15
3.57261e-15
3.2306e-15
3.27982e-15
3.40585e-15
3.34258e-15
3.08394e-15
2.82409e-15
2.6982e-15
2.69852e-15
2.58696e-15
2.47769e-15
2.43911e-15
2.28776e-15
2.12948e-15
2.00889e-15
1.65916e-15
1.54889e-15
1.121e-15
1.12096e-15
9.92689e-16
8.02694e-16
7.18587e-16
5.00679e-16
4.52373e-16
4.85797e-16
5.17487e-16
3.33228e-16
4.14586e-16
6.48824e-16
6.01263e-16
6.07905e-16
5.79916e-16
5.51854e-16
6.26552e-17
-4.23993e-17
1.23408e-16
2.56768e-16
6.32484e-16
1.01898e-15
1.38291e-15
1.93269e-15
2.30884e-15
2.3508e-15
2.5775e-15
3.07194e-15
3.12926e-15
3.21284e-15
3.71409e-15
3.70729e-15
3.53572e-15
3.56668e-15
3.37255e-15
3.40111e-15
3.40385e-15
3.29751e-15
3.16945e-15
2.90366e-15
2.57643e-15
2.40855e-15
2.64506e-15
2.56819e-15
2.55996e-15
2.29403e-15
1.7749e-15
1.94932e-15
1.88906e-15
1.5615e-15
1.10528e-15
1.28027e-15
1.05691e-15
7.28569e-16
6.42971e-16
6.32531e-16
7.3645e-16
6.07059e-16
3.66462e-16
1.9297e-16
3.80046e-16
6.23566e-16
5.73518e-16
7.63815e-16
9.99188e-16
8.43839e-16
5.70343e-17
-1.58966e-16
2.32377e-18
3.94787e-16
5.53922e-16
7.14944e-16
1.43817e-15
1.94925e-15
1.93303e-15
2.13573e-15
2.60634e-15
2.97913e-15
3.13051e-15
3.37179e-15
3.91931e-15
3.79641e-15
3.64128e-15
3.62201e-15
3.62446e-15
3.62031e-15
3.1558e-15
3.31498e-15
3.19104e-15
2.91013e-15
2.44438e-15
2.33807e-15
2.78073e-15
2.59952e-15
2.34621e-15
2.2998e-15
1.82355e-15
1.86873e-15
2.16196e-15
1.95019e-15
1.25877e-15
1.01957e-15
1.07551e-15
4.28368e-16
9.60657e-16
9.65419e-16
8.04265e-16
5.53145e-16
1.50633e-17
1.47194e-16
4.24354e-16
7.1186e-16
8.63016e-16
1.03826e-15
9.08529e-16
5.82492e-16
5.80504e-17
-1.11448e-17
2.88679e-17
2.72185e-16
5.49902e-16
6.07187e-16
1.36422e-15
1.8063e-15
1.59429e-15
2.10922e-15
2.69107e-15
3.0313e-15
3.14172e-15
3.5305e-15
4.17013e-15
3.52231e-15
3.39427e-15
3.96338e-15
4.11655e-15
3.55694e-15
3.12172e-15
3.27604e-15
3.16053e-15
2.69969e-15
2.33705e-15
2.0999e-15
2.63815e-15
2.38083e-15
1.9507e-15
1.77328e-15
1.96257e-15
1.94142e-15
1.83821e-15
2.02073e-15
1.28955e-15
9.67009e-16
1.11498e-15
8.47403e-16
1.0162e-15
8.3344e-16
5.05776e-16
5.77348e-16
4.77994e-17
-2.159e-18
4.04971e-16
9.92055e-16
1.1311e-15
1.01527e-15
5.39021e-16
4.82119e-16
4.14459e-16
2.11182e-16
1.49195e-16
9.83773e-19
4.3499e-16
6.64369e-16
1.37449e-15
1.59879e-15
1.89197e-15
2.06005e-15
1.97293e-15
3.09666e-15
3.65659e-15
3.65951e-15
3.80561e-15
3.82715e-15
3.55758e-15
3.84126e-15
3.96036e-15
3.54917e-15
3.481e-15
3.19244e-15
3.29431e-15
2.94272e-15
2.10491e-15
1.79605e-15
2.21465e-15
2.11254e-15
2.18875e-15
1.34467e-15
1.54408e-15
1.75826e-15
2.20669e-15
1.73524e-15
1.40382e-15
7.93236e-16
7.08552e-16
1.12089e-15
1.16723e-15
1.23543e-15
3.91653e-16
6.54074e-17
-1.11771e-16
-6.22414e-17
5.20407e-16
1.06977e-15
1.24141e-15
1.19434e-15
8.1956e-16
5.15111e-16
2.99169e-16
-7.50395e-17
2.9295e-17
-1.92296e-16
-7.8952e-17
6.66836e-16
9.30389e-16
1.64653e-15
2.42604e-15
2.21172e-15
2.42906e-15
3.18424e-15
3.71793e-15
3.70402e-15
3.48099e-15
3.87008e-15
3.93516e-15
4.09645e-15
3.62682e-15
3.68505e-15
4.15127e-15
3.25731e-15
2.97075e-15
2.60822e-15
2.12865e-15
1.85573e-15
1.05315e-15
1.71326e-15
2.33285e-15
1.4024e-15
1.30422e-15
1.53456e-15
2.31844e-15
1.40873e-15
1.55173e-15
1.10481e-15
6.08556e-16
3.88739e-16
1.01709e-15
1.3307e-15
-2.41113e-18
-5.06837e-16
-5.30767e-16
1.80393e-16
1.00861e-15
1.03805e-15
1.39833e-15
1.49223e-15
9.91571e-16
2.77056e-16
1.51023e-16
1.41826e-16
6.1102e-17
2.70286e-17
-2.62909e-16
7.39218e-16
1.74581e-15
1.91398e-15
2.2972e-15
2.67204e-15
2.90609e-15
3.23754e-15
3.65631e-15
3.36824e-15
3.49903e-15
3.90273e-15
4.41292e-15
4.05345e-15
3.66432e-15
4.10453e-15
4.2319e-15
3.03434e-15
2.6302e-15
2.42932e-15
2.18368e-15
2.04563e-15
1.447e-15
1.52737e-15
1.46437e-15
1.81219e-15
1.29768e-15
1.46251e-15
1.61421e-15
1.33944e-15
1.33235e-15
1.19407e-15
6.11873e-16
6.43852e-16
6.98566e-16
8.0351e-16
-5.45602e-17
-4.72472e-16
-2.48628e-17
1.35252e-16
1.16834e-15
1.04357e-15
1.24266e-15
1.87625e-15
1.05314e-15
-1.85644e-16
2.64629e-16
5.7645e-16
1.43013e-16
-3.91495e-16
-4.93959e-16
6.55143e-16
1.71011e-15
2.72511e-15
3.12294e-15
2.91998e-15
2.9946e-15
3.16833e-15
3.26458e-15
2.92225e-15
3.60589e-15
4.40918e-15
4.25418e-15
3.92146e-15
3.44095e-15
4.23568e-15
3.65193e-15
2.41884e-15
2.02195e-15
2.46936e-15
2.9616e-15
2.79949e-15
1.9561e-15
1.6827e-15
1.5832e-15
1.61675e-15
1.43148e-15
1.39601e-15
1.28607e-15
8.08736e-16
1.26254e-15
1.63819e-15
9.85746e-16
7.51903e-16
6.39038e-16
4.59523e-16
-1.05129e-16
-7.26399e-16
-1.0665e-16
4.21529e-16
1.27023e-15
7.07681e-16
1.29438e-15
1.93898e-15
1.1285e-15
4.02384e-16
3.34638e-16
3.45278e-16
1.18504e-16
)
;

boundaryField
{
    movingWall
    {
        type            zeroGradient;
    }
    Inlet
    {
        type            fixedValue;
        value           uniform 0;
    }
    Outlet
    {
        type            fixedValue;
        value           uniform 0;
    }
    Bottom
    {
        type            zeroGradient;
    }
    frontAndBack
    {
        type            empty;
    }
}


// ************************************************************************* //
