/*--------------------------------*- C++ -*----------------------------------*\
| =========                 |                                                 |
| \\      /  F ield         | OpenFOAM: The Open Source CFD Toolbox           |
|  \\    /   O peration     | Version:  5.x                                   |
|   \\  /    A nd           | Web:      www.OpenFOAM.org                      |
|    \\/     M anipulation  |                                                 |
\*---------------------------------------------------------------------------*/
FoamFile
{
    version     2.0;
    format      ascii;
    class       volVectorField;
    location    "0.8";
    object      wallShearStress;
}
// * * * * * * * * * * * * * * * * * * * * * * * * * * * * * * * * * * * * * //

dimensions      [0 2 -2 0 0 0 0];

internalField   uniform (0 0 0);

boundaryField
{
    movingWall
    {
        type            calculated;
        value           nonuniform List<vector> 
50
(
(0.184675 -2.32618e-16 0)
(0.184675 -1.98284e-16 0)
(0.184675 5.70644e-17 0)
(0.184675 2.41631e-16 0)
(0.184675 3.96359e-16 0)
(0.184675 4.3072e-16 0)
(0.184675 2.60374e-16 0)
(0.184675 8.93904e-18 0)
(0.184675 -2.10031e-16 0)
(0.184675 -1.36368e-16 0)
(0.184675 -1.26957e-16 0)
(0.184675 3.02146e-17 0)
(0.184675 -6.37839e-18 0)
(0.184675 2.00367e-16 0)
(0.184675 3.32147e-17 0)
(0.184675 -3.70972e-16 0)
(0.184675 -2.07431e-16 0)
(0.184675 -3.23879e-16 0)
(0.184675 -4.601e-16 0)
(0.184675 -2.46139e-16 0)
(0.184675 -4.20752e-17 0)
(0.184675 3.46937e-16 0)
(0.184675 5.87643e-16 0)
(0.184675 3.71152e-16 0)
(0.184675 -6.83668e-17 0)
(0.184675 -8.33544e-17 0)
(0.184675 2.04699e-16 0)
(0.184675 2.2e-16 0)
(0.184675 -1.06173e-16 0)
(0.184675 -1.69174e-16 0)
(0.184675 1.03248e-16 0)
(0.184675 1.40839e-16 0)
(0.184675 3.04756e-17 0)
(0.184675 5.67592e-17 0)
(0.184675 -3.72972e-17 0)
(0.184675 -9.75084e-17 0)
(0.184675 -1.21375e-16 0)
(0.184675 -5.45184e-17 0)
(0.184675 -2.23535e-16 0)
(0.184675 -1.92175e-16 0)
(0.184675 -4.36162e-17 0)
(0.184675 1.15047e-16 0)
(0.184675 1.39459e-17 0)
(0.184675 2.46331e-16 0)
(0.184675 2.30558e-16 0)
(0.184675 1.84908e-16 0)
(0.184675 1.24709e-16 0)
(0.184675 -3.0641e-16 0)
(0.184675 1.12444e-16 0)
(0.184675 3.52067e-16 0)
)
;
    }
    Inlet
    {
        type            calculated;
        value           uniform (0 0 0);
    }
    Outlet
    {
        type            calculated;
        value           uniform (0 0 0);
    }
    Bottom
    {
        type            calculated;
        value           nonuniform List<vector> 
50
(
(-0.184675 1.2666e-16 0)
(-0.184675 9.05177e-17 0)
(-0.184675 9.3666e-17 0)
(-0.184675 4.09171e-17 0)
(-0.184675 2.444e-17 0)
(-0.184675 4.53317e-17 0)
(-0.184675 6.20366e-17 0)
(-0.184675 4.39395e-17 0)
(-0.184675 -1.19919e-17 0)
(-0.184675 -6.68954e-18 0)
(-0.184675 4.28113e-17 0)
(-0.184675 -3.16857e-17 0)
(-0.184675 2.19885e-17 0)
(-0.184675 5.72144e-17 0)
(-0.184675 -4.23119e-17 0)
(-0.184675 -1.11151e-16 0)
(-0.184675 5.4261e-17 0)
(-0.184675 1.72943e-17 0)
(-0.184675 -4.02206e-17 0)
(-0.184675 4.65537e-17 0)
(-0.184675 1.65205e-17 0)
(-0.184675 -1.38479e-17 0)
(-0.184675 -6.44176e-18 0)
(-0.184675 -9.502e-17 0)
(-0.184675 1.05815e-18 0)
(-0.184675 1.03725e-16 0)
(-0.184675 3.61273e-17 0)
(-0.184675 4.75918e-17 0)
(-0.184675 1.1102e-16 0)
(-0.184675 -5.18648e-17 0)
(-0.184675 3.81239e-17 0)
(-0.184675 4.11502e-17 0)
(-0.184675 -7.80856e-17 0)
(-0.184675 1.34987e-16 0)
(-0.184675 4.96836e-17 0)
(-0.184675 -2.51647e-16 0)
(-0.184675 -6.49516e-17 0)
(-0.184675 -4.31077e-17 0)
(-0.184675 2.05744e-17 0)
(-0.184675 6.69784e-17 0)
(-0.184675 -1.17491e-16 0)
(-0.184675 -1.77902e-17 0)
(-0.184675 -7.09354e-18 0)
(-0.184675 -6.50691e-17 0)
(-0.184675 1.69394e-16 0)
(-0.184675 1.70688e-16 0)
(-0.184675 -4.91666e-17 0)
(-0.184675 -9.24045e-17 0)
(-0.184675 -1.50475e-17 0)
(-0.184675 1.49883e-16 0)
)
;
    }
    frontAndBack
    {
        type            empty;
    }
}


// ************************************************************************* //
