/*--------------------------------*- C++ -*----------------------------------*\
| =========                 |                                                 |
| \\      /  F ield         | OpenFOAM: The Open Source CFD Toolbox           |
|  \\    /   O peration     | Version:  2.4.0                                 |
|   \\  /    A nd           | Web:      www.OpenFOAM.org                      |
|    \\/     M anipulation  |                                                 |
\*---------------------------------------------------------------------------*/
FoamFile
{
    version     2.0;
    format      ascii;
    class       volScalarField;
    location    "0.01";
    object      p;
}
// * * * * * * * * * * * * * * * * * * * * * * * * * * * * * * * * * * * * * //

dimensions      [0 2 -2 0 0 0 0];

internalField   nonuniform List<scalar> 
7200
(
8.51367e-05
-0.0308057
-0.029415
0.0669388
0.211428
0.349202
0.47416
0.595586
0.711147
0.801168
0.83687
0.792598
0.656747
0.43641
0.156971
-0.143795
-0.423419
-0.644163
-0.780625
-0.825558
-0.790349
-0.700529
-0.584913
-0.463298
-0.338128
-0.200192
-0.0556586
0.0405072
0.0413464
0.0103233
-0.00503675
-0.0377452
-0.0124608
0.106249
0.250301
0.375744
0.487291
0.594324
0.692402
0.762953
0.781845
0.729212
0.597501
0.394323
0.14175
-0.128566
-0.381301
-0.584849
-0.717136
-0.770427
-0.752066
-0.681778
-0.583696
-0.4765
-0.364739
-0.239111
-0.0949816
0.0236093
0.0483433
0.0154447
-0.0117643
-0.0408205
0.0120667
0.146784
0.283933
0.395573
0.493977
0.586783
0.668092
0.721097
0.726004
0.667673
0.54153
0.355194
0.127707
-0.114504
-0.342131
-0.528796
-0.655477
-0.714458
-0.710119
-0.657437
-0.576181
-0.483243
-0.384632
-0.272799
-0.135555
-0.000928113
0.051506
0.0222192
-0.0200506
-0.0383418
0.0429342
0.186161
0.312068
0.409942
0.495932
0.575366
0.641702
0.680055
0.67421
0.612554
0.492507
0.32138
0.115653
-0.102419
-0.308264
-0.479683
-0.600231
-0.662527
-0.66897
-0.630999
-0.564772
-0.48524
-0.399058
-0.300992
-0.174984
-0.0318247
0.0491072
0.0305734
-0.0295549
-0.0288519
0.0795257
0.223826
0.335488
0.419871
0.493885
0.560585
0.613367
0.639243
0.624984
0.561678
0.448111
0.291111
0.104926
-0.0916486
-0.277933
-0.43519
-0.549223
-0.613156
-0.62804
-0.602601
-0.549985
-0.483227
-0.409042
-0.324477
-0.212714
-0.0684551
0.0396804
0.0401478
-0.0394076
-0.0110593
0.120382
0.258482
0.354188
0.425666
0.48813
0.542782
0.583358
0.598629
0.577846
0.514182
0.407349
0.263601
0.0952281
-0.0818968
-0.250351
-0.394324
-0.501589
-0.565867
-0.587298
-0.572516
-0.532164
-0.477499
-0.414891
-0.343247
-0.247445
-0.109354
0.021937
0.050067
-0.0482234
0.0158236
0.163437
0.288772
0.368058
0.427449
0.478881
0.522344
0.552124
0.558553
0.532905
0.469935
0.369956
0.238602
0.0864606
-0.0730642
-0.225271
-0.35682
-0.457199
-0.52077
-0.547084
-0.541194
-0.511697
-0.468271
-0.416727
-0.357191
-0.277817
-0.152456
-0.00490801
0.0589481
-0.0541608
0.0518392
0.206304
0.313727
0.37722
0.425424
0.466437
0.499707
0.520119
0.519336
0.49026
0.428822
0.335698
0.215901
0.0785375
-0.0650654
-0.20248
-0.322446
-0.41594
-0.477962
-0.50772
-0.509088
-0.48902
-0.455839
-0.414754
-0.366428
-0.302854
-0.195378
-0.0408978
0.0649537
-0.0549924
0.0961726
0.246522
0.332828
0.381962
0.419842
0.451141
0.475308
0.487742
0.481221
0.449935
0.39068
0.304325
0.195279
0.0713734
-0.0578156
-0.181759
-0.29095
-0.377646
-0.437468
-0.469448
-0.476598
-0.464568
-0.440548
-0.409221
-0.371246
-0.322039
-0.235657
-0.0852208
0.0658599
-0.0482168
0.147116
0.28178
0.345998
0.38265
0.410971
0.433367
0.44957
0.455348
0.444398
0.411923
0.355341
0.275599
0.176537
0.0648912
-0.0512385
-0.162911
-0.262094
-0.342149
-0.39928
-0.432457
-0.444078
-0.438766
-0.422771
-0.400395
-0.372006
-0.33529
-0.270984
-0.136174
0.0591669
-0.03121
0.202118
0.310146
0.353549
0.379665
0.3991
0.413508
0.422896
0.423246
0.409017
0.376196
0.322642
0.249304
0.159499
0.0590235
-0.0452672
-0.145758
-0.235663
-0.309286
-0.36337
-0.396899
-0.411838
-0.412015
-0.4029
-0.388564
-0.369091
-0.342917
-0.299425
-0.19121
0.042249
-0.00140364
0.257915
0.330261
0.356101
0.373368
0.384541
0.391968
0.395659
0.391705
0.375191
0.342711
0.292427
0.225246
0.144009
0.0537109
-0.0398431
-0.130147
-0.211464
-0.278903
-0.329695
-0.362887
-0.380146
-0.384688
-0.381337
-0.374037
-0.362857
-0.34554
-0.319617
-0.247067
0.0125341
0.043524
0.310742
0.341476
0.354465
0.364065
0.367632
0.369148
0.368199
0.360952
0.343005
0.311413
0.264548
0.203249
0.129927
0.048901
-0.0349144
-0.115938
-0.18932
-0.25085
-0.298201
-0.330503
-0.349228
-0.357125
-0.358482
-0.357151
-0.353611
-0.343969
-0.330909
-0.299982
-0.032305
0.105463
0.356605
0.34392
0.349515
0.352009
0.348743
0.345439
0.340821
0.331176
0.312512
0.282237
0.238863
0.183151
0.117131
0.0445474
-0.0304352
-0.103009
-0.169071
-0.224987
-0.268823
-0.299804
-0.319275
-0.329628
-0.334724
-0.338272
-0.341604
-0.339077
-0.333423
-0.345958
-0.0941648
0.18571
0.391583
0.338483
0.342061
0.337413
0.32827
0.321203
0.31379
0.302531
0.283744
0.255113
0.215238
0.164805
0.105509
0.0406086
-0.026365
-0.0912476
-0.150569
-0.20118
-0.24149
-0.27082
-0.29044
-0.302464
-0.310425
-0.317797
-0.327047
-0.331674
-0.328046
-0.381068
-0.174348
0.284848
0.412134
0.326724
0.332742
0.320472
0.306632
0.296772
0.287337
0.275142
0.256715
0.229963
0.193545
0.148078
0.0949604
0.0370479
-0.0226676
-0.0805562
-0.133683
-0.179303
-0.216127
-0.243565
-0.262846
-0.275862
-0.285915
-0.296142
-0.310133
-0.322399
-0.316335
-0.401765
-0.273445
0.402678
0.415379
0.310711
0.321949
0.301405
0.284255
0.272436
0.26166
0.249102
0.231418
0.206709
0.173664
0.132847
0.0853966
0.0338323
-0.0193107
-0.0708456
-0.118291
-0.159235
-0.192656
-0.218036
-0.236589
-0.250019
-0.261483
-0.273732
-0.29108
-0.311645
-0.300353
-0.405159
-0.391258
0.538211
0.399321
0.29281
0.309799
0.280486
0.261552
0.248444
0.236922
0.224481
0.207837
0.18527
0.155483
0.119001
0.0767368
0.0309324
-0.0162655
-0.0620355
-0.104282
-0.140865
-0.170996
-0.194215
-0.211739
-0.225098
-0.237375
-0.250979
-0.270161
-0.299526
-0.282467
-0.389246
-0.526801
0.689718
0.362992
0.275451
0.29614
0.258076
0.238907
0.225002
0.213262
0.201326
0.185943
0.165563
0.138895
0.106438
0.0689078
0.0283217
-0.0135061
-0.0540538
-0.0915532
-0.124087
-0.151067
-0.172073
-0.188341
-0.201238
-0.213799
-0.228266
-0.247734
-0.285891
-0.265106
-0.353049
-0.678346
0.854842
0.306508
0.260898
0.280607
0.234635
0.21665
0.202281
0.190791
0.179664
0.165697
0.147509
0.123798
0.0950631
0.0618436
0.0259762
-0.0110094
-0.0468347
-0.0800127
-0.108801
-0.13279
-0.151575
-0.166425
-0.178548
-0.190924
-0.20592
-0.224258
-0.270372
-0.250539
-0.296676
-0.843534
1.03074
0.231027
0.251049
0.2627
0.210719
0.195038
0.180422
0.169594
0.159505
0.147055
0.131025
0.110099
0.0847907
0.0554839
0.0238744
-0.00875417
-0.0403189
-0.0695744
-0.0949137
-0.116082
-0.132677
-0.146001
-0.157115
-0.168888
-0.1842
-0.200289
-0.252472
-0.240663
-0.22128
-1.01952
1.21427
0.138625
0.247283
0.241893
0.186963
0.174249
0.159543
0.149738
0.140844
0.129964
0.116031
0.097708
0.0755407
0.0497739
0.0219965
-0.00672146
-0.0344519
-0.060159
-0.0823359
-0.100868
-0.115327
-0.127065
-0.137005
-0.147811
-0.163281
-0.176459
-0.231658
-0.236861
-0.128932
-1.20315
1.40216
0.0321008
0.250371
0.217728
0.164041
0.154372
0.13975
0.131262
0.123663
0.114369
0.10245
0.08654
0.0672395
0.0446633
0.0203248
-0.00489393
-0.029184
-0.0516935
-0.0709842
-0.0870677
-0.0994734
-0.109602
-0.118259
-0.127796
-0.143252
-0.15344
-0.207473
-0.239905
-0.02243
-1.39117
1.59122
-0.0852599
0.260459
0.189912
0.142619
0.135419
0.121139
0.114186
0.107937
0.100211
0.0902041
0.0765156
0.0598186
0.0401059
0.0188428
-0.00325578
-0.0244696
-0.0441099
-0.0607794
-0.0746073
-0.0850574
-0.0935854
-0.100897
-0.108941
-0.124124
-0.131899
-0.179619
-0.249945
0.0949406
-1.58035
1.77846
-0.209941
0.277113
0.158381
0.123307
0.117333
0.103807
0.0985089
0.0936293
0.087428
0.0792187
0.0675589
0.0532143
0.0360591
0.0175355
-0.00179251
-0.0202666
-0.0373452
-0.0516467
-0.0634126
-0.0720187
-0.0789839
-0.0849184
-0.0913421
-0.105838
-0.112444
-0.148029
-0.266546
0.219662
-1.76772
1.96122
-0.338437
0.299418
0.123334
0.106607
0.100012
0.0878453
0.0842068
0.0807014
0.0759542
0.0694207
0.0595984
0.0473675
0.0324837
0.0163892
-0.00049083
-0.0165362
-0.0313404
-0.0435149
-0.0534119
-0.0602944
-0.0657598
-0.0703031
-0.0750917
-0.0882927
-0.0955763
-0.112899
-0.288793
0.348226
-1.9506
2.13727
-0.467469
0.326115
0.0852344
0.0928755
0.0833331
0.0733429
0.071238
0.0691096
0.0657234
0.0607395
0.0525658
0.0422225
0.0293431
0.0153909
0.000661561
-0.0132422
-0.0260406
-0.0363162
-0.0445352
-0.0498195
-0.0538721
-0.057011
-0.0602794
-0.0713639
-0.0816526
-0.0746918
-0.315427
0.47735
-2.12675
2.3048
-0.59414
0.355751
0.0447783
0.0823001
0.0671761
0.0603786
0.0595442
0.058808
0.0566671
0.0531064
0.0463963
0.0377276
0.0266033
0.014529
0.00167603
-0.0103512
-0.0213943
-0.0299863
-0.0367149
-0.0405277
-0.0432778
-0.0449867
-0.0469864
-0.0549308
-0.0708591
-0.0340985
-0.344991
0.604135
-2.29437
2.46246
-0.716044
0.38683
0.00283402
0.074891
0.0514454
0.0490161
0.0490543
0.0497493
0.048716
0.0464553
0.0410281
0.0338339
0.0242326
0.0137923
0.00256313
-0.00783178
-0.0173528
-0.0244637
-0.0298854
-0.0323509
-0.0339322
-0.0341622
-0.0352785
-0.0388985
-0.0632061
0.00801341
-0.375986
0.72617
-2.4521
2.60933
-0.83131
0.417939
-0.0396292
0.0704922
0.0360877
0.0392962
0.0396887
0.041885
0.0417998
0.040722
0.0364021
0.0304956
0.0222014
0.0131707
0.00333274
-0.00565462
-0.0138705
-0.0196895
-0.0239832
-0.0252204
-0.0257896
-0.0244614
-0.0251999
-0.0232143
-0.0585373
0.0506764
-0.406995
0.841583
-2.59901
2.74481
-0.938595
0.447848
-0.0816205
0.0688066
0.0211005
0.0312308
0.0313637
0.0351653
0.0358481
0.035845
0.0324621
0.0276692
0.0204816
0.0126545
0.00399406
-0.00379216
-0.0109043
-0.0156074
-0.0189469
-0.0190668
-0.0188028
-0.0158044
-0.0167659
-0.00787781
-0.0565558
0.0929004
-0.436786
0.949029
-2.7345
2.86861
-1.03704
0.475577
-0.122201
0.0694315
0.00653471
0.0247983
0.0239966
0.0295387
0.0307907
0.0317647
0.0291539
0.0253139
0.0190472
0.0122346
0.00455573
-0.00221852
-0.00841347
-0.0121636
-0.0147171
-0.013821
-0.0129225
-0.00811221
-0.00995956
0.00705786
-0.0568599
0.133747
-0.464373
1.04765
-2.85828
2.98066
-1.12619
0.500413
-0.160543
0.0719009
-0.00751162
0.0199419
0.0175091
0.0249509
0.0265584
0.0284234
0.0264261
0.0233908
0.0178734
0.0119027
0.00502589
-0.000909244
-0.0063593
-0.00930625
-0.011236
-0.00941423
-0.00809683
-0.0013103
-0.00472861
0.0214909
-0.0589848
0.172387
-0.48904
1.13699
-2.97028
3.08105
-1.20593
0.521913
-0.195975
0.075727
-0.020904
0.0165705
0.0118311
0.0213448
0.0230837
0.0257655
0.0242292
0.021863
0.0169368
0.0116507
0.00541219
0.00015874
-0.00470508
-0.00698596
-0.00844786
-0.00577923
-0.00427011
0.00466789
-0.000987068
0.0352825
-0.0624448
0.208149
-0.510342
1.21694
-3.07059
3.16999
-1.27637
0.539868
-0.228
0.0804376
-0.0334868
0.0145628
0.00690243
0.0186593
0.0203014
0.0237369
0.0225159
0.0206957
0.0162155
0.0114711
0.0057219
0.00100726
-0.00341589
-0.00515531
-0.0062982
-0.00285064
-0.00138251
0.00987944
0.00138154
0.0482718
-0.0667711
0.240534
-0.528067
1.2876
-3.1594
3.24774
-1.33781
0.554265
-0.256302
0.0856063
-0.0450991
0.0137729
0.0026736
0.0168292
0.018149
0.0222852
0.0212412
0.0198554
0.0156884
0.0113567
0.0059619
0.00165697
-0.00245849
-0.00376896
-0.00473401
-0.000565577
0.000630499
0.014371
0.00251784
0.0602923
-0.0715412
0.269223
-0.542203
1.34928
-3.23699
3.31462
-1.39061
0.565235
-0.280734
0.0908727
-0.0555909
0.0140387
-0.000894498
0.0157852
0.0165673
0.0213591
0.020362
0.0193103
0.0153359
0.0113008
0.00613871
0.00212746
-0.00180112
-0.0027837
-0.00370351
0.00113579
0.00183803
0.0181797
0.00257947
0.0711876
-0.0763996
0.294065
-0.55288
1.40235
-3.30367
3.37095
-1.43523
0.573004
-0.301293
0.0959528
-0.0648357
0.0151901
-0.00383213
0.0154543
0.0155007
0.0209084
0.0198373
0.01903
0.0151392
0.0112969
0.00625858
0.00243727
-0.00141346
-0.00215832
-0.00315602
0.00231001
0.00231345
0.0213344
0.00173269
0.080825
-0.0810682
0.315051
-0.560327
1.44726
-3.35977
3.41708
-1.47213
0.577854
-0.318089
0.100641
-0.0727399
0.0170568
-0.00616292
0.0157605
0.0148971
0.0208842
0.019628
0.0189855
0.0150806
0.0113389
0.00632742
0.00260395
-0.00126653
-0.00185365
-0.00304193
0.00301006
0.00213356
0.023858
0.000144292
0.0891049
-0.0853475
0.332288
-0.564827
1.48447
-3.40563
3.45336
-1.50179
0.580089
-0.331321
0.104803
-0.0792483
0.0194762
-0.00790654
0.0166259
0.0147082
0.0212384
0.0196974
0.019149
0.0151433
0.011421
0.00635091
0.00264415
-0.00133259
-0.00183261
-0.00331263
0.00328544
0.00137741
0.0257703
-0.00202521
0.0959668
-0.0891111
0.345967
-0.566691
1.51446
-3.44161
3.48014
-1.52466
0.580011
-0.341242
0.10837
-0.0843454
0.0222985
-0.00908139
0.0179721
0.0148891
0.0219242
0.0200103
0.0194938
0.0153114
0.0115376
0.00633446
0.00257361
-0.0015851
-0.00206008
-0.00392067
0.00318223
0.000124957
0.0270905
-0.00462745
0.10139
-0.0922953
0.356334
-0.566226
1.5377
-3.46804
3.49775
-1.5412
0.577908
-0.348136
0.111321
-0.0880534
0.0253911
-0.00970712
0.0197213
0.0153979
0.0228957
0.0205338
0.0199947
0.0155701
0.0116833
0.00628323
0.00240721
-0.0019987
-0.00250288
-0.00481978
0.00274344
-0.00154434
0.0278396
-0.00753004
0.105394
-0.0948858
0.363667
-0.563727
1.55462
-3.48529
3.50655
-1.55185
0.574045
-0.3523
0.113673
-0.0904276
0.0286404
-0.00980664
0.021798
0.0161954
0.0241084
0.0212367
0.0206273
0.0159051
0.0118533
0.00620221
0.00215895
-0.00254911
-0.00312981
-0.00596501
0.0020093
-0.00355311
0.0280424
-0.0106188
0.108032
-0.096905
0.368256
-0.559465
1.56566
-3.49369
3.50687
-1.55701
0.56866
-0.35403
0.115467
-0.0915503
0.0319527
-0.00940755
0.0241298
0.0172445
0.0255192
0.0220897
0.0213683
0.0163032
0.0120425
0.0060961
0.00184209
-0.00321318
-0.00391147
-0.00731298
0.00101772
-0.00582722
0.0277287
-0.0137983
0.109384
-0.0983984
0.370388
-0.553688
1.57124
-3.49359
3.49904
-1.55711
0.561966
-0.353608
0.11676
-0.0915242
0.0352527
-0.00854291
0.0266487
0.0185103
0.0270869
0.0230651
0.0221959
0.0167519
0.0122466
0.0059694
0.00146909
-0.00396891
-0.00482022
-0.00882206
-0.000195332
-0.00829703
0.026934
-0.0169913
0.109553
-0.0994247
0.370342
-0.546616
1.57175
-3.48534
3.48338
-1.5525
0.554154
-0.3513
0.117611
-0.0904654
0.0384825
-0.00725147
0.0292918
0.0199588
0.0287719
0.0241371
0.0230889
0.0172394
0.0124613
0.0058264
0.00105166
-0.00479538
-0.00583011
-0.0104525
-0.00159543
-0.0108981
0.0256994
-0.0201368
0.108658
-0.100047
0.368379
-0.538446
1.56756
-3.46925
3.46021
-1.54357
0.54539
-0.347352
0.118084
-0.0884977
0.0415985
-0.00557721
0.032002
0.0215575
0.0305368
0.0252814
0.0240278
0.0177548
0.0126823
0.00567115
0.000600766
-0.00567284
-0.00691678
-0.0121669
-0.00314942
-0.0135718
0.0240714
-0.0231881
0.106825
-0.100327
0.36474
-0.529351
1.55902
-3.44565
3.42984
-1.53063
0.535822
-0.341987
0.118235
-0.0857473
0.044569
-0.00356861
0.0347279
0.0232744
0.0323467
0.0264751
0.0249939
0.0182879
0.0129061
0.00550749
0.000126658
-0.00658265
-0.0080574
-0.01393
-0.00482507
-0.0162656
0.0221006
-0.0261103
0.104181
-0.10032
0.35965
-0.519484
1.54648
-3.41484
3.39254
-1.51401
0.525577
-0.335411
0.118116
-0.0823384
0.0473714
-0.00127753
0.0374238
0.0250787
0.0341687
0.0276969
0.0259699
0.0188291
0.0131289
0.00533903
-0.000361084
-0.00750741
-0.00923057
-0.0157091
-0.00659114
-0.0189332
0.0198407
-0.0288778
0.100857
-0.100075
0.353312
-0.508974
1.53023
-3.37714
3.34862
-1.49399
0.514766
-0.327805
0.117768
-0.0783906
0.04999
0.00124201
0.04005
0.0269401
0.035973
0.0289267
0.0269395
0.0193696
0.0133475
0.00516914
-0.000853559
-0.00843091
-0.0104163
-0.017474
-0.00841716
-0.0215338
0.0173476
-0.0314717
0.0969742
-0.0996311
0.34591
-0.497936
1.51056
-3.33284
3.29834
-1.47084
0.503484
-0.319334
0.117227
-0.0740166
0.0524138
0.0039351
0.0425719
0.028829
0.037732
0.0301459
0.0278878
0.0199013
0.0135588
0.00500095
-0.00134253
-0.00933815
-0.0115958
-0.0191974
-0.0102735
-0.0240326
0.0146773
-0.0338784
0.0926499
-0.0990188
0.337611
-0.486463
1.48773
-3.2822
3.24197
-1.44481
0.491811
-0.310145
0.116518
-0.0693205
0.0546345
0.00674721
0.0449601
0.0307169
0.039421
0.0313373
0.0288013
0.0204165
0.0137602
0.00483734
-0.00182041
-0.0102154
-0.0127519
-0.0208545
-0.0121317
-0.0263997
0.0118854
-0.0360875
0.0879917
-0.0982604
0.328566
-0.474634
1.46199
-3.22551
3.17977
-1.4161
0.479812
-0.300369
0.115662
-0.0643978
0.0566458
0.00962532
0.0471895
0.0325764
0.041018
0.0324847
0.0296675
0.0209086
0.0139489
0.00468095
-0.00228021
-0.0110503
-0.0138683
-0.0224231
-0.0139642
-0.0286098
0.0090257
-0.0380907
0.0830982
-0.0973704
0.318908
-0.46251
1.43355
-3.16301
3.11199
-1.38493
0.467536
-0.29012
0.11467
-0.0593343
0.0584421
0.0125188
0.0492393
0.0343815
0.0425038
0.0335735
0.0304754
0.0213712
0.0141229
0.00453413
-0.00271561
-0.0118315
-0.0149303
-0.0238841
-0.015745
-0.030642
0.00614925
-0.0398812
0.0780578
-0.0963568
0.308758
-0.450138
1.40261
-3.09498
3.03887
-1.35146
0.455023
-0.279499
0.113547
-0.0542067
0.0600182
0.0153803
0.0510919
0.0361076
0.0438614
0.0345903
0.0312153
0.0217987
0.0142802
0.00439898
-0.00312086
-0.0125493
-0.0159245
-0.0252204
-0.0174496
-0.0324787
0.00330371
-0.0414525
0.0729495
-0.0952222
0.29822
-0.437553
1.36936
-3.02164
2.96064
-1.31586
0.442299
-0.268596
0.112295
-0.0490828
0.0613687
0.0181662
0.0527334
0.0377322
0.0450767
0.035523
0.0318786
0.0221863
0.0144191
0.00427741
-0.0034909
-0.0131949
-0.0168387
-0.0264179
-0.0190554
-0.034106
0.000532782
-0.0427986
0.0678428
-0.0939642
0.287386
-0.424775
1.33394
-2.94322
2.87754
-1.27827
0.429377
-0.257485
0.110911
-0.0440219
0.0624883
0.0208374
0.0541525
0.0392345
0.046138
0.036361
0.0324582
0.0225297
0.0145381
0.00417096
-0.00382124
-0.0137611
-0.017662
-0.0274647
-0.0205419
-0.0355126
-0.00212423
-0.0439137
0.0627981
-0.0925767
0.276337
-0.411815
1.29651
-2.85996
2.78978
-1.23879
0.416263
-0.246233
0.109387
-0.0390749
0.0633715
0.023359
0.0553406
0.0405964
0.0470358
0.0370948
0.0329481
0.0228251
0.0146362
0.00408095
-0.00410803
-0.0142419
-0.0183851
-0.0283514
-0.0218906
-0.0366898
-0.00463261
-0.044792
0.0578671
-0.0910507
0.265139
-0.398672
1.25719
-2.77207
2.69757
-1.19756
0.40295
-0.234895
0.107714
-0.0342856
0.0640132
0.025701
0.0562915
0.0418018
0.0477632
0.0377169
0.0333438
0.0230695
0.0147125
0.00400843
-0.00434801
-0.0146323
-0.0190001
-0.0290708
-0.0230856
-0.0376316
-0.0069624
-0.0454282
0.0530941
-0.0893744
0.253851
-0.385337
1.21609
-2.67975
2.60112
-1.15465
0.389425
-0.223517
0.105878
-0.0296903
0.0644085
0.0278381
0.0570012
0.0428375
0.0483151
0.0382206
0.0336419
0.0232605
0.0147664
0.00395419
-0.0045386
-0.0149289
-0.0195004
-0.029618
-0.0241135
-0.0383341
-0.00908846
-0.0458175
0.0485156
-0.0875344
0.24252
-0.371793
1.1733
-2.5832
2.50063
-1.11014
0.375665
-0.212138
0.103866
-0.0253192
0.0645531
0.0297498
0.0574681
0.0436927
0.0486889
0.0386013
0.03384
0.0233962
0.0147976
0.00391875
-0.00467781
-0.0151292
-0.019881
-0.0299899
-0.0249637
-0.0387953
-0.0109904
-0.0459557
0.0441618
-0.085516
0.231187
-0.358014
1.12891
-2.48263
2.39627
-1.06411
0.361643
-0.200789
0.101663
-0.0211964
0.0644441
0.0314203
0.0576925
0.0443596
0.0488837
0.0388557
0.0339373
0.0234756
0.0148059
0.00390239
-0.00476433
-0.0152322
-0.0201386
-0.0301858
-0.0256281
-0.039016
-0.0126524
-0.0458398
0.0400565
-0.0833037
0.219882
-0.34397
1.08299
-2.3782
2.28825
-1.01662
0.347323
-0.189495
0.0992536
-0.0173405
0.0640795
0.0328382
0.057677
0.044833
0.048901
0.038982
0.033934
0.0234981
0.0147916
0.00390513
-0.00479746
-0.0152378
-0.0202713
-0.030207
-0.0261017
-0.0389985
-0.0140632
-0.0454682
0.0362181
-0.0808816
0.208631
-0.329625
1.0356
-2.27012
2.17675
-0.967721
0.332669
-0.178277
0.0966216
-0.0137654
0.0634592
0.0339966
0.0574263
0.0451108
0.048744
0.0389801
0.0338313
0.0234639
0.0147551
0.00392675
-0.00477717
-0.0151472
-0.0202788
-0.0300564
-0.0263822
-0.0387476
-0.0152161
-0.0448408
0.0326601
-0.0782343
0.197455
-0.31494
0.986797
-2.15856
2.06195
-0.917465
0.317639
-0.167153
0.0937528
-0.0104804
0.0625854
0.0348925
0.0569476
0.0451936
0.0484178
0.0388515
0.0336317
0.0233738
0.014697
0.00396678
-0.00470406
-0.0149628
-0.0201625
-0.0297393
-0.0264701
-0.0382705
-0.0161084
-0.04396
0.0293915
-0.0753472
0.18637
-0.299872
0.936632
-2.0437
1.94406
-0.865909
0.302192
-0.156138
0.0906341
-0.00749135
0.0614626
0.0355274
0.0562504
0.0450848
0.0479296
0.0385993
0.0333389
0.0232292
0.0146181
0.00402452
-0.00457941
-0.0146879
-0.0199253
-0.0292627
-0.0263687
-0.0375766
-0.0167414
-0.0428304
0.0264176
-0.0722075
0.175392
-0.284379
0.885162
-1.92574
1.82326
-0.813117
0.286289
-0.145248
0.087255
-0.00480049
0.0600982
0.0359065
0.0553466
0.0447907
0.0472883
0.0382282
0.0329574
0.0230321
0.0145197
0.00409905
-0.00440512
-0.0143271
-0.0195717
-0.0286353
-0.0260844
-0.0366778
-0.0171204
-0.0414597
0.0237403
-0.068805
0.164537
-0.268423
0.83245
-1.80488
1.69979
-0.759167
0.269896
-0.134505
0.0836087
-0.00240755
0.0585032
0.0360385
0.054251
0.0443202
0.0465049
0.0377443
0.032493
0.0227852
0.0144029
0.00418919
-0.00418372
-0.0138859
-0.019108
-0.027868
-0.025626
-0.0355889
-0.0172543
-0.039859
0.0213589
-0.0651334
0.153824
-0.251969
0.778575
-1.68134
1.5739
-0.704167
0.25299
-0.123933
0.0796939
-0.00031016
0.0566925
0.035936
0.052981
0.0436853
0.0455921
0.0371555
0.0319524
0.0224919
0.0142692
0.00429365
-0.00391843
-0.0133709
-0.0185418
-0.0269736
-0.0250052
-0.0343275
-0.0171558
-0.0380435
0.0192707
-0.0611915
0.143278
-0.234994
0.723643
-1.55537
1.44588
-0.648265
0.235562
-0.11357
0.075516
0.00149558
0.0546859
0.035615
0.0515572
0.0429002
0.0445645
0.0364713
0.0313432
0.0221561
0.0141204
0.00441084
-0.00361309
-0.0127897
-0.0178823
-0.0259665
-0.0242365
-0.0329139
-0.0168409
-0.036033
0.0174715
-0.0569855
0.132936
-0.217489
0.667803
-1.42728
1.31611
-0.591673
0.217627
-0.103467
0.0710898
0.00301452
0.0525082
0.0350949
0.0500032
0.0419821
0.0434388
0.0357025
0.0306742
0.0217823
0.0139582
0.00453899
-0.00327212
-0.012151
-0.0171405
-0.0248632
-0.0233367
-0.0313719
-0.0163289
-0.0338527
0.0159561
-0.0525307
0.122848
-0.199471
0.611265
-1.29742
1.18506
-0.534692
0.199236
-0.0936955
0.066442
0.00425205
0.0501905
0.0343984
0.0483462
0.0409505
0.0422332
0.0348613
0.0299552
0.0213757
0.0137847
0.00467613
-0.00290054
-0.0114643
-0.0163285
-0.0236821
-0.0223254
-0.0297286
-0.0156428
-0.0315338
0.014719
-0.0478543
0.113086
-0.180991
0.554332
-1.16628
1.05338
-0.477757
0.180484
-0.0843533
0.0616139
0.00521388
0.0477707
0.0335518
0.0466165
0.0398275
0.040968
0.0339616
0.0291965
0.0209418
0.0136021
0.00482014
-0.002504
-0.0107403
-0.01546
-0.0224433
-0.0212247
-0.0280143
-0.0148087
-0.0291145
0.0137542
-0.0429985
0.103747
-0.162147
0.497437
-1.0345
0.92194
-0.421489
0.161531
-0.0755701
0.0566648
0.00590617
0.0452942
0.0325847
0.0448482
0.0386376
0.0396652
0.0330185
0.0284098
0.020487
0.0134128
0.00496868
-0.00208867
-0.0099902
-0.0145501
-0.0211688
-0.020059
-0.0262633
-0.0138561
-0.0266404
0.0130558
-0.0380234
0.094961
-0.1431
0.441203
-0.902962
0.791972
-0.366768
0.14262
-0.0675124
0.0516751
0.00633615
0.0428149
0.0315303
0.0430792
0.0374077
0.0383487
0.0320482
0.0276072
0.0200179
0.0132191
0.00511928
-0.00166128
-0.00922646
-0.0136151
-0.0198825
-0.018855
-0.0245132
-0.0128183
-0.0241656
0.0126164
-0.0330105
0.0868949
-0.124096
0.386511
-0.772885
0.665212
-0.31481
0.12409
-0.0603793
0.0467475
0.00651568
0.0403949
0.0304267
0.0413509
0.0361674
0.0370443
0.0310691
0.0268022
0.0195421
0.0130239
0.00526922
-0.00122934
-0.00846243
-0.0126733
-0.0186102
-0.0176426
-0.0228057
-0.0117332
-0.0217526
0.0124243
-0.0280635
0.0797485
-0.105476
0.334577
-0.646012
0.544007
-0.267155
0.106309
-0.0543598
0.0419883
0.00647489
0.0381001
0.0293207
0.0397076
0.0349511
0.0357799
0.0301014
0.0260094
0.019068
0.0128299
0.00541569
-0.000801324
-0.0077126
-0.0117448
-0.0173795
-0.0164556
-0.0211847
-0.0106475
-0.019467
0.0124496
-0.0232897
0.0737113
-0.0876145
0.286945
-0.524693
0.431446
-0.225928
0.0895886
-0.0496239
0.0374869
0.00625964
0.0359925
0.0282624
0.038189
0.0337893
0.034577
0.0291604
0.0252382
0.0186009
0.0126384
0.00555671
-0.000383128
-0.00698702
-0.0108454
-0.0162125
-0.015325
-0.0196903
-0.00961145
-0.0173715
0.0126462
-0.0187798
0.0689532
-0.0708252
0.245742
-0.412016
0.33405
-0.196247
0.0751222
-0.0468163
0.0335575
0.00578379
0.0341952
0.0272504
0.0368426
0.0326812
0.0334472
0.0282396
0.0244875
0.0181351
0.0124488
0.00569096
2.90676e-05
-0.00628638
-0.00997008
-0.0151222
-0.0142511
-0.0183709
-0.008624
-0.0155902
0.0131001
-0.0148514
0.0661196
-0.0563119
0.216092
-0.314504
0.270324
-0.192105
0.0701747
-0.0490871
0.0320296
0.00427743
0.0332175
0.0260758
0.035832
0.0315721
0.0324581
0.0273314
0.0237907
0.0176709
0.0122747
0.00580768
0.000437873
-0.00564175
-0.00910882
-0.0141747
-0.0131767
-0.0173905
-0.00747296
-0.0146356
0.0145888
-0.0133443
0.0683774
-0.0513634
0.212005
-0.250672
-4.81677e-05
-0.0310757
-0.0302476
0.0658927
0.21042
0.348397
0.473657
0.595411
0.711265
0.80151
0.83736
0.793171
0.657355
0.437023
0.157573
-0.143209
-0.422847
-0.643605
-0.780079
-0.825022
-0.789823
-0.700013
-0.584406
-0.462797
-0.337632
-0.1997
-0.0551699
0.0409888
0.0418218
0.0108199
-0.00516896
-0.0380713
-0.0133543
0.105213
0.249345
0.375022
0.486874
0.594216
0.69256
0.76331
0.782335
0.729777
0.5981
0.394928
0.142347
-0.127981
-0.38073
-0.584289
-0.716587
-0.769888
-0.751538
-0.681259
-0.583185
-0.475996
-0.364239
-0.238615
-0.09449
0.0240947
0.0488161
0.0159283
-0.0119445
-0.041236
0.0111793
0.145788
0.283042
0.394929
0.493633
0.586729
0.66828
0.721465
0.726492
0.668231
0.542121
0.355793
0.1283
-0.113921
-0.341559
-0.528235
-0.654926
-0.713917
-0.709587
-0.656916
-0.575667
-0.482735
-0.384129
-0.2723
-0.135062
-0.000441883
0.0519773
0.022697
-0.0203007
-0.0388402
0.0420742
0.185219
0.311246
0.409368
0.495647
0.575355
0.641914
0.680431
0.674697
0.613106
0.493091
0.321973
0.116242
-0.101838
-0.307693
-0.47912
-0.599678
-0.661984
-0.668436
-0.630475
-0.564255
-0.484729
-0.398552
-0.300491
-0.17449
-0.0313391
0.0495777
0.0310491
-0.029877
-0.0294153
0.0787059
0.222957
0.334743
0.419366
0.493655
0.560609
0.613598
0.639626
0.62547
0.562226
0.44869
0.291699
0.105511
-0.0910694
-0.277361
-0.434627
-0.548668
-0.61261
-0.627504
-0.602074
-0.549465
-0.482714
-0.408534
-0.323974
-0.21222
-0.0679706
0.0401516
0.0406236
-0.0397965
-0.0116711
0.11961
0.257698
0.353526
0.425229
0.487949
0.542837
0.583605
0.599017
0.578331
0.514726
0.407923
0.264184
0.0958104
-0.0813194
-0.24978
-0.39376
-0.501032
-0.565319
-0.586759
-0.571986
-0.531642
-0.476984
-0.414381
-0.342744
-0.246951
-0.108871
0.0224096
0.0505437
-0.0486755
0.0151777
0.162718
0.288079
0.367481
0.427078
0.478745
0.522427
0.552386
0.558947
0.53339
0.470475
0.370524
0.239181
0.0870398
-0.0724885
-0.224701
-0.356256
-0.456642
-0.52022
-0.546543
-0.540662
-0.511173
-0.467753
-0.416216
-0.356687
-0.277323
-0.151973
-0.00443366
0.059426
-0.0546759
0.0511742
0.205648
0.313127
0.376728
0.425118
0.466343
0.499815
0.520393
0.519735
0.490744
0.429359
0.336263
0.216476
0.0791138
-0.0644915
-0.20191
-0.321881
-0.415381
-0.477411
-0.507177
-0.508553
-0.488493
-0.455319
-0.414241
-0.365924
-0.302362
-0.194894
-0.0404216
0.0654328
-0.055574
0.0955056
0.245935
0.332319
0.381553
0.419598
0.451087
0.475438
0.488028
0.481624
0.45042
0.391215
0.304886
0.19585
0.0719467
-0.0572435
-0.18119
-0.290385
-0.377087
-0.436916
-0.468903
-0.476062
-0.46404
-0.440027
-0.408707
-0.370741
-0.321547
-0.235173
-0.0847426
0.0663403
-0.0488706
0.146468
0.281268
0.345575
0.38232
0.410788
0.433351
0.449722
0.455644
0.444805
0.412408
0.355873
0.276156
0.177104
0.0654617
-0.0506682
-0.162342
-0.261529
-0.341589
-0.398726
-0.431911
-0.44354
-0.438236
-0.422248
-0.399881
-0.371501
-0.334797
-0.2705
-0.135694
0.0596485
-0.0319414
0.201511
0.309713
0.353205
0.37941
0.398975
0.413529
0.423069
0.423552
0.409428
0.376681
0.323172
0.249857
0.160063
0.0595912
-0.0446987
-0.145191
-0.235098
-0.308726
-0.362815
-0.396352
-0.411298
-0.411483
-0.402376
-0.388049
-0.368587
-0.342425
-0.29894
-0.190728
0.0427317
-0.00221572
0.257373
0.329906
0.355828
0.373182
0.384471
0.392025
0.395852
0.392021
0.375607
0.343196
0.292955
0.225797
0.144569
0.054276
-0.0392764
-0.129581
-0.2109
-0.278342
-0.32914
-0.362338
-0.379604
-0.384155
-0.380811
-0.373522
-0.362353
-0.345047
-0.319132
-0.246584
0.0130179
0.0426319
0.310289
0.341195
0.354256
0.363943
0.367614
0.369241
0.368413
0.361278
0.343424
0.311898
0.265073
0.203796
0.130485
0.0494635
-0.0343495
-0.115373
-0.188756
-0.25029
-0.297645
-0.329954
-0.348686
-0.35659
-0.357956
-0.356635
-0.353107
-0.343475
-0.330422
-0.299498
-0.0318202
0.104496
0.356261
0.343704
0.349363
0.351946
0.348773
0.345565
0.341055
0.331512
0.312935
0.282723
0.239386
0.183695
0.117686
0.0451073
-0.0298722
-0.102444
-0.168507
-0.224427
-0.268266
-0.299253
-0.318731
-0.329092
-0.334198
-0.337757
-0.3411
-0.338583
-0.332935
-0.345472
-0.093679
0.18468
0.391365
0.338321
0.34196
0.337404
0.328345
0.321362
0.314044
0.302879
0.284172
0.255599
0.215759
0.165346
0.10606
0.041166
-0.0258038
-0.0906845
-0.150007
-0.20062
-0.240933
-0.270269
-0.289895
-0.301927
-0.309898
-0.317282
-0.326542
-0.331179
-0.327558
-0.380581
-0.173862
0.283772
0.412053
0.326603
0.332687
0.320512
0.306749
0.296963
0.287613
0.275501
0.257147
0.230449
0.194064
0.148615
0.0955086
0.0376027
-0.0221082
-0.0799943
-0.133121
-0.178742
-0.21557
-0.243014
-0.262301
-0.275325
-0.285388
-0.295627
-0.309628
-0.321903
-0.315845
-0.401277
-0.272957
0.401575
0.415437
0.310617
0.32194
0.30149
0.284409
0.272657
0.261955
0.249472
0.231856
0.207196
0.174182
0.133382
0.0859419
0.0343846
-0.0187532
-0.0702849
-0.11773
-0.158675
-0.192099
-0.217484
-0.236044
-0.249481
-0.260955
-0.273216
-0.290574
-0.311148
-0.299862
-0.40467
-0.39077
0.537105
0.399514
0.292729
0.309834
0.280611
0.261741
0.248694
0.237239
0.224863
0.20828
0.185757
0.155999
0.119533
0.077279
0.0314822
-0.0157099
-0.0614762
-0.103721
-0.140305
-0.170439
-0.193662
-0.211193
-0.224561
-0.236848
-0.250463
-0.269655
-0.299028
-0.281974
-0.388756
-0.526312
0.688635
0.363309
0.275372
0.296219
0.258236
0.239128
0.22528
0.213599
0.20172
0.186391
0.166051
0.139408
0.106966
0.0694471
0.028869
-0.0129524
-0.0534957
-0.0909933
-0.123528
-0.150511
-0.171521
-0.187796
-0.2007
-0.213272
-0.22775
-0.247228
-0.285392
-0.264613
-0.352558
-0.677857
0.853807
0.306933
0.260813
0.28073
0.234825
0.216899
0.202585
0.191147
0.180071
0.166151
0.147997
0.12431
0.0955888
0.0623799
0.026521
-0.0104576
-0.0462781
-0.0794537
-0.108242
-0.132233
-0.151023
-0.16588
-0.178011
-0.190397
-0.205404
-0.223752
-0.269873
-0.250044
-0.296184
-0.843044
1.02978
0.231538
0.250954
0.26287
0.210934
0.195315
0.180751
0.169969
0.159923
0.147513
0.131513
0.110609
0.0853134
0.0560173
0.0244167
-0.00820427
-0.0397637
-0.0690163
-0.0943554
-0.115526
-0.132125
-0.145456
-0.156579
-0.168362
-0.183684
-0.199782
-0.251971
-0.240168
-0.220787
-1.01903
1.2134
0.139199
0.247177
0.242108
0.187199
0.174551
0.159894
0.15013
0.141274
0.130428
0.11652
0.0982151
0.0760605
0.0503044
0.0225365
-0.00617347
-0.0338981
-0.059602
-0.0817784
-0.100312
-0.114776
-0.12652
-0.136469
-0.147284
-0.162764
-0.175951
-0.231157
-0.236365
-0.128439
-1.20266
1.40141
0.0327135
0.250256
0.217987
0.164292
0.154699
0.140121
0.131671
0.124104
0.114838
0.102939
0.087045
0.0677563
0.0451909
0.0208623
-0.00434786
-0.0286317
-0.0511376
-0.0704275
-0.0865127
-0.0989226
-0.109057
-0.117723
-0.12727
-0.142736
-0.152932
-0.206971
-0.239409
-0.0219367
-1.39068
1.5906
-0.0846321
0.260342
0.190213
0.142883
0.135768
0.12153
0.114612
0.108388
0.100685
0.0906937
0.0770184
0.0603325
0.0406307
0.019378
-0.00271161
-0.0239188
-0.0435552
-0.0602237
-0.0740531
-0.0845073
-0.0930415
-0.100361
-0.108415
-0.123607
-0.13139
-0.179116
-0.249448
0.0954343
-1.57986
1.77798
-0.209318
0.277
0.158719
0.12358
0.117704
0.104214
0.098949
0.0940898
0.0879056
0.0797083
0.0680597
0.0537254
0.0365813
0.0180684
-0.00125025
-0.0197173
-0.0367916
-0.0510919
-0.0628593
-0.0714693
-0.0784407
-0.0843835
-0.0908163
-0.105321
-0.111935
-0.147526
-0.266048
0.220156
-1.76723
1.96088
-0.337838
0.29932
0.123704
0.106887
0.100404
0.0882674
0.0846603
0.0811704
0.0764355
0.0699102
0.060097
0.0478758
0.0330033
0.0169197
4.95515e-05
-0.0159884
-0.0307881
-0.0429611
-0.0528594
-0.0597458
-0.0652174
-0.0697688
-0.0745662
-0.0877759
-0.0950673
-0.112396
-0.288295
0.34872
-1.95011
2.13707
-0.466905
0.32604
0.0856307
0.093162
0.0837451
0.0737775
0.0717035
0.0695859
0.0662079
0.0612287
0.0530624
0.0427282
0.0298601
0.0159193
0.00120008
-0.0126961
-0.0254897
-0.0357636
-0.0439837
-0.0492719
-0.0533306
-0.0564773
-0.0597542
-0.0708471
-0.0811433
-0.0741885
-0.314928
0.477845
-2.12626
2.30474
-0.59362
0.355707
0.0451935
0.0825919
0.067606
0.0608238
0.0600204
0.0592905
0.0571542
0.0535951
0.0468908
0.0382307
0.0271179
0.0150552
0.00221271
-0.0098066
-0.0208446
-0.0294349
-0.0361645
-0.0399811
-0.0427371
-0.0444537
-0.0464617
-0.0544141
-0.0703497
-0.033595
-0.344492
0.604629
-2.29388
2.46254
-0.715572
0.386824
0.00326123
0.0751883
0.0518913
0.0494699
0.0495396
0.0502368
0.0492051
0.0469432
0.0415206
0.0343346
0.0247449
0.0143165
0.00309801
-0.00728873
-0.0168045
-0.0239134
-0.0293361
-0.0318053
-0.0333925
-0.0336299
-0.0347542
-0.0383819
-0.0626966
0.00851699
-0.375487
0.726665
-2.45161
2.60953
-0.830886
0.417975
-0.0391966
0.0707957
0.0365473
0.0397566
0.0401816
0.0423762
0.0422902
0.041209
0.0368927
0.030994
0.0227115
0.0136928
0.00386586
-0.00511313
-0.0133236
-0.0191405
-0.0234351
-0.0246759
-0.0252509
-0.0239299
-0.0246761
-0.022698
-0.0580279
0.05118
-0.406496
0.842078
-2.59852
2.74512
-0.938215
0.447931
-0.0811883
0.0691172
0.0215714
0.0316961
0.0318626
0.035659
0.0363391
0.0363308
0.0329507
0.0281655
0.0209897
0.0131747
0.00452547
-0.00325224
-0.0103588
-0.0150597
-0.0184
-0.0185235
-0.0182651
-0.0152737
-0.0162427
-0.00736179
-0.0560465
0.093404
-0.436287
0.949524
-2.73401
2.86902
-1.0367
0.475706
-0.121774
0.0697504
0.00701392
0.0252667
0.0244998
0.0300334
0.0312817
0.0322491
0.0296407
0.0258081
0.0195534
0.012753
0.00508548
-0.00168013
-0.00786942
-0.0116172
-0.0141714
-0.0132788
-0.0123859
-0.00758236
-0.00943694
0.0075735
-0.0563508
0.13425
-0.463874
1.04814
-2.85779
2.98115
-1.12588
0.500588
-0.160125
0.072229
-0.00702694
0.0204119
0.0180149
0.0254455
0.0270487
0.0289062
0.0269111
0.0238831
0.0183778
0.0124194
0.00555403
-0.000372374
-0.00581667
-0.00876122
-0.0106917
-0.00887328
-0.00756129
-0.000781354
-0.00420666
0.0220061
-0.058476
0.172891
-0.488542
1.13748
-2.96979
3.08162
-1.20564
0.522131
-0.195567
0.0760648
-0.0204168
0.0170408
0.0123378
0.021838
0.0235728
0.0262465
0.0247126
0.0223537
0.0174396
0.0121658
0.00593879
0.000694118
-0.00416389
-0.00644229
-0.0079048
-0.0052395
-0.00373567
0.0051959
-0.000465861
0.0357971
-0.0619364
0.208652
-0.509844
1.21743
-3.0701
3.17061
-1.2761
0.540125
-0.227605
0.0807853
-0.0329999
0.0150318
0.00740811
0.0191501
0.0207886
0.0242161
0.0229977
0.0211849
0.0167168
0.0119848
0.00624703
0.00154118
-0.00287612
-0.00461301
-0.00575645
-0.00231214
-0.000849188
0.0104065
0.00190195
0.0487858
-0.0662631
0.241037
-0.52757
1.2881
-3.15891
3.24841
-1.33754
0.554558
-0.25592
0.0859636
-0.0446153
0.0142396
0.00317666
0.0173166
0.0186338
0.0227623
0.0217215
0.0203432
0.0161884
0.0118691
0.00648564
0.00218947
-0.00192013
-0.00322805
-0.00419359
-2.83149e-05
0.00116269
0.0148971
0.00303741
0.0608055
-0.0710338
0.269725
-0.541706
1.34977
-3.2365
3.31532
-1.39034
0.565559
-0.280364
0.0912389
-0.0551125
0.0145019
-0.000395681
0.0162683
0.0170492
0.021834
0.0208409
0.0197969
0.0158348
0.0118119
0.00666114
0.00265859
-0.00126416
-0.00224416
-0.0031644
0.0016718
0.00236908
0.0187048
0.00309815
0.0717001
-0.0758929
0.294566
-0.552383
1.40284
-3.30318
3.37168
-1.43495
0.573354
-0.300932
0.0963266
-0.0643648
0.0156487
-0.00333902
0.0159324
0.0159793
0.0213811
0.0203149
0.0195156
0.0156371
0.0118069
0.00677978
0.00296707
-0.000877866
-0.00162015
-0.00261825
0.00284478
0.00284336
0.0218584
0.00225043
0.0813367
-0.0805623
0.315552
-0.559831
1.44775
-3.35928
3.41782
-1.47184
0.578226
-0.317738
0.101021
-0.0722781
0.0175099
-0.0056768
0.016233
0.0153721
0.0213547
0.0201045
0.0194702
0.0155776
0.0118479
0.00684748
0.00313248
-0.000732273
-0.00131684
-0.00250547
0.00354359
0.00266231
0.0243809
0.000661063
0.0896157
-0.0848424
0.332788
-0.564332
1.48496
-3.40515
3.4541
-1.50147
0.580478
-0.330978
0.105187
-0.078797
0.0199229
-0.00742853
0.0170924
0.0151794
0.0217067
0.0201727
0.019633
0.0156396
0.0119291
0.00686992
0.00317148
-0.000799645
-0.00129714
-0.00277749
0.00381773
0.00190501
0.0262922
-0.00150943
0.0964766
-0.0886069
0.346466
-0.566197
1.51495
-3.44112
3.48087
-1.52432
0.580413
-0.340905
0.108757
-0.0839056
0.022738
-0.00861233
0.0184323
0.0153563
0.0223903
0.0204847
0.0199773
0.0158072
0.0120449
0.00685251
0.00309979
-0.00105341
-0.00152592
-0.00338683
0.00371328
0.000651417
0.0276113
-0.0041127
0.101899
-0.0917921
0.356832
-0.565733
1.53819
-3.46755
3.49847
-1.54083
0.578319
-0.347804
0.111708
-0.0876257
0.0258228
-0.00924766
0.0201751
0.0158609
0.0233597
0.0210073
0.0204777
0.0160654
0.0121901
0.00680042
0.00293231
-0.00146823
-0.00197001
-0.00428722
0.00327328
-0.00101902
0.0283593
-0.00701633
0.105902
-0.0943837
0.364164
-0.563234
1.55511
-3.4848
3.50725
-1.55145
0.574462
-0.351972
0.114059
-0.0900121
0.0290638
-0.0093571
0.0222453
0.0166542
0.0245704
0.0217095
0.02111
0.0164002
0.0123595
0.00671863
0.00268305
-0.00201981
-0.00259818
-0.0054337
0.00253793
-0.00302893
0.028561
-0.0101062
0.108538
-0.0964039
0.368752
-0.558973
1.56615
-3.49321
3.50755
-1.55659
0.56908
-0.353705
0.11585
-0.0911472
0.0323673
-0.00896806
0.0245707
0.0176993
0.0259794
0.0225618
0.0218509
0.0167982
0.0125484
0.00661186
0.00236526
-0.002685
-0.00338105
-0.0067829
0.00154515
-0.00530416
0.0282463
-0.0132867
0.10989
-0.0978984
0.370883
-0.553197
1.57173
-3.49311
3.49969
-1.55665
0.562388
-0.353285
0.117138
-0.091133
0.0356586
-0.00811333
0.0270834
0.0189611
0.0275454
0.0235368
0.0226785
0.0172468
0.0127523
0.00648459
0.00199141
-0.00344178
-0.00429097
-0.00829318
0.000330933
-0.00777508
0.0274505
-0.0164807
0.110058
-0.0989258
0.370836
-0.546127
1.57223
-3.48486
3.48401
-1.55202
0.554574
-0.350979
0.117983
-0.0900858
0.0388797
-0.00683146
0.0297208
0.0204059
0.029229
0.0246085
0.0235717
0.0177345
0.0129668
0.00634111
0.00157321
-0.00426923
-0.00530198
-0.00992483
-0.00107032
-0.0103772
0.0262149
-0.0196272
0.109162
-0.0995491
0.368871
-0.537958
1.56804
-3.46877
3.46081
-1.54305
0.545806
-0.347032
0.118449
-0.088129
0.0419871
-0.00516621
0.0324256
0.0220011
0.0309926
0.0257526
0.0245109
0.0182502
0.0131878
0.00618549
0.00112164
-0.00514762
-0.00638972
-0.0116403
-0.00262543
-0.013052
0.0245858
-0.0226796
0.107327
-0.09983
0.365232
-0.528865
1.55951
-3.44517
3.43039
-1.53009
0.536232
-0.34167
0.118593
-0.0853886
0.0449494
-0.00316592
0.0351465
0.0237149
0.0328014
0.0269462
0.0254774
0.0187836
0.0134116
0.00602155
0.000646928
-0.00605828
-0.00753135
-0.0134045
-0.00430218
-0.0157469
0.0226139
-0.0256029
0.104683
-0.0998244
0.36014
-0.518998
1.54696
-3.41437
3.39307
-1.51344
0.52598
-0.335095
0.118466
-0.0819888
0.0477442
-0.000882296
0.0378381
0.0255165
0.0346227
0.0281681
0.0264539
0.0193253
0.0136346
0.00585292
0.000158672
-0.00698382
-0.00870548
-0.0151846
-0.00606931
-0.0184155
0.0203531
-0.0283713
0.101357
-0.0995806
0.353801
-0.50849
1.53071
-3.37667
3.3491
-1.49341
0.515161
-0.32749
0.11811
-0.0780492
0.0503559
0.00163072
0.0404606
0.0273757
0.0364265
0.0293982
0.0274242
0.0198664
0.0138535
0.00568295
-0.000334228
-0.00790803
-0.00989207
-0.0169506
-0.00789637
-0.0210172
0.017859
-0.0309662
0.0974735
-0.0991378
0.346397
-0.497453
1.51103
-3.33236
3.29879
-1.47024
0.50387
-0.319022
0.117561
-0.0736821
0.0527735
0.00431835
0.0429796
0.0292628
0.0381854
0.030618
0.0283733
0.0203987
0.0140653
0.00551477
-0.000823543
-0.0088159
-0.0110725
-0.0186749
-0.00975373
-0.023517
0.0151877
-0.0333739
0.0931482
-0.0985266
0.338098
-0.485982
1.48821
-3.28173
3.24238
-1.44419
0.492186
-0.309835
0.116845
-0.068992
0.054989
0.00712609
0.0453655
0.0311495
0.0398746
0.03181
0.0292878
0.0209148
0.0142671
0.00535127
-0.00130167
-0.00969372
-0.0122293
-0.0203329
-0.0116128
-0.025885
0.0123948
-0.035584
0.0884891
-0.0977692
0.329051
-0.474154
1.46246
-3.22503
3.18014
-1.41547
0.480175
-0.300061
0.115981
-0.064074
0.056996
0.010001
0.0475935
0.0330085
0.0414721
0.0329584
0.0301551
0.0214077
0.0144565
0.00519509
-0.00176163
-0.0105291
-0.0133464
-0.0219024
-0.0134463
-0.0280961
0.00953417
-0.0375882
0.0835945
-0.0968802
0.319393
-0.462031
1.43402
-3.16254
3.11232
-1.38429
0.467888
-0.289814
0.114982
-0.0590141
0.0587892
0.0128923
0.0496425
0.0348135
0.0429587
0.0340483
0.0309643
0.0218714
0.0146312
0.00504857
-0.0021971
-0.0113107
-0.0144091
-0.0233641
-0.0152279
-0.0301291
0.00665682
-0.0393796
0.0785532
-0.0958676
0.309241
-0.44966
1.40308
-3.09451
3.03917
-1.35082
0.455364
-0.279195
0.113854
-0.053889
0.0603632
0.0157528
0.0514953
0.0365402
0.0443176
0.0350665
0.0317055
0.0223001
0.0147893
0.00491381
-0.00260234
-0.0120287
-0.0154038
-0.0247011
-0.0169333
-0.0319668
0.00381041
-0.0409517
0.0734441
-0.0947339
0.298702
-0.437076
1.36983
-3.02117
2.96091
-1.31521
0.442627
-0.268294
0.112597
-0.0487665
0.0617127
0.0185389
0.0531377
0.038166
0.0455345
0.0360008
0.0323704
0.022689
0.014929
0.00479272
-0.00297228
-0.0126746
-0.0163185
-0.0258993
-0.01854
-0.0335949
0.00103864
-0.0422987
0.0683365
-0.0934768
0.287868
-0.424299
1.33441
-2.94276
2.87778
-1.27762
0.429693
-0.257185
0.111209
-0.0437058
0.0628324
0.0212113
0.0545585
0.0396701
0.0465978
0.0368406
0.0329517
0.0230337
0.0150491
0.00468684
-0.00330244
-0.013241
-0.0171422
-0.0269467
-0.0200271
-0.0350022
-0.00161917
-0.0434146
0.0632909
-0.0920903
0.276817
-0.41134
1.29698
-2.8595
2.78999
-1.23815
0.416567
-0.245935
0.109682
-0.038758
0.0637168
0.0237351
0.0557491
0.0410344
0.0474981
0.0375766
0.0334435
0.0233306
0.0151483
0.00459749
-0.00358896
-0.0137218
-0.0178657
-0.027834
-0.0213764
-0.0361802
-0.0041283
-0.0442937
0.0583592
-0.090565
0.265618
-0.398198
1.25766
-2.77161
2.69775
-1.19692
0.403243
-0.234599
0.108006
-0.0339668
0.0643608
0.0260804
0.0567032
0.0422429
0.0482282
0.038201
0.0338413
0.0235766
0.0152257
0.00452572
-0.00382859
-0.0141122
-0.0184809
-0.0285538
-0.022572
-0.0371226
-0.0064588
-0.0449306
0.0535853
-0.0888896
0.254329
-0.384865
1.21656
-2.67929
2.60128
-1.15402
0.389706
-0.223223
0.106169
-0.0293687
0.0647594
0.0282218
0.057417
0.0432821
0.0487833
0.0387074
0.0341415
0.0237693
0.0152809
0.0044723
-0.00401875
-0.0144087
-0.0189813
-0.0291013
-0.0236005
-0.0378257
-0.00858552
-0.0453206
0.0490062
-0.0870504
0.242998
-0.371321
1.17377
-2.58274
2.50076
-1.10953
0.375936
-0.211845
0.104158
-0.0249938
0.0649085
0.0301387
0.0578886
0.0441415
0.0491606
0.039091
0.034342
0.0239068
0.0153134
0.00443778
-0.00415745
-0.0146089
-0.0193621
-0.0294736
-0.0244511
-0.0382875
-0.010488
-0.0454594
0.0446516
-0.0850327
0.231664
-0.357543
1.12938
-2.48217
2.39639
-1.06352
0.361904
-0.200497
0.101956
-0.0208662
0.0648048
0.0318152
0.0581184
0.0448131
0.0493594
0.0393485
0.0344418
0.0239882
0.0153232
0.00442241
-0.00424338
-0.0147116
-0.0196197
-0.0296697
-0.025116
-0.0385086
-0.0121506
-0.0453441
0.0405457
-0.082821
0.220358
-0.3435
1.08346
-2.37774
2.28835
-1.01605
0.347576
-0.189203
0.0995481
-0.0170045
0.0644466
0.03324
0.0581091
0.0452918
0.0493809
0.0394782
0.0344412
0.0240128
0.0153104
0.00442621
-0.00427586
-0.0147169
-0.0197524
-0.0296911
-0.0255899
-0.0384915
-0.0135619
-0.044973
0.0367067
-0.0803995
0.209107
-0.329156
1.03607
-2.26966
2.17683
-0.967172
0.332913
-0.177985
0.0969195
-0.0134227
0.0638338
0.034406
0.0578652
0.0455754
0.0492285
0.0394799
0.0343413
0.0239807
0.0152755
0.00444896
-0.00425484
-0.014626
-0.0197598
-0.0295406
-0.0258706
-0.038241
-0.0147153
-0.0443462
0.0331482
-0.0777528
0.19793
-0.314471
0.98726
-2.1581
2.06202
-0.91694
0.317877
-0.16686
0.0940553
-0.01013
0.0629684
0.0353104
0.0573939
0.0456644
0.0489073
0.0393552
0.0341448
0.0238929
0.0152191
0.00449019
-0.00418095
-0.0144411
-0.0196433
-0.0292236
-0.0259587
-0.0377642
-0.0156079
-0.0434658
0.0298792
-0.0748662
0.186844
-0.299404
0.937094
-2.04324
1.94412
-0.86541
0.302424
-0.155843
0.0909425
-0.00713222
0.0618549
0.0359545
0.0567047
0.0455622
0.0484244
0.0391071
0.0338551
0.0237506
0.0151421
0.00454921
-0.00405545
-0.0141657
-0.0194058
-0.0287469
-0.0258574
-0.0370705
-0.0162412
-0.0423365
0.0269049
-0.0717269
0.175866
-0.283912
0.885623
-1.92529
1.82331
-0.812644
0.286517
-0.144951
0.0875708
-0.00443161
0.0605007
0.0363434
0.0558095
0.0452752
0.0477887
0.0387402
0.0334769
0.023556
0.0150455
0.00462505
-0.00388025
-0.0138043
-0.019052
-0.0281194
-0.0255731
-0.0361719
-0.0166204
-0.0409661
0.0242272
-0.0683249
0.165011
-0.267956
0.83291
-1.80443
1.69983
-0.758723
0.270122
-0.134204
0.0839334
-0.00202786
0.0589169
0.036486
0.0547229
0.0448122
0.0470112
0.0382609
0.0330159
0.0233117
0.0149306
0.00471657
-0.00365789
-0.0133625
-0.0185879
-0.027352
-0.0251148
-0.0350832
-0.0167546
-0.0393656
0.0218456
-0.0646536
0.154297
-0.251503
0.779034
-1.68089
1.57393
-0.703751
0.253216
-0.123627
0.080029
8.14805e-05
0.0571184
0.0363947
0.0534625
0.0441851
0.0461046
0.0376768
0.0324789
0.023021
0.0147989
0.00482245
-0.00339162
-0.0128468
-0.0180213
-0.0264574
-0.0244939
-0.0338217
-0.0166562
-0.0375503
0.0197572
-0.060712
0.143751
-0.234528
0.724102
-1.55492
1.44591
-0.647877
0.235789
-0.113257
0.0758632
0.00190037
0.0551248
0.0360855
0.0520488
0.0434083
0.0450834
0.0369975
0.0318733
0.0226879
0.014652
0.00494109
-0.00308524
-0.012265
-0.0173614
-0.02545
-0.0237251
-0.0324081
-0.0163413
-0.03554
0.0179578
-0.0565062
0.133409
-0.217023
0.668262
-1.42682
1.31614
-0.591312
0.217859
-0.103145
0.071451
0.00343375
0.0529611
0.0355779
0.0505054
0.0424986
0.0439642
0.0362337
0.0312081
0.0223169
0.0144919
0.00507072
-0.00274321
-0.0116255
-0.0166191
-0.0243465
-0.0228251
-0.0308661
-0.0158294
-0.0333597
0.0164423
-0.0520515
0.12332
-0.199006
0.611723
-1.29697
1.18509
-0.534357
0.199475
-0.0933623
0.0668191
0.00468707
0.0506585
0.0348946
0.0488593
0.0414758
0.0427654
0.0353976
0.0304929
0.0219131
0.0143205
0.00520937
-0.00237055
-0.0109381
-0.0158066
-0.023165
-0.0218137
-0.0292226
-0.0151432
-0.0310408
0.0152051
-0.0473752
0.113558
-0.180526
0.55479
-1.16583
1.05341
-0.477446
0.180733
-0.0840063
0.0620092
0.00566616
0.0482547
0.0340617
0.047141
0.0403618
0.0415072
0.0345031
0.0297381
0.0214821
0.01414
0.00535489
-0.00197292
-0.0102133
-0.0149376
-0.0219258
-0.0207127
-0.0275082
-0.0143089
-0.0286214
0.0142404
-0.0425194
0.104219
-0.161682
0.497895
-1.03405
0.921967
-0.421198
0.161795
-0.0752061
0.0570804
0.00637727
0.0457953
0.033109
0.0453845
0.0391811
0.0402114
0.0335652
0.0289552
0.0210301
0.0139527
0.00550494
-0.00155649
-0.00946241
-0.0140271
-0.0206509
-0.0195466
-0.0257569
-0.0133561
-0.0261471
0.0135421
-0.0375442
0.095433
-0.142635
0.441661
-0.902511
0.791999
-0.366493
0.142902
-0.0671279
0.0521136
0.00682775
0.043334
0.0320696
0.0436275
0.0379606
0.038902
0.0326002
0.0281565
0.0205638
0.0137611
0.00565703
-0.001128
-0.00869787
-0.0130915
-0.0193641
-0.0183423
-0.0240065
-0.0123181
-0.0236721
0.0131028
-0.0325311
0.087367
-0.123631
0.386969
-0.772435
0.665238
-0.314543
0.124394
-0.0599704
0.0472117
0.00702953
0.0409333
0.0309815
0.0419116
0.0367299
0.0376048
0.0316264
0.0273553
0.0200908
0.0135678
0.00580844
-0.000694995
-0.00793305
-0.012149
-0.0180913
-0.0171295
-0.0222987
-0.0112327
-0.0212588
0.012911
-0.027584
0.0802207
-0.105011
0.335035
-0.645562
0.544035
-0.266889
0.106643
-0.053922
0.0424808
0.00701278
0.0386585
0.0298916
0.0402808
0.0355231
0.0363475
0.0306639
0.0265663
0.0196194
0.0133758
0.00595633
-0.000265925
-0.00718243
-0.01122
-0.0168602
-0.0159421
-0.0206774
-0.0101467
-0.018973
0.0129367
-0.0228099
0.0741838
-0.0871495
0.287403
-0.524242
0.431476
-0.22565
0.089958
-0.0491514
0.0380113
0.00682381
0.0365723
0.02885
0.038775
0.0343708
0.0351516
0.029728
0.0257987
0.0191549
0.0131862
0.00609873
0.000153293
-0.00645607
-0.01032
-0.0156927
-0.0148111
-0.0191825
-0.00911014
-0.016877
0.0131336
-0.0182996
0.069426
-0.0703599
0.2462
-0.411565
0.334087
-0.195939
0.0755395
-0.0463004
0.0341195
0.00637794
0.0347987
0.027856
0.0374421
0.0332728
0.0340291
0.0288125
0.0250518
0.0186918
0.0129985
0.00623435
0.000566491
-0.00575467
-0.00944402
-0.0146018
-0.0137366
-0.0178626
-0.00812222
-0.0150952
0.013588
-0.0143708
0.0665927
-0.0558463
0.21655
-0.314054
0.270374
-0.191748
0.0706501
-0.0485201
0.032633
0.00490398
0.0338457
0.0267001
0.0364453
0.0321737
0.0330472
0.0279093
0.0243586
0.0182301
0.0128263
0.00635237
0.00097627
-0.0051093
-0.00858215
-0.0136538
-0.0126617
-0.0168817
-0.00697066
-0.0141401
0.0150772
-0.0128633
0.068851
-0.0508975
0.212463
-0.250221
0.000431239
-0.0305749
-0.0297541
0.0663777
0.2109
0.348871
0.474124
0.59587
0.711715
0.801949
0.837789
0.79359
0.657766
0.437431
0.157987
-0.142778
-0.422391
-0.643118
-0.779573
-0.824535
-0.789422
-0.699786
-0.584435
-0.463124
-0.338234
-0.20048
-0.0559487
0.0404574
0.0417845
0.0106824
-0.00467675
-0.037568
-0.012864
0.105696
0.249823
0.375493
0.487339
0.594673
0.693008
0.763748
0.782763
0.730195
0.59851
0.395336
0.142759
-0.127556
-0.380282
-0.583815
-0.716094
-0.769408
-0.751126
-0.680996
-0.58315
-0.476242
-0.364769
-0.239362
-0.0952954
0.0234552
0.0486549
0.0158883
-0.0114468
-0.0407313
0.011669
0.146269
0.283517
0.395398
0.494095
0.587184
0.668726
0.721901
0.726918
0.668648
0.542531
0.356199
0.128709
-0.113501
-0.34112
-0.527773
-0.654447
-0.713445
-0.709172
-0.656628
-0.575583
-0.482914
-0.384592
-0.273003
-0.135864
-0.00112877
0.0517151
0.022685
-0.0198011
-0.0383349
0.0425647
0.185701
0.311719
0.409835
0.496108
0.575807
0.642357
0.680865
0.675121
0.613522
0.493499
0.322378
0.116648
-0.101423
-0.307262
-0.47867
-0.599212
-0.661521
-0.66802
-0.630169
-0.564133
-0.484854
-0.398956
-0.301145
-0.175268
-0.0320457
0.0492319
0.0310235
-0.0293774
-0.0289108
0.0791975
0.223439
0.335215
0.419831
0.494113
0.56106
0.61404
0.640059
0.625893
0.562641
0.449097
0.292102
0.105915
-0.0906595
-0.276939
-0.434187
-0.548214
-0.612158
-0.627089
-0.601755
-0.549312
-0.482792
-0.408879
-0.324568
-0.212952
-0.0686708
0.0397352
0.040555
-0.0392979
-0.011168
0.120102
0.25818
0.353997
0.425692
0.488405
0.543286
0.584045
0.599449
0.578753
0.515138
0.408328
0.264585
0.0962105
-0.0809148
-0.249365
-0.393331
-0.500589
-0.564876
-0.586347
-0.571657
-0.531463
-0.477019
-0.414669
-0.343269
-0.247617
-0.109545
0.021934
0.0504162
-0.048178
0.0156792
0.163212
0.288562
0.367952
0.427541
0.4792
0.522874
0.552825
0.559377
0.53381
0.470886
0.370928
0.239579
0.0874363
-0.0720892
-0.224293
-0.355836
-0.45621
-0.519787
-0.546135
-0.540326
-0.510972
-0.46775
-0.416447
-0.357139
-0.27791
-0.152603
-0.00495496
0.059228
-0.0541796
0.0516738
0.206141
0.31361
0.377199
0.42558
0.466796
0.500261
0.52083
0.520163
0.491163
0.429769
0.336664
0.216872
0.0795064
-0.0640977
-0.20151
-0.321471
-0.41496
-0.476987
-0.506773
-0.508213
-0.488275
-0.455282
-0.414418
-0.3663
-0.302862
-0.195464
-0.0409713
0.0651551
-0.0550788
0.0960034
0.246428
0.332803
0.382024
0.420059
0.451539
0.475883
0.488464
0.482051
0.450837
0.391623
0.305285
0.196243
0.0723354
-0.0568553
-0.180798
-0.289984
-0.376676
-0.436501
-0.468505
-0.475719
-0.463806
-0.439957
-0.408829
-0.371041
-0.321958
-0.235669
-0.0852997
0.0659752
-0.0483764
0.146964
0.281761
0.346059
0.382791
0.411249
0.433803
0.450166
0.456079
0.44523
0.412823
0.356279
0.276553
0.177494
0.0658462
-0.0502856
-0.161957
-0.261137
-0.341189
-0.398322
-0.43152
-0.443197
-0.43799
-0.422148
-0.399949
-0.371726
-0.335122
-0.270913
-0.136234
0.0591905
-0.0314481
0.202005
0.310205
0.35369
0.379882
0.399436
0.41398
0.423511
0.423986
0.409852
0.377095
0.323576
0.250252
0.160449
0.0599715
-0.0443218
-0.144813
-0.234716
-0.308336
-0.362421
-0.395968
-0.410956
-0.411226
-0.402247
-0.388065
-0.368739
-0.342668
-0.299266
-0.191224
0.042178
-0.00172326
0.257866
0.330397
0.356312
0.373654
0.384933
0.392476
0.396294
0.392454
0.376029
0.343608
0.293357
0.226189
0.144952
0.0546518
-0.0389052
-0.12921
-0.210527
-0.277963
-0.328756
-0.361962
-0.379263
-0.383887
-0.380655
-0.373487
-0.362436
-0.345215
-0.319371
-0.24701
0.0123692
0.0431236
0.31078
0.341685
0.35474
0.364415
0.368076
0.369691
0.368854
0.361709
0.343845
0.312309
0.265473
0.204185
0.130865
0.0498349
-0.0339841
-0.11501
-0.188392
-0.24992
-0.297271
-0.329585
-0.348346
-0.356313
-0.357772
-0.356553
-0.353124
-0.343575
-0.330581
-0.299829
-0.0325593
0.104988
0.356752
0.344193
0.349846
0.352419
0.349235
0.346016
0.341495
0.331943
0.313355
0.283132
0.239784
0.184081
0.118062
0.0454741
-0.0295127
-0.102089
-0.168152
-0.224068
-0.267903
-0.298893
-0.318394
-0.328806
-0.333988
-0.337629
-0.341056
-0.338622
-0.333023
-0.345688
-0.0944993
0.185171
0.391855
0.338809
0.342442
0.337877
0.328808
0.321813
0.314484
0.303308
0.284591
0.256005
0.216154
0.165729
0.106432
0.0415282
-0.0254502
-0.0903365
-0.14966
-0.200271
-0.24058
-0.269917
-0.28956
-0.301632
-0.309663
-0.317111
-0.326441
-0.331163
-0.327586
-0.380666
-0.17475
0.284262
0.412542
0.32709
0.333169
0.320985
0.307211
0.297413
0.288052
0.275928
0.257564
0.230854
0.194457
0.148996
0.0958774
0.0379602
-0.0217605
-0.0796537
-0.132784
-0.178404
-0.215228
-0.242671
-0.261969
-0.275021
-0.285129
-0.295417
-0.309476
-0.321837
-0.315829
-0.401221
-0.273895
0.402065
0.415925
0.311103
0.322421
0.301962
0.284871
0.273108
0.262394
0.249899
0.232271
0.207598
0.174572
0.133759
0.0863069
0.0347374
-0.0184114
-0.0699515
-0.117401
-0.158346
-0.191767
-0.21715
-0.235715
-0.249169
-0.260673
-0.272971
-0.290375
-0.311033
-0.299818
-0.404472
-0.391735
0.537594
0.400002
0.293215
0.310314
0.281083
0.262203
0.249144
0.237677
0.225289
0.208694
0.186157
0.156386
0.119907
0.0776402
0.0318303
-0.0153739
-0.06115
-0.103401
-0.139987
-0.170118
-0.193337
-0.210867
-0.224241
-0.236545
-0.250186
-0.269414
-0.298867
-0.281916
-0.388421
-0.527281
0.689124
0.363797
0.275857
0.296699
0.258708
0.23959
0.22573
0.214036
0.202145
0.186803
0.16645
0.139793
0.107338
0.0698045
0.0292124
-0.0126223
-0.0531768
-0.090682
-0.123219
-0.1502
-0.171204
-0.187473
-0.200373
-0.21295
-0.227444
-0.246952
-0.285185
-0.264552
-0.352097
-0.678804
0.854296
0.307419
0.261297
0.281209
0.235296
0.217361
0.203035
0.191583
0.180494
0.166561
0.148393
0.124692
0.0959571
0.0627334
0.0268597
-0.0101332
-0.0459662
-0.079151
-0.107944
-0.131932
-0.150715
-0.16556
-0.177678
-0.190057
-0.205073
-0.223445
-0.269619
-0.249989
-0.295615
-0.843943
1.03027
0.232025
0.251437
0.263347
0.211405
0.195776
0.1812
0.170405
0.160346
0.147922
0.131907
0.110988
0.0856785
0.056367
0.0247508
-0.00788561
-0.0394587
-0.0687219
-0.0940661
-0.115236
-0.131824
-0.145139
-0.156241
-0.168007
-0.18333
-0.199452
-0.251671
-0.240123
-0.22013
-1.01986
1.21389
0.139685
0.247659
0.242584
0.187669
0.175012
0.160343
0.150566
0.141695
0.130834
0.116912
0.0985923
0.0764224
0.0506503
0.0228659
-0.00586043
-0.0335999
-0.0593156
-0.0814983
-0.100031
-0.114484
-0.126207
-0.136127
-0.146917
-0.162391
-0.175602
-0.230812
-0.236331
-0.127718
-1.20339
1.4019
0.033199
0.250738
0.218463
0.164762
0.155158
0.140569
0.132106
0.124524
0.115243
0.103329
0.0874195
0.0681151
0.0455331
0.0211872
-0.00404031
-0.0283401
-0.050859
-0.0701562
-0.0862409
-0.0986381
-0.108748
-0.117378
-0.126893
-0.142345
-0.152571
-0.206582
-0.239385
-0.0211758
-1.39129
1.59109
-0.084147
0.260823
0.190688
0.143352
0.136227
0.121977
0.115045
0.108806
0.101088
0.0910811
0.0773903
0.0606881
0.0409692
0.0196984
-0.00240943
-0.0236336
-0.0432842
-0.0599609
-0.0737901
-0.0842304
-0.0927368
-0.100016
-0.108032
-0.123201
-0.131022
-0.178688
-0.249427
0.0962117
-1.58035
1.77847
-0.208834
0.277481
0.159193
0.124048
0.118162
0.10466
0.099381
0.0945064
0.0883065
0.0800935
0.0684289
0.054078
0.0369161
0.0183845
-0.000953268
-0.0194383
-0.0365279
-0.0508372
-0.0626047
-0.0711998
-0.0781408
-0.0840382
-0.0904292
-0.104903
-0.111564
-0.147062
-0.266023
0.220929
-1.76757
1.96137
-0.337353
0.299799
0.124178
0.107354
0.100861
0.0887123
0.085091
0.0815854
0.0768346
0.0702931
0.0604636
0.0482253
0.0333345
0.0172316
0.000341507
-0.0157154
-0.0305313
-0.0427141
-0.0526128
-0.0594835
-0.0649227
-0.069425
-0.0741781
-0.087348
-0.0946964
-0.111904
-0.288258
0.349472
-1.95031
2.13756
-0.466421
0.326519
0.0861037
0.0936277
0.0842009
0.0742211
0.0721327
0.0699993
0.066605
0.0616094
0.0534264
0.0430747
0.0301879
0.0162271
0.00148721
-0.0124287
-0.0252394
-0.0355237
-0.0437445
-0.0490164
-0.0530415
-0.0561363
-0.0593681
-0.0704117
-0.0807753
-0.0736747
-0.31487
0.478562
-2.12632
2.30523
-0.593137
0.356186
0.0456657
0.0830565
0.0680606
0.0612661
0.0604481
0.0597022
0.0575494
0.0539736
0.0472523
0.0385743
0.0274423
0.0153591
0.00249523
-0.00954456
-0.0206004
-0.0292017
-0.0359323
-0.0397322
-0.0424542
-0.0441167
-0.0460799
-0.0539738
-0.0699864
-0.0330676
-0.344405
0.605304
-2.2938
2.46303
-0.715089
0.387301
0.00373263
0.0756518
0.0523446
0.0499106
0.0499657
0.0506468
0.0495983
0.0473195
0.0418796
0.0346754
0.025066
0.0146166
0.00337616
-0.00703173
-0.016566
-0.0236865
-0.0291105
-0.0315629
-0.0331161
-0.033298
-0.0343793
-0.0379396
-0.0623388
0.00905013
-0.375365
0.727293
-2.4514
2.61002
-0.830403
0.418452
-0.0387261
0.071258
0.0369992
0.0401958
0.0406059
0.0427844
0.0426815
0.0415832
0.0372493
0.031332
0.0230294
0.0139893
0.00413989
-0.00486082
-0.0130904
-0.0189193
-0.0232156
-0.0244396
-0.0249814
-0.0236042
-0.0243101
-0.0222566
-0.0576758
0.0517113
-0.406334
0.842658
-2.59818
2.74561
-0.937733
0.448407
-0.0807188
0.0695782
0.0220217
0.0321335
0.0322852
0.0360653
0.0367285
0.0367029
0.0333049
0.0285008
0.0213046
0.0134678
0.00479564
-0.00300425
-0.0101305
-0.0148437
-0.0181861
-0.0182931
-0.0180028
-0.0149551
-0.0158873
-0.00692447
-0.0557001
0.0939266
-0.436084
0.95006
-2.73356
2.86951
-1.03622
0.476182
-0.121305
0.0702101
0.00746264
0.0257024
0.0249205
0.0304378
0.0316691
0.0326191
0.0299927
0.0261409
0.0198654
0.0130429
0.00535209
-0.0014361
-0.00764544
-0.0114059
-0.0139627
-0.013054
-0.0121311
-0.00727159
-0.00909349
0.00800367
-0.0560098
0.134758
-0.463629
1.04864
-2.85725
2.98164
-1.1254
0.501063
-0.159657
0.0726872
-0.00657987
0.0208458
0.0184337
0.0258481
0.0274343
0.0292742
0.0272609
0.0242135
0.0186871
0.0127064
0.00581736
-0.000131919
-0.00559662
-0.00855407
-0.0104876
-0.00865376
-0.00731416
-0.000479199
-0.00387614
0.0224261
-0.05814
0.17338
-0.488258
1.13795
-2.96916
3.0821
-1.20516
0.522604
-0.195101
0.0765215
-0.0199715
0.0174728
0.0127547
0.0222388
0.0239565
0.0266126
0.0250601
0.0226817
0.0177464
0.01245
0.00619917
0.000931392
-0.00394729
-0.00623883
-0.00770505
-0.00502505
-0.00349623
0.00548883
-0.000148875
0.0362044
-0.0616051
0.209119
-0.509523
1.21787
-3.0694
3.1711
-1.27562
0.540598
-0.22714
0.0812405
-0.0325564
0.015462
0.00782317
0.019549
0.0211705
0.0245802
0.0233433
0.0215106
0.0170212
0.0122665
0.00650476
0.00177567
-0.0026625
-0.00441273
-0.00556055
-0.00210249
-0.000617401
0.0106897
0.00220512
0.0491779
-0.0659366
0.24148
-0.527217
1.28851
-3.15816
3.2489
-1.33706
0.55503
-0.255456
0.0864173
-0.0441735
0.0146678
0.00358983
0.0177136
0.0190139
0.0231246
0.0220651
0.0206669
0.0164907
0.0121485
0.00674103
0.00242158
-0.00170903
-0.00303046
-0.0040011
0.000176819
0.00138696
0.0151702
0.00332678
0.0611805
-0.0707123
0.270144
-0.541327
1.35018
-3.23571
3.3158
-1.38986
0.566029
-0.279901
0.0916908
-0.0546726
0.0149282
1.56231e-05
0.0166636
0.0174276
0.0221946
0.0211827
0.0201187
0.016135
0.0120893
0.00691453
0.00288872
-0.00105511
-0.0020488
-0.00297492
0.0018727
0.00258605
0.0189676
0.00337397
0.0720565
-0.0755768
0.29496
-0.551983
1.40324
-3.30236
3.37216
-1.43447
0.573824
-0.300472
0.0967768
-0.0639267
0.0160731
-0.00292955
0.0163259
0.016356
0.02174
0.0206549
0.0198355
0.0159355
0.0120826
0.00703149
0.00319562
-0.000670412
-0.00142655
-0.00243134
0.00304174
0.00305334
0.0221108
0.00251314
0.0816737
-0.0802523
0.315922
-0.559415
1.44815
-3.35844
3.4183
-1.47136
0.578694
-0.317279
0.101469
-0.071842
0.0179324
-0.00526913
0.0166249
0.0157472
0.021712
0.0204429
0.0197885
0.0158744
0.0121221
0.00709785
0.00335986
-0.000525964
-0.00112454
-0.00232073
0.0037369
0.00286568
0.024623
0.00091125
0.089933
-0.0845393
0.333136
-0.563907
1.48537
-3.4043
3.45458
-1.501
0.580944
-0.33052
0.105634
-0.0783627
0.0203435
-0.0070226
0.0174827
0.0155529
0.0220625
0.0205096
0.0199498
0.015935
0.012202
0.00711927
0.00339807
-0.000594039
-0.00110571
-0.00259448
0.00400772
0.00210221
0.0265241
-0.00127108
0.0967743
-0.0883115
0.346793
-0.565766
1.51537
-3.44028
3.48135
-1.52385
0.580878
-0.340449
0.109202
-0.0834732
0.0231569
-0.0082081
0.018821
0.0157283
0.0227446
0.0208202
0.0202928
0.0161015
0.0123169
0.00710117
0.00332598
-0.00084808
-0.00133492
-0.00320513
0.00390029
0.000842943
0.0278333
-0.00388541
0.102178
-0.091505
0.35714
-0.565301
1.53862
-3.46672
3.49895
-1.54036
0.578783
-0.34735
0.112151
-0.0871951
0.0262399
-0.00884505
0.0205622
0.0162315
0.0237127
0.0213415
0.0207921
0.0163587
0.0124613
0.00704871
0.00315847
-0.00126275
-0.00177901
-0.00410639
0.00345767
-0.00083262
0.028572
-0.00679929
0.106163
-0.0941057
0.364455
-0.562805
1.55556
-3.48399
3.50773
-1.55098
0.574924
-0.35152
0.1145
-0.0895833
0.0294792
-0.00895606
0.022631
0.0170235
0.0249221
0.0220425
0.0214233
0.0166927
0.0126303
0.00696686
0.00290955
-0.00181377
-0.00240678
-0.00525332
0.00272009
-0.00284706
0.0287648
-0.00989856
0.108782
-0.0961355
0.369028
-0.55855
1.56662
-3.49242
3.50803
-1.55612
0.569541
-0.353254
0.116289
-0.0907201
0.0327811
-0.00856853
0.024955
0.0180673
0.02633
0.0228938
0.0221634
0.0170901
0.012819
0.00686033
0.00259245
-0.002478
-0.00318884
-0.0066025
0.00172553
-0.00512621
0.0284419
-0.0130877
0.110118
-0.0976399
0.371146
-0.552782
1.57221
-3.49236
3.50017
-1.55619
0.562847
-0.352836
0.117575
-0.0907077
0.0360708
-0.00771523
0.0274664
0.0193278
0.0278949
0.0238679
0.0229903
0.0175384
0.0130229
0.00673361
0.00221963
-0.00323344
-0.00409754
-0.00811232
0.000509968
-0.00760039
0.0276387
-0.0162894
0.110273
-0.0986773
0.371087
-0.545722
1.57273
-3.48414
3.48448
-1.55155
0.555031
-0.350532
0.118419
-0.089662
0.0392904
-0.00643472
0.0301025
0.0207715
0.0295775
0.0249388
0.023883
0.0180259
0.0132377
0.00659096
0.00180279
-0.0040592
-0.00510695
-0.00974305
-0.000892125
-0.0102051
0.0263967
-0.0194428
0.109364
-0.0993105
0.369113
-0.537565
1.56856
-3.46809
3.46128
-1.54259
0.546262
-0.346587
0.118884
-0.0877068
0.0423964
-0.00477078
0.0328061
0.0223657
0.0313403
0.0260822
0.0248218
0.0185416
0.0134593
0.00643645
0.00135288
-0.00493553
-0.0061927
-0.0114572
-0.00244756
-0.0128818
0.0247621
-0.0225011
0.107519
-0.0996011
0.365465
-0.528485
1.56004
-3.44453
3.43087
-1.52963
0.536686
-0.341226
0.119026
-0.0849679
0.0453573
-0.00277173
0.035526
0.0240786
0.0331483
0.0272754
0.0257881
0.0190753
0.0136839
0.00627389
0.000880135
-0.0058438
-0.00733197
-0.0132195
-0.00412406
-0.0155779
0.0227857
-0.0254295
0.104866
-0.0996048
0.360366
-0.518632
1.54751
-3.41378
3.39353
-1.51298
0.526432
-0.334652
0.118897
-0.0815696
0.0481508
-0.00048927
0.0382166
0.0258793
0.0349689
0.0284969
0.0267646
0.0196174
0.0139078
0.00610687
0.00039412
-0.00676662
-0.00850337
-0.0149973
-0.00589038
-0.0182469
0.0205214
-0.0282021
0.101533
-0.0993696
0.354021
-0.508139
1.53127
-3.37613
3.34957
-1.49295
0.515611
-0.32705
0.11854
-0.0776313
0.0507613
0.00202264
0.0408381
0.0277377
0.0367721
0.0297267
0.027735
0.0201591
0.0141279
0.00593876
-9.62762e-05
-0.00768782
-0.00968688
-0.0167605
-0.00771601
-0.0208482
0.0180248
-0.0308003
0.0976434
-0.098935
0.346612
-0.497117
1.51161
-3.33187
3.29925
-1.46978
0.504319
-0.318583
0.117989
-0.0732655
0.0531777
0.00470923
0.0433561
0.0296241
0.0385305
0.0309463
0.0286844
0.0206922
0.0143411
0.00577267
-0.000582841
-0.00859239
-0.0108638
-0.0184816
-0.00957133
-0.0233469
0.0153522
-0.0332104
0.0933136
-0.0983312
0.338308
-0.485661
1.48879
-3.28128
3.24284
-1.44373
0.492634
-0.309397
0.117272
-0.0685766
0.0553921
0.00751598
0.0457412
0.0315102
0.0402194
0.0321384
0.0295992
0.0212092
0.0145445
0.00561145
-0.00105798
-0.00946664
-0.0120169
-0.0201359
-0.0114278
-0.0257131
0.0125591
-0.0354219
0.0886513
-0.0975805
0.329257
-0.473848
1.46305
-3.22463
3.1806
-1.41502
0.480622
-0.299624
0.116407
-0.0636597
0.0573981
0.0103899
0.0479684
0.0333685
0.0418166
0.0332868
0.0304671
0.0217032
0.0147356
0.00545775
-0.00151476
-0.0102981
-0.0131299
-0.0217014
-0.0132579
-0.0279216
0.00969926
-0.0374266
0.0837548
-0.0966975
0.319595
-0.46174
1.43462
-3.16219
3.11279
-1.38384
0.468333
-0.289379
0.115407
-0.0586009
0.0591903
0.0132804
0.0500168
0.0351731
0.0433031
0.0343769
0.031277
0.0221681
0.0149122
0.00531388
-0.00194684
-0.0110757
-0.0141882
-0.0231586
-0.0150357
-0.0299513
0.00682377
-0.0392175
0.0787127
-0.0956901
0.309441
-0.449385
1.40368
-3.09419
3.03963
-1.35037
0.455807
-0.278762
0.114277
-0.0534769
0.0607633
0.0161401
0.0518689
0.0368994
0.0446618
0.0353954
0.032019
0.0225982
0.0150723
0.00518194
-0.00234851
-0.0117895
-0.0151783
-0.0244907
-0.0167366
-0.0317848
0.00398024
-0.0407883
0.0736038
-0.0945608
0.298899
-0.436816
1.37042
-3.02089
2.96137
-1.31476
0.443069
-0.267861
0.11302
-0.0483553
0.0621119
0.0189255
0.0535107
0.0385249
0.0458788
0.0363301
0.0326848
0.0229885
0.0152143
0.0050638
-0.00271473
-0.0124309
-0.016088
-0.0256835
-0.0183381
-0.0334081
0.00121234
-0.0421329
0.0684974
-0.0933072
0.288062
-0.424054
1.335
-2.94252
2.87824
-1.27717
0.430134
-0.256754
0.11163
-0.0432956
0.0632308
0.0215971
0.0549311
0.0400288
0.0469421
0.0371704
0.0332671
0.0233349
0.0153366
0.00496102
-0.00304102
-0.0129927
-0.0169065
-0.0267253
-0.0198196
-0.0348099
-0.00144067
-0.0432455
0.063454
-0.0919233
0.277009
-0.411109
1.29757
-2.8593
2.79045
-1.2377
0.417007
-0.245505
0.110102
-0.0383487
0.0641145
0.0241204
0.0561212
0.0413929
0.0478426
0.037907
0.03376
0.0236335
0.0154382
0.00487487
-0.00332353
-0.0134687
-0.0176246
-0.0276065
-0.0211628
-0.0359816
-0.0039441
-0.0441204
0.0585254
-0.0903998
0.265809
-0.39798
1.25824
-2.77144
2.69821
-1.19648
0.403682
-0.234169
0.108426
-0.0335583
0.0647577
0.0264651
0.057075
0.0426012
0.0485729
0.038532
0.034159
0.0238813
0.0155182
0.00480639
-0.00355905
-0.0138541
-0.0182341
-0.02832
-0.0223517
-0.0369173
-0.00626805
-0.0447523
0.0537555
-0.0887252
0.254518
-0.38466
1.21712
-2.67915
2.60173
-1.15358
0.390144
-0.222794
0.106588
-0.028961
0.0651556
0.0286059
0.0577884
0.0436405
0.0491283
0.0390392
0.0344604
0.0240759
0.015576
0.00475636
-0.003745
-0.0141455
-0.0187287
-0.0288609
-0.023373
-0.0376128
-0.00838743
-0.0451362
0.0491812
-0.0868858
0.243185
-0.371128
1.17432
-2.58264
2.50121
-1.10909
0.376373
-0.211417
0.104575
-0.0245869
0.0653041
0.0305224
0.0582598
0.0444999
0.049506
0.0394236
0.0346623
0.0242154
0.0156111
0.00472529
-0.00387941
-0.0143405
-0.0191034
-0.0292262
-0.024216
-0.0380666
-0.0102818
-0.0452682
0.0448323
-0.0848671
0.23185
-0.357362
1.12991
-2.48208
2.39684
-1.06308
0.36234
-0.20007
0.102372
-0.0204599
0.0651999
0.0321985
0.0584894
0.0451715
0.0497052
0.039682
0.0347635
0.0242988
0.0156236
0.00471343
-0.00396098
-0.014438
-0.0193549
-0.0294152
-0.0248729
-0.0382792
-0.0119356
-0.0451452
0.0407329
-0.0826533
0.220543
-0.34333
1.08397
-2.37768
2.2888
-1.01561
0.348011
-0.188777
0.0999641
-0.0165989
0.0648412
0.0336229
0.0584799
0.0456504
0.0497273
0.0398126
0.0347643
0.0243254
0.0156136
0.00472078
-0.00398905
-0.0144379
-0.0194812
-0.0294292
-0.0253385
-0.038253
-0.0133375
-0.0447655
0.0369013
-0.0802287
0.209292
-0.328995
1.03656
-2.26962
2.17728
-0.966729
0.333347
-0.17756
0.0973348
-0.0130177
0.0642279
0.0347886
0.0582359
0.0459341
0.0495754
0.0398153
0.0346659
0.0242955
0.0155815
0.0047471
-0.00396359
-0.0143415
-0.0194821
-0.0292711
-0.0256105
-0.037993
-0.0144807
-0.0441293
0.0333509
-0.0775777
0.198115
-0.314319
0.987727
-2.15807
2.06247
-0.916498
0.31831
-0.166436
0.09447
-0.00972561
0.063362
0.0356927
0.0577646
0.0460233
0.0492547
0.0396916
0.0344709
0.0242097
0.0155279
0.00479192
-0.00388523
-0.0141512
-0.0193591
-0.0289463
-0.0256896
-0.0375062
-0.0153627
-0.0432387
0.0300909
-0.0746857
0.187031
-0.299258
0.937536
-2.04323
1.94456
-0.864969
0.302857
-0.15542
0.0913566
-0.00672835
0.062248
0.0363365
0.0570753
0.0459214
0.0487724
0.0394445
0.0341828
0.0240696
0.0154536
0.00485451
-0.00375527
-0.0138703
-0.019115
-0.0284617
-0.0255791
-0.0368021
-0.0159848
-0.0420985
0.0271265
-0.0715397
0.176054
-0.283773
0.886037
-1.92528
1.82376
-0.812204
0.286949
-0.144528
0.0879842
-0.00402825
0.0608935
0.0367252
0.0561801
0.0456346
0.0481374
0.0390787
0.0338061
0.023877
0.0153598
0.00493393
-0.00357561
-0.0135034
-0.0187545
-0.0278262
-0.0252854
-0.0358928
-0.0163523
-0.0407163
0.0244596
-0.0681297
0.165201
-0.267821
0.833296
-1.80443
1.70028
-0.758283
0.270554
-0.133782
0.0843463
-0.00162496
0.0593093
0.0368676
0.0550935
0.045172
0.0473605
0.0386003
0.0333466
0.0236348
0.0152477
0.00502898
-0.00334882
-0.0130561
-0.0182836
-0.0270507
-0.0248173
-0.034793
-0.0164742
-0.0391033
0.0220897
-0.064449
0.154492
-0.25137
0.779392
-1.6809
1.57438
-0.703312
0.253646
-0.123205
0.0804413
0.000483925
0.0575105
0.0367761
0.0538332
0.0445452
0.0464544
0.0380173
0.032811
0.0233462
0.0151187
0.00513835
-0.00307815
-0.0125349
-0.0177102
-0.0261478
-0.0241867
-0.0335201
-0.016363
-0.0372747
0.0200141
-0.0604965
0.143951
-0.234396
0.72443
-1.55494
1.44636
-0.647439
0.236219
-0.112836
0.076275
0.00230239
0.0555166
0.0364668
0.0524195
0.0437686
0.0454339
0.037339
0.032207
0.0230152
0.0149745
0.00526042
-0.00276745
-0.0119476
-0.0170437
-0.0251322
-0.0234078
-0.0320948
-0.0160349
-0.0352502
0.0182286
-0.0562781
0.133616
-0.21689
0.668561
-1.42685
1.31658
-0.590875
0.218288
-0.102724
0.0718624
0.00383537
0.0533526
0.035959
0.0508762
0.0428593
0.0443154
0.0365762
0.0315433
0.0226462
0.014817
0.00539341
-0.00242117
-0.0113028
-0.0162947
-0.0240203
-0.0224978
-0.0305408
-0.0155094
-0.033055
0.0167281
-0.0518091
0.123537
-0.198868
0.611994
-1.29699
1.18553
-0.53392
0.199903
-0.0929422
0.0672301
0.0050883
0.0510497
0.0352756
0.0492301
0.0418368
0.0431172
0.0357411
0.0308294
0.0222443
0.0146481
0.00553531
-0.00204435
-0.0106102
-0.0154755
-0.0228306
-0.0214762
-0.0288852
-0.014809
-0.0307203
0.0155072
-0.0471165
0.113786
-0.180381
0.555034
-1.16586
1.05385
-0.47701
0.181162
-0.0835866
0.0624196
0.00606702
0.0486456
0.0344426
0.0475119
0.040723
0.0418595
0.0348476
0.030076
0.0218151
0.01447
0.00568399
-0.00164268
-0.00988016
-0.0145999
-0.0215831
-0.020365
-0.0271584
-0.0139602
-0.0282843
0.0145601
-0.0422425
0.10446
-0.161527
0.498115
-1.03408
0.922411
-0.420762
0.162223
-0.0747868
0.0574905
0.00677777
0.0461859
0.0334897
0.0457554
0.0395426
0.0405643
0.0339105
0.0292943
0.0213649
0.0142851
0.00583707
-0.00122236
-0.00912429
-0.0136831
-0.0203001
-0.0191887
-0.0253945
-0.0129924
-0.0257926
0.0138808
-0.0372468
0.0956912
-0.142466
0.441861
-0.902539
0.792442
-0.366057
0.143329
-0.0667091
0.0525233
0.00722788
0.0437244
0.0324501
0.0439984
0.0383223
0.0392554
0.0329464
0.0284969
0.0209003
0.0140957
0.00599204
-0.000790144
-0.00835492
-0.0127413
-0.0190053
-0.0179743
-0.0236314
-0.011939
-0.0232992
0.0134622
-0.0322108
0.0876455
-0.123443
0.387153
-0.772463
0.665682
-0.314108
0.124821
-0.0595519
0.0476209
0.0074293
0.0413233
0.0313618
0.0422824
0.0370918
0.0379586
0.0319732
0.0276969
0.0204288
0.0139045
0.00614617
-0.000353593
-0.00758547
-0.0117927
-0.0177247
-0.0167513
-0.0219108
-0.0108377
-0.0208666
0.0132926
-0.0272382
0.0805235
-0.1048
0.335211
-0.64559
0.544478
-0.266453
0.10707
-0.0535039
0.0428897
0.00741217
0.0390483
0.0302717
0.0406516
0.0358851
0.0367017
0.0310115
0.0269088
0.0199588
0.0137144
0.0062966
7.87984e-05
-0.00683049
-0.0108579
-0.016486
-0.0155541
-0.0202767
-0.00973561
-0.0185607
0.0133421
-0.022436
0.0745153
-0.0869098
0.287579
-0.52427
0.431919
-0.225215
0.0903846
-0.0487337
0.0384198
0.0072228
0.0369617
0.0292298
0.0391457
0.0347329
0.0355061
0.0300762
0.0261422
0.0194957
0.0135266
0.00644135
0.000501119
-0.00610001
-0.00995242
-0.0153111
-0.0144133
-0.0187691
-0.00868251
-0.0164435
0.013565
-0.0178941
0.0697918
-0.0700843
0.246388
-0.411591
0.33453
-0.195504
0.0759659
-0.0458829
0.0345276
0.00677655
0.0351877
0.0282356
0.0378126
0.0336349
0.0343839
0.0291611
0.0253961
0.0190338
0.0133406
0.00657917
0.00091726
-0.00539465
-0.0090711
-0.0142129
-0.0133289
-0.0174358
-0.00767685
-0.0146385
0.0140488
-0.0139282
0.0670016
-0.0555231
0.21677
-0.314073
0.270817
-0.191313
0.0710763
-0.048103
0.0330407
0.00530221
0.0342344
0.0270793
0.0368156
0.0325357
0.0334021
0.0282584
0.0247037
0.0185731
0.0131698
0.00669923
0.00132978
-0.00474553
-0.00820409
-0.0132578
-0.0122442
-0.0164414
-0.00650709
-0.0136592
0.0155699
-0.0123799
0.0693103
-0.0505164
0.212733
-0.250226
)
;

boundaryField
{
    movingWall
    {
        type            zeroGradient;
    }
    Inlet
    {
        type            cyclic;
    }
    Outlet
    {
        type            cyclic;
    }
    Bottom
    {
        type            zeroGradient;
    }
    frontAndBack
    {
        type            empty;
    }
}


// ************************************************************************* //
