/*--------------------------------*- C++ -*----------------------------------*\
| =========                 |                                                 |
| \\      /  F ield         | OpenFOAM: The Open Source CFD Toolbox           |
|  \\    /   O peration     | Version:  2.4.0                                 |
|   \\  /    A nd           | Web:      www.OpenFOAM.org                      |
|    \\/     M anipulation  |                                                 |
\*---------------------------------------------------------------------------*/
FoamFile
{
    version     2.0;
    format      ascii;
    class       volVectorField;
    location    "0.01";
    object      wallShearStress;
}
// * * * * * * * * * * * * * * * * * * * * * * * * * * * * * * * * * * * * * //

dimensions      [0 2 -2 0 0 0 0];

internalField   uniform (0 0 0);

boundaryField
{
    movingWall
    {
        type            calculated;
        value           nonuniform List<vector> 
90
(
(4.51623 -0.0194889 0)
(4.38112 0.0249168 -1.04584e-21)
(4.49138 -0.00492344 3.69746e-21)
(4.44559 0.00587228 1.96623e-21)
(4.47636 -0.000738416 -8.06152e-22)
(4.46535 0.00204215 7.29614e-24)
(4.47448 0.000150654 -6.86015e-22)
(4.47225 0.00104133 9.23183e-22)
(4.47602 0.000442061 7.21498e-23)
(4.47645 0.000725728 4.92181e-22)
(4.47859 0.000479719 -2.62821e-22)
(4.47989 0.000553791 -2.4028e-22)
(4.48188 0.000375057 -2.79324e-22)
(4.48303 0.000274429 -1.60585e-23)
(4.48377 7.81533e-05 1.73237e-23)
(4.48377 -6.60031e-05 6.33355e-24)
(4.48303 -0.000233761 -1.25304e-23)
(4.48244 -0.000335282 4.96081e-23)
(4.48044 -0.000515784 0)
(4.47965 -0.000472204 0)
(4.47697 -0.000751864 1.83139e-22)
(4.47653 -0.000407409 0)
(4.47322 -0.00101554 -1.67534e-22)
(4.47542 -0.000142604 3.91403e-22)
(4.46625 -0.00205394 -3.00673e-22)
(4.47722 0.000791873 0)
(4.44682 -0.00584288 0)
(4.49296 0.00498331 -7.35185e-22)
(4.38226 -0.0250073 -1.44935e-21)
(4.51731 0.0194647 1.1848e-22)
(4.51696 -0.0195297 1.08607e-20)
(4.38188 0.0248921 1.30581e-21)
(4.49217 -0.00494009 -3.70746e-21)
(4.44641 0.00579963 0)
(4.47636 -0.000806353 0)
(4.46535 0.00203587 -3.68646e-24)
(4.47448 0.000146809 0)
(4.47225 0.00103886 3.7635e-22)
(4.47602 0.000439637 0)
(4.47645 0.00075331 -5.01472e-22)
(4.47912 0.000478291 2.67582e-22)
(4.47989 0.00052315 2.3648e-22)
(4.48188 0.000374925 -8.29289e-23)
(4.48303 0.000274279 1.32003e-23)
(4.48377 7.78351e-05 0)
(4.48377 -6.6239e-05 7.40045e-24)
(4.48303 -0.000233936 -9.36663e-24)
(4.48244 -0.000335414 7.43872e-24)
(4.48044 -0.000515884 0)
(4.47965 -0.000472278 0)
(4.47697 -0.00075192 -1.75123e-22)
(4.47653 -0.000407453 0)
(4.47322 -0.00101557 -7.23576e-23)
(4.47542 -0.000142639 0)
(4.46625 -0.00205398 -3.08097e-22)
(4.47722 0.000790578 0)
(4.44682 -0.00584288 -1.01009e-22)
(4.49296 0.00498325 -1.96793e-21)
(4.38226 -0.0250073 -1.16053e-22)
(4.51731 0.0194646 1.15177e-22)
(4.51696 -0.0195297 -1.14049e-20)
(4.38188 0.0248921 2.69763e-22)
(4.49217 -0.00494009 -2.46367e-21)
(4.44641 0.00579963 -2.05074e-22)
(4.47636 -0.000806353 0)
(4.46535 0.00203587 2.90355e-22)
(4.47448 0.000146806 -2.89524e-22)
(4.47225 0.00103885 -3.82201e-22)
(4.47602 0.000439617 0)
(4.47645 0.000753277 -4.84062e-22)
(4.47912 0.00047824 0)
(4.47989 0.000523075 2.13856e-22)
(4.48188 0.000374348 0)
(4.48303 0.00027384 -7.12096e-23)
(4.48377 7.76252e-05 0)
(4.48377 -6.6528e-05 -6.66636e-24)
(4.48303 -0.000234338 1.29009e-23)
(4.48244 -0.000335968 -6.0275e-24)
(4.48044 -0.000516664 0)
(4.47965 -0.000472583 0)
(4.47697 -0.000753522 0)
(4.47653 -0.000439741 0)
(4.47273 -0.0010483 1.52495e-22)
(4.47495 -0.000147529 -1.79488e-22)
(4.4658 -0.00206011 -2.88969e-22)
(4.47679 0.000783095 0)
(4.44641 -0.00588565 0)
(4.49217 0.0049373 0)
(4.3815 -0.0250613 0)
(4.51622 0.0194539 0)
)
;
    }
    Inlet
    {
        type            cyclic;
    }
    Outlet
    {
        type            cyclic;
    }
    Bottom
    {
        type            calculated;
        value           nonuniform List<vector> 
90
(
(-0.00118147 -0.00123958 2.59343e-37)
(-0.00305441 -0.00431861 -2.19193e-20)
(0.00672053 0.011829 3.97989e-20)
(0.0281296 0.0446132 1.13608e-21)
(0.0435205 0.060533 -1.46736e-19)
(0.03573 0.0408563 4.75192e-19)
(-0.00716772 -0.0126063 5.54999e-21)
(-0.0994607 -0.0929293 -5.43615e-21)
(-0.257401 -0.190515 -1.04201e-18)
(-0.490236 -0.288856 1.70121e-20)
(-0.789794 -0.363925 -5.83045e-19)
(-1.1257 -0.390289 -6.01214e-19)
(-1.44949 -0.350713 -4.97945e-19)
(-1.70605 -0.244042 6.39469e-36)
(-1.84798 -0.0874825 1.23744e-21)
(-1.848 0.0874862 4.62116e-37)
(-1.70609 0.244045 -1.12497e-21)
(-1.44949 0.350703 4.24634e-20)
(-1.12562 0.390233 5.85323e-19)
(-0.789588 0.363791 -4.04511e-20)
(-0.489904 0.288622 7.5154e-21)
(-0.257003 0.190194 -1.9894e-18)
(-0.0990788 0.0925707 -3.84883e-20)
(-0.00687016 0.012277 6.49659e-19)
(0.0359132 -0.0410984 2.30838e-19)
(0.0435963 -0.0606599 1.40565e-19)
(0.0281236 -0.0446402 -9.40395e-37)
(0.00666903 -0.0118098 4.58644e-22)
(-0.00308155 0.00432741 -1.48063e-20)
(-0.00118285 0.00123648 3.05292e-21)
(-0.00118284 -0.00123699 1.06897e-37)
(-0.00308358 -0.00432782 -1.14387e-20)
(0.00666716 0.0118095 4.58043e-22)
(0.0281236 0.0446431 -1.31655e-36)
(0.0436022 0.0606677 1.42158e-19)
(0.0359208 0.0411035 2.43055e-19)
(-0.00687521 -0.0122884 6.63404e-19)
(-0.0991064 -0.0926033 -8.49909e-19)
(-0.257043 -0.190237 -9.67537e-19)
(-0.489926 -0.288653 -6.0844e-19)
(-0.78956 -0.363799 -4.19397e-20)
(-1.12554 -0.39022 3.97612e-21)
(-1.4494 -0.350682 3.88287e-20)
(-1.70601 -0.244031 1.15999e-21)
(-1.84796 -0.0874785 0)
(-1.84799 0.087487 1.01707e-36)
(-1.70609 0.244046 -3.99668e-37)
(-1.4495 0.350703 4.06554e-20)
(-1.12562 0.390235 -5.84958e-19)
(-0.789588 0.363793 5.59001e-19)
(-0.489905 0.288622 1.67748e-20)
(-0.257004 0.190194 -8.25867e-21)
(-0.0990787 0.0925715 -8.40597e-19)
(-0.00686996 0.0122774 5.43255e-21)
(0.0359137 -0.041098 2.26693e-19)
(0.0435968 -0.0606597 4.33938e-21)
(0.0281236 -0.0446401 -3.98212e-20)
(0.0066692 -0.0118095 -1.44095e-22)
(-0.00307936 0.0043275 1.79998e-38)
(-0.00118652 0.00123636 2.11948e-21)
(-0.00118653 -0.00123684 7.12184e-38)
(-0.00308152 -0.00432787 6.88766e-40)
(0.00666695 0.0118094 2.88307e-23)
(0.0281233 0.0446431 -4.72183e-20)
(0.0436022 0.0606677 1.70401e-21)
(0.0359208 0.0411034 2.36897e-19)
(-0.00687523 -0.0122884 6.35609e-19)
(-0.0991064 -0.0926033 -3.30655e-20)
(-0.257044 -0.190236 8.38233e-21)
(-0.489925 -0.288653 -1.70279e-20)
(-0.78956 -0.363798 1.30287e-20)
(-1.12554 -0.390219 -6.01891e-19)
(-1.44939 -0.350681 4.25153e-20)
(-1.70601 -0.244029 1.51286e-19)
(-1.84797 -0.0874779 -1.49942e-20)
(-1.84801 0.0874905 -1.37199e-20)
(-1.70614 0.244058 1.12223e-21)
(-1.44958 0.350735 3.8845e-20)
(-1.12577 0.390304 -1.50463e-36)
(-0.789822 0.363919 5.6346e-19)
(-0.490213 0.288826 5.61612e-19)
(-0.25736 0.190473 -8.2558e-21)
(-0.0994313 0.0928978 -8.35314e-19)
(-0.0071618 0.0125959 1.27198e-18)
(0.0357226 -0.0408514 3.99941e-21)
(0.0435135 -0.060527 4.35348e-21)
(0.0281265 -0.0446138 6.01629e-23)
(0.0067135 -0.0118355 -1.37936e-22)
(-0.00309463 0.00430935 1.49195e-20)
(-0.00118418 0.00123696 2.10486e-21)
)
;
    }
    frontAndBack
    {
        type            empty;
    }
}


// ************************************************************************* //
