/*--------------------------------*- C++ -*----------------------------------*\
| =========                 |                                                 |
| \\      /  F ield         | OpenFOAM: The Open Source CFD Toolbox           |
|  \\    /   O peration     | Version:  5.x                                   |
|   \\  /    A nd           | Web:      www.OpenFOAM.org                      |
|    \\/     M anipulation  |                                                 |
\*---------------------------------------------------------------------------*/
FoamFile
{
    version     2.0;
    format      ascii;
    class       surfaceScalarField;
    location    "0.7";
    object      phi;
}
// * * * * * * * * * * * * * * * * * * * * * * * * * * * * * * * * * * * * * //

dimensions      [0 3 -1 0 0 0 0];

internalField   nonuniform List<scalar> 
940
(
1.66e-08
-7.36392e-24
1.66e-08
-5.49322e-24
1.66e-08
-8.12822e-25
1.66e-08
3.19385e-25
1.66e-08
-3.30695e-25
1.66e-08
-2.0853e-24
1.66e-08
-4.58048e-24
1.66e-08
-8.26443e-24
1.66e-08
-3.55224e-24
1.66e-08
-1.92898e-24
1.66e-08
-9.67747e-24
1.66e-08
-2.96373e-24
1.66e-08
-2.02066e-24
1.66e-08
-5.85624e-24
1.66e-08
1.81154e-24
1.66e-08
7.85153e-24
1.66e-08
-6.48699e-24
1.66e-08
-4.67421e-24
1.66e-08
2.25317e-24
1.66e-08
-9.07687e-24
1.66e-08
1.5964e-24
1.66e-08
9.65392e-25
1.66e-08
1.33858e-24
1.66e-08
1.19281e-23
1.66e-08
2.66864e-24
1.66e-08
-1.87261e-24
1.66e-08
4.3868e-24
1.66e-08
8.15031e-25
1.66e-08
-3.21154e-24
1.66e-08
3.2144e-24
1.66e-08
-1.51704e-24
1.66e-08
-6.69742e-24
1.66e-08
-3.29238e-24
1.66e-08
-1.27979e-23
1.66e-08
-8.99929e-24
1.66e-08
1.71034e-23
1.66e-08
5.24245e-24
1.66e-08
4.53675e-24
1.66e-08
5.46575e-24
1.66e-08
-3.23707e-24
1.66e-08
5.18545e-24
1.66e-08
1.0148e-23
1.66e-08
1.00151e-23
1.66e-08
1.77767e-24
1.66e-08
-9.16246e-24
1.66e-08
4.03243e-25
1.66e-08
5.41306e-24
1.66e-08
1.05179e-23
1.66e-08
2.41148e-23
8.13799e-24
4.98e-08
-1.27202e-23
4.98e-08
-1.07562e-23
4.98e-08
-1.06281e-23
4.98e-08
-3.27651e-24
4.98e-08
3.8127e-25
4.98e-08
-5.92436e-24
4.98e-08
-1.53694e-23
4.98e-08
-2.01548e-23
4.98e-08
-5.12292e-24
4.98e-08
-2.6432e-25
4.98e-08
-1.24993e-23
4.98e-08
-9.08063e-24
4.98e-08
-6.85024e-24
4.98e-08
-1.30193e-23
4.98e-08
5.61775e-24
4.98e-08
1.03249e-23
4.98e-08
-1.34608e-23
4.98e-08
-7.30064e-24
4.98e-08
6.09884e-24
4.98e-08
-6.56921e-24
4.98e-08
1.0877e-24
4.98e-08
3.72227e-24
4.98e-08
-5.47279e-24
4.98e-08
1.72407e-23
4.98e-08
-2.49699e-24
4.98e-08
-8.83279e-24
4.98e-08
3.91308e-24
4.98e-08
-1.06573e-23
4.98e-08
-8.52802e-24
4.98e-08
1.09155e-23
4.98e-08
-1.59415e-24
4.98e-08
-7.45676e-24
4.98e-08
6.28525e-24
4.98e-08
-2.04894e-23
4.98e-08
-1.48793e-23
4.98e-08
3.00964e-23
4.98e-08
2.16984e-23
4.98e-08
2.48659e-23
4.98e-08
1.14046e-23
4.98e-08
4.12762e-25
4.98e-08
1.64683e-23
4.98e-08
2.44211e-23
4.98e-08
1.44178e-23
4.98e-08
-7.54872e-24
4.98e-08
-1.048e-23
4.98e-08
1.6791e-23
4.98e-08
1.25318e-23
4.98e-08
2.37341e-23
4.98e-08
4.5337e-23
2.04272e-23
8.3e-08
-9.49173e-24
8.3e-08
-2.30714e-23
8.3e-08
-1.06311e-23
8.3e-08
2.86687e-24
8.3e-08
-1.61597e-23
8.3e-08
-1.27636e-23
8.3e-08
-1.56115e-23
8.3e-08
-1.73925e-23
8.3e-08
-1.7902e-23
8.3e-08
-1.15423e-23
8.3e-08
-1.38037e-23
8.3e-08
-1.01624e-23
8.3e-08
-3.83287e-24
8.3e-08
-1.34813e-23
8.3e-08
2.4106e-24
8.3e-08
1.25073e-23
8.3e-08
-2.29158e-23
8.3e-08
-1.58286e-23
8.3e-08
3.21268e-24
8.3e-08
-5.6752e-24
8.3e-08
7.52876e-24
8.3e-08
1.81289e-23
8.3e-08
-1.95768e-24
8.3e-08
5.05116e-24
8.3e-08
7.52506e-25
8.3e-08
-1.83785e-23
8.3e-08
-6.19653e-24
8.3e-08
-1.26205e-23
8.3e-08
-1.42149e-23
8.3e-08
1.17823e-23
8.3e-08
-4.37603e-24
8.3e-08
-6.9045e-24
8.3e-08
3.75e-24
8.3e-08
-2.58278e-23
8.3e-08
-1.18743e-23
8.3e-08
4.13145e-23
8.3e-08
2.70264e-23
8.3e-08
1.99842e-23
8.3e-08
4.30468e-23
8.3e-08
3.10665e-23
8.3e-08
2.61651e-23
8.3e-08
2.7452e-23
8.3e-08
1.80645e-23
8.3e-08
-1.01748e-23
8.3e-08
4.36895e-24
8.3e-08
-1.10024e-24
8.3e-08
8.96549e-24
8.3e-08
6.39861e-23
8.3e-08
6.21047e-23
2.39195e-23
1.162e-07
-7.98921e-24
1.162e-07
7.60573e-24
1.162e-07
-1.50908e-23
1.162e-07
-2.22998e-23
1.162e-07
-5.98335e-24
1.162e-07
5.33139e-24
1.162e-07
-3.31848e-23
1.162e-07
-3.96405e-23
1.162e-07
-2.61417e-23
1.162e-07
-1.42061e-23
1.162e-07
-1.75061e-23
1.162e-07
-5.71453e-24
1.162e-07
1.27512e-23
1.162e-07
-1.03558e-23
1.162e-07
-2.29812e-24
1.162e-07
-6.15165e-24
1.162e-07
-2.16465e-23
1.162e-07
-1.83276e-23
1.162e-07
-7.1068e-24
1.162e-07
-3.9225e-24
1.162e-07
1.44881e-23
1.162e-07
6.14868e-24
1.162e-07
-2.96686e-24
1.162e-07
1.20563e-23
1.162e-07
1.82514e-23
1.162e-07
3.36642e-24
1.162e-07
-4.48316e-24
1.162e-07
-2.36989e-23
1.162e-07
-1.7462e-23
1.162e-07
-1.05663e-23
1.162e-07
-4.30737e-24
1.162e-07
-2.73259e-26
1.162e-07
-1.22189e-23
1.162e-07
-3.692e-23
1.162e-07
-6.02031e-24
1.162e-07
4.01415e-23
1.162e-07
4.61339e-23
1.162e-07
4.92123e-23
1.162e-07
5.53759e-23
1.162e-07
5.43996e-23
1.162e-07
3.59283e-23
1.162e-07
2.53878e-23
1.162e-07
2.47873e-23
1.162e-07
-5.82442e-24
1.162e-07
-3.93333e-25
1.162e-07
-1.5358e-24
1.162e-07
2.74751e-23
1.162e-07
8.63109e-23
1.162e-07
6.13481e-23
1.1288e-23
1.494e-07
2.5241e-25
1.494e-07
2.85323e-24
1.494e-07
-9.08598e-24
1.494e-07
-2.72173e-23
1.494e-07
1.50594e-24
1.494e-07
-9.34334e-24
1.494e-07
-4.46851e-23
1.494e-07
-5.08911e-23
1.494e-07
-2.121e-23
1.494e-07
-1.3001e-23
1.494e-07
-1.92513e-23
1.494e-07
1.55852e-24
1.494e-07
2.55929e-23
1.494e-07
1.31664e-23
1.494e-07
-1.11953e-23
1.494e-07
-2.74493e-24
1.494e-07
-2.37461e-23
1.494e-07
-1.07213e-23
1.494e-07
-4.26147e-24
1.494e-07
-1.45351e-23
1.494e-07
-6.25511e-24
1.494e-07
9.33813e-25
1.494e-07
-4.93688e-24
1.494e-07
3.05172e-23
1.494e-07
3.08023e-23
1.494e-07
8.67475e-24
1.494e-07
-1.90861e-23
1.494e-07
-1.67644e-23
1.494e-07
-1.24886e-23
1.494e-07
-1.21237e-23
1.494e-07
-5.51296e-24
1.494e-07
3.20802e-24
1.494e-07
-2.24368e-23
1.494e-07
-5.04785e-23
1.494e-07
-2.19287e-23
1.494e-07
5.07516e-23
1.494e-07
7.98783e-23
1.494e-07
7.86489e-23
1.494e-07
7.93876e-23
1.494e-07
4.59327e-23
1.494e-07
5.23731e-23
1.494e-07
4.37677e-23
1.494e-07
1.95019e-23
1.494e-07
-7.50432e-25
1.494e-07
-6.36764e-24
1.494e-07
-1.26866e-23
1.494e-07
1.57277e-23
1.494e-07
7.21517e-23
1.494e-07
4.42494e-23
1.15752e-23
1.826e-07
2.31719e-23
1.826e-07
1.33536e-23
1.826e-07
-3.48328e-24
1.826e-07
-2.00533e-23
1.826e-07
-1.48984e-23
1.826e-07
-2.60535e-23
1.826e-07
-2.61275e-23
1.826e-07
-3.4819e-23
1.826e-07
-2.86998e-23
1.826e-07
-2.03398e-23
1.826e-07
-2.08521e-23
1.826e-07
2.69077e-23
1.826e-07
1.79656e-23
1.826e-07
-1.99033e-23
1.826e-07
-6.31625e-24
1.826e-07
1.67836e-23
1.826e-07
-6.02779e-24
1.826e-07
-1.1959e-23
1.826e-07
-1.43254e-24
1.826e-07
-2.45183e-23
1.826e-07
-1.07741e-23
1.826e-07
-1.62296e-23
1.826e-07
-1.43353e-23
1.826e-07
3.45826e-23
1.826e-07
3.62839e-23
1.826e-07
6.97267e-24
1.826e-07
2.03242e-23
1.826e-07
-1.43785e-23
1.826e-07
-3.30036e-23
1.826e-07
1.13027e-24
1.826e-07
3.53143e-24
1.826e-07
8.6854e-24
1.826e-07
-3.61345e-23
1.826e-07
-6.02228e-23
1.826e-07
-3.05696e-23
1.826e-07
4.24726e-23
1.826e-07
5.47357e-23
1.826e-07
7.19152e-23
1.826e-07
9.44434e-23
1.826e-07
8.49832e-23
1.826e-07
3.89496e-23
1.826e-07
2.67615e-23
1.826e-07
2.23274e-23
1.826e-07
-2.07504e-23
1.826e-07
-2.8769e-23
1.826e-07
-2.35142e-23
1.826e-07
3.14863e-23
1.826e-07
9.82425e-23
1.826e-07
6.50811e-23
1.8707e-23
2.158e-07
1.89782e-23
2.158e-07
2.78666e-23
2.158e-07
4.10471e-23
2.158e-07
2.98871e-24
2.158e-07
-3.83857e-23
2.158e-07
-2.54512e-23
2.158e-07
-3.13453e-23
2.158e-07
-5.72393e-23
2.158e-07
-4.46164e-23
2.158e-07
-3.35313e-24
2.158e-07
3.61206e-23
2.158e-07
8.48335e-24
2.158e-07
-2.97508e-24
2.158e-07
-1.54139e-23
2.158e-07
-2.32656e-24
2.158e-07
1.15398e-23
2.158e-07
-1.04924e-23
2.158e-07
-1.70521e-25
2.158e-07
9.52103e-24
2.158e-07
1.09211e-23
2.158e-07
2.51727e-23
2.158e-07
-2.09838e-23
2.158e-07
-4.87621e-23
2.158e-07
3.24849e-23
2.158e-07
3.64113e-23
2.158e-07
3.17178e-23
2.158e-07
3.31775e-23
2.158e-07
-3.79541e-23
2.158e-07
-5.40139e-24
2.158e-07
6.73004e-24
2.158e-07
2.11176e-23
2.158e-07
-6.24308e-24
2.158e-07
-3.38837e-23
2.158e-07
-7.35376e-23
2.158e-07
-4.16945e-23
2.158e-07
1.42985e-23
2.158e-07
7.27809e-23
2.158e-07
8.49361e-23
2.158e-07
1.08521e-22
2.158e-07
7.96909e-23
2.158e-07
7.58771e-24
2.158e-07
1.46813e-23
2.158e-07
-5.74179e-24
2.158e-07
-2.72309e-23
2.158e-07
-4.6565e-23
2.158e-07
-2.62968e-23
2.158e-07
1.3974e-23
2.158e-07
8.99013e-23
2.158e-07
7.432e-23
1.7621e-23
2.49e-07
1.25243e-23
2.49e-07
4.59362e-23
2.49e-07
1.42245e-23
2.49e-07
-2.96968e-23
2.49e-07
-2.71338e-23
2.49e-07
-1.62434e-23
2.49e-07
-2.79796e-23
2.49e-07
-2.29052e-23
2.49e-07
-1.06639e-23
2.49e-07
1.10516e-23
2.49e-07
1.48406e-23
2.49e-07
1.496e-23
2.49e-07
-8.17437e-24
2.49e-07
-3.94056e-23
2.49e-07
-3.84914e-23
2.49e-07
3.29033e-23
2.49e-07
1.81923e-23
2.49e-07
1.41003e-23
2.49e-07
1.41652e-23
2.49e-07
9.89329e-24
2.49e-07
2.20941e-23
2.49e-07
-2.50334e-23
2.49e-07
-4.69001e-23
2.49e-07
-1.2717e-23
2.49e-07
3.00045e-23
2.49e-07
3.70432e-23
2.49e-07
1.70564e-23
2.49e-07
7.56393e-24
2.49e-07
2.8363e-24
2.49e-07
4.51267e-23
2.49e-07
1.18745e-23
2.49e-07
1.43603e-23
2.49e-07
-3.56612e-23
2.49e-07
-6.65168e-23
2.49e-07
-5.52067e-23
2.49e-07
3.74967e-23
2.49e-07
6.2012e-23
2.49e-07
6.82592e-23
2.49e-07
9.15202e-23
2.49e-07
3.42963e-23
2.49e-07
1.57692e-23
2.49e-07
-1.564e-23
2.49e-07
1.34224e-23
2.49e-07
-3.90782e-23
2.49e-07
-4.62048e-23
2.49e-07
-2.08081e-23
2.49e-07
6.46024e-23
2.49e-07
8.42559e-23
2.49e-07
2.30957e-23
-7.40726e-24
2.822e-07
4.84521e-23
2.822e-07
2.81856e-23
2.822e-07
2.13873e-23
2.822e-07
1.85167e-24
2.822e-07
-4.14712e-23
2.822e-07
-4.03044e-23
2.822e-07
-1.41056e-23
2.822e-07
-4.16581e-23
2.822e-07
9.2662e-24
2.822e-07
1.64328e-23
2.822e-07
4.12017e-24
2.822e-07
-1.35153e-23
2.822e-07
-1.92295e-23
2.822e-07
-1.8042e-23
2.822e-07
-6.76923e-25
2.822e-07
1.91837e-23
2.822e-07
2.51238e-23
2.822e-07
1.84378e-23
2.822e-07
4.80728e-23
2.822e-07
1.17899e-23
2.822e-07
1.45305e-23
2.822e-07
-8.51766e-25
2.822e-07
-6.94675e-23
2.822e-07
-2.82497e-23
2.822e-07
2.42803e-23
2.822e-07
1.64671e-23
2.822e-07
7.27414e-24
2.822e-07
1.7017e-24
2.822e-07
1.27785e-23
2.822e-07
1.64837e-23
2.822e-07
2.65689e-24
2.822e-07
-2.36679e-24
2.822e-07
-3.17434e-23
2.822e-07
-1.41966e-23
2.822e-07
-1.83321e-23
2.822e-07
9.28726e-25
2.822e-07
2.24779e-23
2.822e-07
1.92025e-23
2.822e-07
4.12423e-23
2.822e-07
3.60939e-23
2.822e-07
-6.86384e-24
2.822e-07
-4.0921e-24
2.822e-07
-1.31655e-24
2.822e-07
-3.05536e-23
2.822e-07
-1.53744e-23
2.822e-07
-1.97256e-23
2.822e-07
-1.10124e-23
2.822e-07
7.27338e-23
2.822e-07
1.88767e-23
-3.18327e-23
3.154e-07
3.154e-07
3.154e-07
3.154e-07
3.154e-07
3.154e-07
3.154e-07
3.154e-07
3.154e-07
3.154e-07
3.154e-07
3.154e-07
3.154e-07
3.154e-07
3.154e-07
3.154e-07
3.154e-07
3.154e-07
3.154e-07
3.154e-07
3.154e-07
3.154e-07
3.154e-07
3.154e-07
3.154e-07
3.154e-07
3.154e-07
3.154e-07
3.154e-07
3.154e-07
3.154e-07
3.154e-07
3.154e-07
3.154e-07
3.154e-07
3.154e-07
3.154e-07
3.154e-07
3.154e-07
3.154e-07
3.154e-07
3.154e-07
3.154e-07
3.154e-07
3.154e-07
3.154e-07
3.154e-07
3.154e-07
3.154e-07
)
;

boundaryField
{
    movingWall
    {
        type            calculated;
        value           uniform 0;
    }
    Inlet
    {
        type            calculated;
        value           nonuniform List<scalar> 10(-1.66e-08 -4.98e-08 -8.3e-08 -1.162e-07 -1.494e-07 -1.826e-07 -2.158e-07 -2.49e-07 -2.822e-07 -3.154e-07);
    }
    Outlet
    {
        type            calculated;
        value           nonuniform List<scalar> 10(1.66e-08 4.98e-08 8.3e-08 1.162e-07 1.494e-07 1.826e-07 2.158e-07 2.49e-07 2.822e-07 3.154e-07);
    }
    Bottom
    {
        type            calculated;
        value           uniform 0;
    }
    frontAndBack
    {
        type            empty;
        value           nonuniform 0();
    }
}


// ************************************************************************* //
