/*--------------------------------*- C++ -*----------------------------------*\
| =========                 |                                                 |
| \\      /  F ield         | OpenFOAM: The Open Source CFD Toolbox           |
|  \\    /   O peration     | Version:  5.x                                   |
|   \\  /    A nd           | Web:      www.OpenFOAM.org                      |
|    \\/     M anipulation  |                                                 |
\*---------------------------------------------------------------------------*/
FoamFile
{
    version     2.0;
    format      ascii;
    class       volVectorField;
    location    "0.7";
    object      U;
}
// * * * * * * * * * * * * * * * * * * * * * * * * * * * * * * * * * * * * * //

dimensions      [0 1 -1 0 0 0 0];

internalField   nonuniform List<vector> 
500
(
(0.0415 -5.91182e-19 0)
(0.0415 -1.50832e-18 0)
(0.0415 -4.16851e-20 0)
(0.0415 7.77208e-18 0)
(0.0415 4.08694e-18 0)
(0.0415 4.28642e-18 0)
(0.0415 -4.88599e-18 0)
(0.0415 -1.31696e-17 0)
(0.0415 8.19878e-19 0)
(0.0415 -6.22588e-18 0)
(0.0415 -1.43147e-17 0)
(0.0415 -5.5293e-18 0)
(0.0415 -7.19646e-18 0)
(0.0415 -1.96027e-17 0)
(0.0415 -5.75237e-18 0)
(0.0415 1.20443e-17 0)
(0.0415 -6.84444e-18 0)
(0.0415 -1.42141e-18 0)
(0.0415 1.03066e-17 0)
(0.0415 -1.10396e-17 0)
(0.0415 -7.75077e-19 0)
(0.0415 7.99674e-18 0)
(0.0415 1.49493e-17 0)
(0.0415 2.57842e-17 0)
(0.0415 1.10322e-17 0)
(0.0415 -1.79778e-18 0)
(0.0415 6.64743e-18 0)
(0.0415 5.69285e-20 0)
(0.0415 -1.51034e-17 0)
(0.0415 6.33274e-18 0)
(0.0415 -9.4983e-18 0)
(0.0415 -1.47098e-17 0)
(0.0415 7.52405e-19 0)
(0.0415 -3.29736e-17 0)
(0.0415 -1.94554e-17 0)
(0.0415 3.46041e-17 0)
(0.0415 6.95894e-18 0)
(0.0415 3.62167e-18 0)
(0.0415 -7.93929e-18 0)
(0.0415 -1.90783e-17 0)
(0.0415 2.40342e-17 0)
(0.0415 9.12171e-18 0)
(0.0415 9.38734e-18 0)
(0.0415 2.25094e-17 0)
(0.0415 -1.56149e-17 0)
(0.0415 -1.10927e-17 0)
(0.0415 2.2735e-17 0)
(0.0415 2.64713e-17 0)
(0.0415 1.74623e-17 0)
(0.0415 -1.55027e-17 0)
(0.1245 -2.90408e-17 0)
(0.1245 -2.28549e-17 0)
(0.1245 -1.15424e-17 0)
(0.1245 -2.38949e-18 0)
(0.1245 -2.46946e-18 0)
(0.1245 -1.526e-17 0)
(0.1245 -2.48612e-17 0)
(0.1245 -3.67942e-17 0)
(0.1245 -1.42994e-17 0)
(0.1245 -2.44536e-18 0)
(0.1245 -3.01559e-17 0)
(0.1245 -9.8888e-18 0)
(0.1245 -1.47382e-17 0)
(0.1245 -2.20405e-17 0)
(0.1245 1.10632e-17 0)
(0.1245 2.02668e-17 0)
(0.1245 -2.69081e-17 0)
(0.1245 -1.16082e-17 0)
(0.1245 1.16711e-17 0)
(0.1245 -2.84114e-17 0)
(0.1245 6.34765e-18 0)
(0.1245 7.2566e-18 0)
(0.1245 -5.77407e-18 0)
(0.1245 4.14614e-17 0)
(0.1245 -2.79257e-18 0)
(0.1245 -1.42853e-17 0)
(0.1245 1.17358e-17 0)
(0.1245 -8.82228e-18 0)
(0.1245 -1.1653e-17 0)
(0.1245 1.38194e-17 0)
(0.1245 1.70883e-18 0)
(0.1245 -1.89572e-17 0)
(0.1245 -1.25055e-17 0)
(0.1245 -4.11161e-17 0)
(0.1245 -2.17303e-17 0)
(0.1245 6.56029e-17 0)
(0.1245 3.46655e-17 0)
(0.1245 2.27815e-17 0)
(0.1245 2.60479e-17 0)
(0.1245 -4.06502e-19 0)
(0.1245 5.7413e-18 0)
(0.1245 4.38986e-17 0)
(0.1245 4.2908e-17 0)
(0.1245 -4.20335e-19 0)
(0.1245 -4.88164e-17 0)
(0.1245 9.77717e-18 0)
(0.1245 3.09884e-17 0)
(0.1245 4.09518e-17 0)
(0.1245 1.03441e-16 0)
(0.1245 5.05045e-17 0)
(0.2075 -3.82259e-17 0)
(0.2075 -4.63389e-17 0)
(0.2075 -2.55639e-17 0)
(0.2075 -5.86329e-18 0)
(0.2075 -2.26046e-17 0)
(0.2075 -2.21382e-17 0)
(0.2075 -3.87335e-17 0)
(0.2075 -4.07995e-17 0)
(0.2075 -2.87391e-17 0)
(0.2075 -1.65466e-17 0)
(0.2075 -3.63724e-17 0)
(0.2075 -3.01611e-17 0)
(0.2075 -1.31488e-17 0)
(0.2075 -3.83992e-17 0)
(0.2075 1.883e-17 0)
(0.2075 3.96639e-17 0)
(0.2075 -5.14874e-17 0)
(0.2075 -4.15674e-17 0)
(0.2075 1.14342e-17 0)
(0.2075 -6.11046e-18 0)
(0.2075 1.08031e-17 0)
(0.2075 2.10407e-17 0)
(0.2075 -8.86305e-18 0)
(0.2075 3.47308e-17 0)
(0.2075 -1.12605e-17 0)
(0.2075 -3.88311e-17 0)
(0.2075 -1.54318e-19 0)
(0.2075 -3.15768e-17 0)
(0.2075 -2.21753e-17 0)
(0.2075 4.06301e-17 0)
(0.2075 -9.18609e-18 0)
(0.2075 -2.70747e-17 0)
(0.2075 3.56373e-17 0)
(0.2075 -5.55718e-17 0)
(0.2075 -4.85592e-17 0)
(0.2075 8.35822e-17 0)
(0.2075 5.00036e-17 0)
(0.2075 7.86989e-17 0)
(0.2075 6.40068e-17 0)
(0.2075 3.0093e-17 0)
(0.2075 6.70397e-17 0)
(0.2075 7.18298e-17 0)
(0.2075 3.38386e-17 0)
(0.2075 -4.78427e-17 0)
(0.2075 4.60362e-18 0)
(0.2075 4.96632e-17 0)
(0.2075 1.37785e-17 0)
(0.2075 9.50314e-17 0)
(0.2075 1.53193e-16 0)
(0.2075 7.25586e-17 0)
(0.2905 -1.87439e-17 0)
(0.2905 -2.48045e-17 0)
(0.2905 -3.92797e-17 0)
(0.2905 -2.2567e-17 0)
(0.2905 -3.16022e-17 0)
(0.2905 -1.30436e-17 0)
(0.2905 -5.75978e-17 0)
(0.2905 -7.83202e-17 0)
(0.2905 -5.08625e-17 0)
(0.2905 -2.13632e-17 0)
(0.2905 -3.68121e-17 0)
(0.2905 -2.77101e-17 0)
(0.2905 1.32779e-17 0)
(0.2905 -3.13651e-17 0)
(0.2905 -9.91502e-18 0)
(0.2905 2.08336e-18 0)
(0.2905 -4.69961e-17 0)
(0.2905 -3.22682e-17 0)
(0.2905 3.31255e-18 0)
(0.2905 -6.24559e-18 0)
(0.2905 3.0806e-17 0)
(0.2905 3.39564e-17 0)
(0.2905 -5.95777e-18 0)
(0.2905 1.04345e-17 0)
(0.2905 2.81654e-17 0)
(0.2905 -1.7148e-17 0)
(0.2905 -1.2147e-17 0)
(0.2905 -5.20622e-17 0)
(0.2905 -4.92085e-17 0)
(0.2905 9.72045e-18 0)
(0.2905 -1.57455e-17 0)
(0.2905 1.12266e-18 0)
(0.2905 -8.72971e-18 0)
(0.2905 -6.78712e-17 0)
(0.2905 -2.18963e-17 0)
(0.2905 1.0644e-16 0)
(0.2905 1.01654e-16 0)
(0.2905 7.35345e-17 0)
(0.2905 1.21546e-16 0)
(0.2905 9.76821e-17 0)
(0.2905 8.18837e-17 0)
(0.2905 7.08133e-17 0)
(0.2905 5.25586e-17 0)
(0.2905 -2.32777e-17 0)
(0.2905 8.69892e-18 0)
(0.2905 -1.02645e-18 0)
(0.2905 4.97308e-17 0)
(0.2905 1.9258e-16 0)
(0.2905 1.29501e-16 0)
(0.2905 2.79593e-17 0)
(0.3735 -3.60303e-18 0)
(0.3735 1.13071e-17 0)
(0.3735 -3.99131e-17 0)
(0.3735 -6.68019e-17 0)
(0.3735 5.45582e-18 0)
(0.3735 -1.76902e-18 0)
(0.3735 -1.01923e-16 0)
(0.3735 -1.06296e-16 0)
(0.3735 -6.51807e-17 0)
(0.3735 -5.00884e-17 0)
(0.3735 -5.49829e-17 0)
(0.3735 7.58452e-18 0)
(0.3735 4.15619e-17 0)
(0.3735 1.1182e-17 0)
(0.3735 1.92882e-18 0)
(0.3735 -8.79032e-18 0)
(0.3735 -6.57779e-17 0)
(0.3735 -4.06948e-17 0)
(0.3735 -2.53302e-17 0)
(0.3735 -2.60187e-17 0)
(0.3735 1.32864e-17 0)
(0.3735 1.08368e-17 0)
(0.3735 -8.91086e-18 0)
(0.3735 6.58931e-17 0)
(0.3735 6.66546e-17 0)
(0.3735 2.91002e-18 0)
(0.3735 -3.58312e-17 0)
(0.3735 -3.39288e-17 0)
(0.3735 -3.57194e-17 0)
(0.3735 -4.55704e-17 0)
(0.3735 -5.89442e-18 0)
(0.3735 8.77084e-19 0)
(0.3735 -4.68148e-17 0)
(0.3735 -1.14602e-16 0)
(0.3735 -1.8972e-17 0)
(0.3735 1.18142e-16 0)
(0.3735 1.48775e-16 0)
(0.3735 1.50241e-16 0)
(0.3735 1.65368e-16 0)
(0.3735 1.46038e-16 0)
(0.3735 1.15282e-16 0)
(0.3735 8.30949e-17 0)
(0.3735 5.09776e-17 0)
(0.3735 2.00442e-17 0)
(0.3735 -6.45435e-19 0)
(0.3735 -4.10867e-17 0)
(0.3735 4.21479e-17 0)
(0.3735 2.1676e-16 0)
(0.3735 1.73626e-16 0)
(0.3735 4.63933e-17 0)
(0.4565 1.71144e-17 0)
(0.4565 2.34101e-17 0)
(0.4565 -4.48018e-18 0)
(0.4565 -5.33958e-17 0)
(0.4565 -2.11559e-17 0)
(0.4565 -4.25898e-17 0)
(0.4565 -8.9409e-17 0)
(0.4565 -1.11505e-16 0)
(0.4565 -6.24891e-17 0)
(0.4565 -4.92693e-17 0)
(0.4565 -4.35957e-17 0)
(0.4565 2.81452e-17 0)
(0.4565 6.45553e-17 0)
(0.4565 -9.4171e-19 0)
(0.4565 -3.62057e-17 0)
(0.4565 1.74191e-17 0)
(0.4565 -3.14265e-17 0)
(0.4565 -3.21694e-17 0)
(0.4565 -4.75148e-18 0)
(0.4565 -6.06073e-17 0)
(0.4565 -2.39271e-17 0)
(0.4565 -9.29775e-18 0)
(0.4565 -2.70752e-17 0)
(0.4565 7.68578e-17 0)
(0.4565 8.09643e-17 0)
(0.4565 3.62426e-17 0)
(0.4565 -4.039e-18 0)
(0.4565 -5.37775e-17 0)
(0.4565 -4.84313e-17 0)
(0.4565 -2.61354e-17 0)
(0.4565 -4.09662e-18 0)
(0.4565 1.58378e-17 0)
(0.4565 -8.4227e-17 0)
(0.4565 -1.41871e-16 0)
(0.4565 -5.94244e-17 0)
(0.4565 1.17616e-16 0)
(0.4565 1.73118e-16 0)
(0.4565 2.04225e-16 0)
(0.4565 2.26542e-16 0)
(0.4565 1.70078e-16 0)
(0.4565 1.00321e-16 0)
(0.4565 9.53583e-17 0)
(0.4565 7.20971e-17 0)
(0.4565 -3.80985e-17 0)
(0.4565 -5.20228e-17 0)
(0.4565 -4.02269e-17 0)
(0.4565 8.28335e-17 0)
(0.4565 2.15307e-16 0)
(0.4565 9.62852e-17 0)
(0.4565 7.78399e-18 0)
(0.5395 4.32692e-17 0)
(0.5395 4.88617e-17 0)
(0.5395 3.76567e-17 0)
(0.5395 -2.95437e-17 0)
(0.5395 -5.23688e-17 0)
(0.5395 -5.83922e-17 0)
(0.5395 -8.71922e-17 0)
(0.5395 -1.32889e-16 0)
(0.5395 -9.76396e-17 0)
(0.5395 -2.03547e-17 0)
(0.5395 1.85777e-17 0)
(0.5395 4.56354e-17 0)
(0.5395 2.82675e-17 0)
(0.5395 -4.88733e-17 0)
(0.5395 -8.22708e-18 0)
(0.5395 3.63285e-17 0)
(0.5395 -2.87053e-17 0)
(0.5395 -1.26066e-17 0)
(0.5395 7.24548e-18 0)
(0.5395 -2.02997e-17 0)
(0.5395 -5.92054e-19 0)
(0.5395 -5.41546e-17 0)
(0.5395 -6.78462e-17 0)
(0.5395 8.08165e-17 0)
(0.5395 9.37785e-17 0)
(0.5395 4.32269e-17 0)
(0.5395 6.82488e-17 0)
(0.5395 -6.28366e-17 0)
(0.5395 -6.23861e-17 0)
(0.5395 1.8246e-17 0)
(0.5395 2.39817e-17 0)
(0.5395 2.45306e-18 0)
(0.5395 -8.04159e-17 0)
(0.5395 -1.709e-16 0)
(0.5395 -1.06004e-16 0)
(0.5395 7.23814e-17 0)
(0.5395 1.77407e-16 0)
(0.5395 1.99762e-16 0)
(0.5395 2.70659e-16 0)
(0.5395 2.00536e-16 0)
(0.5395 7.86175e-17 0)
(0.5395 5.30656e-17 0)
(0.5395 1.35777e-17 0)
(0.5395 -5.33568e-17 0)
(0.5395 -9.40143e-17 0)
(0.5395 -5.42526e-17 0)
(0.5395 5.86292e-17 0)
(0.5395 2.38292e-16 0)
(0.5395 1.86014e-16 0)
(0.5395 6.61381e-17 0)
(0.6225 6.41539e-17 0)
(0.6225 1.06704e-16 0)
(0.6225 7.83449e-17 0)
(0.6225 -2.02685e-17 0)
(0.6225 -1.04361e-16 0)
(0.6225 -6.68531e-17 0)
(0.6225 -6.43236e-17 0)
(0.6225 -9.81257e-17 0)
(0.6225 -6.86447e-17 0)
(0.6225 1.96089e-17 0)
(0.6225 6.34084e-17 0)
(0.6225 3.62071e-17 0)
(0.6225 -3.36632e-17 0)
(0.6225 -7.69895e-17 0)
(0.6225 -4.02806e-17 0)
(0.6225 6.45647e-17 0)
(0.6225 9.71085e-18 0)
(0.6225 7.01158e-18 0)
(0.6225 2.09722e-17 0)
(0.6225 3.50299e-17 0)
(0.6225 7.27267e-17 0)
(0.6225 -6.85261e-17 0)
(0.6225 -1.30727e-16 0)
(0.6225 2.72733e-17 0)
(0.6225 8.50419e-17 0)
(0.6225 8.68828e-17 0)
(0.6225 7.3543e-17 0)
(0.6225 -3.74623e-17 0)
(0.6225 -9.34764e-18 0)
(0.6225 7.75261e-17 0)
(0.6225 3.77462e-17 0)
(0.6225 1.33558e-17 0)
(0.6225 -9.42582e-17 0)
(0.6225 -1.94694e-16 0)
(0.6225 -1.41014e-16 0)
(0.6225 6.65335e-17 0)
(0.6225 1.8739e-16 0)
(0.6225 2.20302e-16 0)
(0.6225 2.51694e-16 0)
(0.6225 1.52633e-16 0)
(0.6225 3.09889e-17 0)
(0.6225 -1.87261e-17 0)
(0.6225 -6.98902e-19 0)
(0.6225 -8.76636e-17 0)
(0.6225 -1.03007e-16 0)
(0.6225 -5.05287e-17 0)
(0.6225 8.25037e-17 0)
(0.6225 2.20237e-16 0)
(0.6225 1.54376e-16 0)
(0.6225 3.05849e-17 0)
(0.7055 9.13557e-17 0)
(0.7055 8.87056e-17 0)
(0.7055 4.60506e-17 0)
(0.7055 -3.54902e-17 0)
(0.7055 -9.31737e-17 0)
(0.7055 -7.75693e-17 0)
(0.7055 -5.20689e-17 0)
(0.7055 -8.97182e-17 0)
(0.7055 -7.86444e-18 0)
(0.7055 3.58346e-17 0)
(0.7055 3.57051e-17 0)
(0.7055 -2.99215e-18 0)
(0.7055 -2.19074e-17 0)
(0.7055 -7.13121e-17 0)
(0.7055 -7.82169e-17 0)
(0.7055 4.84246e-17 0)
(0.7055 7.33748e-17 0)
(0.7055 6.85699e-17 0)
(0.7055 9.59958e-17 0)
(0.7055 2.72351e-17 0)
(0.7055 5.65302e-17 0)
(0.7055 -3.60652e-17 0)
(0.7055 -1.74371e-16 0)
(0.7055 -5.25133e-17 0)
(0.7055 7.15545e-17 0)
(0.7055 7.66851e-17 0)
(0.7055 3.79343e-17 0)
(0.7055 -2.12066e-18 0)
(0.7055 2.58974e-17 0)
(0.7055 7.3347e-17 0)
(0.7055 5.18222e-17 0)
(0.7055 1.49246e-17 0)
(0.7055 -1.18603e-16 0)
(0.7055 -1.02715e-16 0)
(0.7055 -7.49332e-17 0)
(0.7055 4.84866e-17 0)
(0.7055 9.79001e-17 0)
(0.7055 9.64335e-17 0)
(0.7055 1.80308e-16 0)
(0.7055 1.07113e-16 0)
(0.7055 -1.84942e-17 0)
(0.7055 -7.11894e-18 0)
(0.7055 3.707e-17 0)
(0.7055 -1.08538e-16 0)
(0.7055 -9.96044e-17 0)
(0.7055 -7.84628e-17 0)
(0.7055 8.09389e-17 0)
(0.7055 2.22889e-16 0)
(0.7055 3.33956e-17 0)
(0.7055 -7.40862e-17 0)
(0.7885 4.63362e-17 0)
(0.7885 5.38543e-17 0)
(0.7885 5.30187e-17 0)
(0.7885 -2.29601e-17 0)
(0.7885 -4.39178e-17 0)
(0.7885 -4.01572e-17 0)
(0.7885 -3.08739e-17 0)
(0.7885 -2.95685e-17 0)
(0.7885 3.58008e-17 0)
(0.7885 6.73292e-18 0)
(0.7885 -1.95136e-17 0)
(0.7885 -2.12448e-17 0)
(0.7885 -3.66453e-17 0)
(0.7885 -3.98407e-17 0)
(0.7885 1.05781e-17 0)
(0.7885 3.67616e-17 0)
(0.7885 1.19232e-17 0)
(0.7885 -6.07817e-19 0)
(0.7885 7.885e-17 0)
(0.7885 2.45673e-17 0)
(0.7885 2.43004e-17 0)
(0.7885 2.60352e-17 0)
(0.7885 -6.61692e-17 0)
(0.7885 -4.2205e-17 0)
(0.7885 5.0932e-17 0)
(0.7885 2.24244e-17 0)
(0.7885 -1.00463e-17 0)
(0.7885 1.17213e-17 0)
(0.7885 3.65967e-17 0)
(0.7885 3.03001e-17 0)
(0.7885 -4.26397e-17 0)
(0.7885 -8.26916e-18 0)
(0.7885 1.34204e-17 0)
(0.7885 -1.84605e-17 0)
(0.7885 -5.03266e-17 0)
(0.7885 -7.76832e-18 0)
(0.7885 1.27536e-18 0)
(0.7885 1.15682e-17 0)
(0.7885 4.9932e-17 0)
(0.7885 2.95718e-17 0)
(0.7885 4.83034e-17 0)
(0.7885 1.06028e-17 0)
(0.7885 -5.27305e-18 0)
(0.7885 -2.09291e-17 0)
(0.7885 -2.6027e-17 0)
(0.7885 -1.93731e-17 0)
(0.7885 -1.56636e-17 0)
(0.7885 8.18542e-17 0)
(0.7885 8.80556e-18 0)
(0.7885 -6.41009e-17 0)
)
;

boundaryField
{
    movingWall
    {
        type            fixedValue;
        value           uniform (0.83 0 0);
    }
    Inlet
    {
        type            zeroGradient;
    }
    Outlet
    {
        type            zeroGradient;
    }
    Bottom
    {
        type            fixedValue;
        value           uniform (0 0 0);
    }
    frontAndBack
    {
        type            empty;
    }
}


// ************************************************************************* //
