/*--------------------------------*- C++ -*----------------------------------*\
| =========                 |                                                 |
| \\      /  F ield         | OpenFOAM: The Open Source CFD Toolbox           |
|  \\    /   O peration     | Version:  5.x                                   |
|   \\  /    A nd           | Web:      www.OpenFOAM.org                      |
|    \\/     M anipulation  |                                                 |
\*---------------------------------------------------------------------------*/
FoamFile
{
    version     2.0;
    format      ascii;
    class       volVectorField;
    location    "0.7";
    object      wallShearStress;
}
// * * * * * * * * * * * * * * * * * * * * * * * * * * * * * * * * * * * * * //

dimensions      [0 2 -2 0 0 0 0];

internalField   uniform (0 0 0);

boundaryField
{
    movingWall
    {
        type            calculated;
        value           nonuniform List<vector> 
50
(
(0.184675 -2.74928e-16 0)
(0.184675 -3.19536e-16 0)
(0.184675 -3.14578e-16 0)
(0.184675 1.3623e-16 0)
(0.184675 2.60579e-16 0)
(0.184675 2.38266e-16 0)
(0.184675 1.83185e-16 0)
(0.184675 1.7544e-16 0)
(0.184675 -2.12418e-16 0)
(0.184675 -3.99487e-17 0)
(0.184675 1.15781e-16 0)
(0.184675 1.26052e-16 0)
(0.184675 2.17429e-16 0)
(0.184675 2.36388e-16 0)
(0.184675 -6.27634e-17 0)
(0.184675 -2.18119e-16 0)
(0.184675 -7.07443e-17 0)
(0.184675 3.60638e-18 0)
(0.184675 -4.67843e-16 0)
(0.184675 -1.45766e-16 0)
(0.184675 -1.44182e-16 0)
(0.184675 -1.54476e-16 0)
(0.184675 3.92604e-16 0)
(0.184675 2.50416e-16 0)
(0.184675 -3.02197e-16 0)
(0.184675 -1.33051e-16 0)
(0.184675 5.9608e-17 0)
(0.184675 -6.95464e-17 0)
(0.184675 -2.1714e-16 0)
(0.184675 -1.79781e-16 0)
(0.184675 2.52996e-16 0)
(0.184675 4.90637e-17 0)
(0.184675 -7.96277e-17 0)
(0.184675 1.09532e-16 0)
(0.184675 2.98604e-16 0)
(0.184675 4.6092e-17 0)
(0.184675 -7.56714e-18 0)
(0.184675 -6.8638e-17 0)
(0.184675 -2.96263e-16 0)
(0.184675 -1.75459e-16 0)
(0.184675 -2.866e-16 0)
(0.184675 -6.29099e-17 0)
(0.184675 3.12868e-17 0)
(0.184675 1.24179e-16 0)
(0.184675 1.54427e-16 0)
(0.184675 1.14947e-16 0)
(0.184675 9.29374e-17 0)
(0.184675 -4.85668e-16 0)
(0.184675 -5.22463e-17 0)
(0.184675 3.80332e-16 0)
)
;
    }
    Inlet
    {
        type            calculated;
        value           uniform (0 0 0);
    }
    Outlet
    {
        type            calculated;
        value           uniform (0 0 0);
    }
    Bottom
    {
        type            calculated;
        value           nonuniform List<vector> 
50
(
(-0.184675 3.50768e-18 0)
(-0.184675 8.94937e-18 0)
(-0.184675 2.47332e-19 0)
(-0.184675 -4.61143e-17 0)
(-0.184675 -2.42492e-17 0)
(-0.184675 -2.54328e-17 0)
(-0.184675 2.89902e-17 0)
(-0.184675 7.81396e-17 0)
(-0.184675 -4.86461e-18 0)
(-0.184675 3.69402e-17 0)
(-0.184675 8.49339e-17 0)
(-0.184675 3.28072e-17 0)
(-0.184675 4.2699e-17 0)
(-0.184675 1.16309e-16 0)
(-0.184675 3.41307e-17 0)
(-0.184675 -7.14628e-17 0)
(-0.184675 4.06103e-17 0)
(-0.184675 8.4337e-18 0)
(-0.184675 -6.11525e-17 0)
(-0.184675 6.55016e-17 0)
(-0.184675 4.59879e-18 0)
(-0.184675 -4.74473e-17 0)
(-0.184675 -8.86992e-17 0)
(-0.184675 -1.52986e-16 0)
(-0.184675 -6.54577e-17 0)
(-0.184675 1.06668e-17 0)
(-0.184675 -3.94414e-17 0)
(-0.184675 -3.37776e-19 0)
(-0.184675 8.96135e-17 0)
(-0.184675 -3.75743e-17 0)
(-0.184675 5.63566e-17 0)
(-0.184675 8.72781e-17 0)
(-0.184675 -4.46427e-18 0)
(-0.184675 1.95643e-16 0)
(-0.184675 1.15435e-16 0)
(-0.184675 -2.05318e-16 0)
(-0.184675 -4.12897e-17 0)
(-0.184675 -2.14886e-17 0)
(-0.184675 4.71065e-17 0)
(-0.184675 1.13198e-16 0)
(-0.184675 -1.42603e-16 0)
(-0.184675 -5.41221e-17 0)
(-0.184675 -5.56982e-17 0)
(-0.184675 -1.33556e-16 0)
(-0.184675 9.26484e-17 0)
(-0.184675 6.58167e-17 0)
(-0.184675 -1.34894e-16 0)
(-0.184675 -1.57063e-16 0)
(-0.184675 -1.0361e-16 0)
(-0.184675 9.19827e-17 0)
)
;
    }
    frontAndBack
    {
        type            empty;
    }
}


// ************************************************************************* //
