/*--------------------------------*- C++ -*----------------------------------*\
| =========                 |                                                 |
| \\      /  F ield         | OpenFOAM: The Open Source CFD Toolbox           |
|  \\    /   O peration     | Version:  2.4.0                                 |
|   \\  /    A nd           | Web:      www.OpenFOAM.org                      |
|    \\/     M anipulation  |                                                 |
\*---------------------------------------------------------------------------*/
FoamFile
{
    version     2.0;
    format      ascii;
    class       volVectorField;
    location    "0";
    object      wallShearStress;
}
// * * * * * * * * * * * * * * * * * * * * * * * * * * * * * * * * * * * * * //

dimensions      [0 2 -2 0 0 0 0];

internalField   uniform (0 0 0);

boundaryField
{
    movingWall
    {
        type            calculated;
        value           nonuniform List<vector> 
90
(
(290.312 0 0)
(279.51 0 0)
(269.641 0 0)
(260.689 0 0)
(252.632 0 0)
(245.439 0 0)
(239.08 0 0)
(233.522 0 0)
(228.733 0 0)
(224.685 0 0)
(221.353 0 0)
(218.714 0 0)
(216.751 0 0)
(215.45 0 0)
(214.802 0 0)
(214.802 0 0)
(215.45 0 0)
(216.751 0 0)
(218.714 0 0)
(221.353 0 0)
(224.685 0 0)
(228.733 0 0)
(233.522 0 0)
(239.08 0 0)
(245.439 0 0)
(252.632 0 0)
(260.689 0 0)
(269.641 0 0)
(279.51 0 0)
(290.312 0 0)
(290.312 0 0)
(279.51 0 0)
(269.641 0 0)
(260.689 0 0)
(252.632 0 0)
(245.439 0 0)
(239.08 0 0)
(233.522 0 0)
(228.733 0 0)
(224.685 0 0)
(221.353 0 0)
(218.714 0 0)
(216.751 0 0)
(215.45 0 0)
(214.802 0 0)
(214.802 0 0)
(215.45 0 0)
(216.751 0 0)
(218.714 0 0)
(221.353 0 0)
(224.685 0 0)
(228.733 0 0)
(233.522 0 0)
(239.08 0 0)
(245.439 0 0)
(252.632 0 0)
(260.689 0 0)
(269.641 0 0)
(279.51 0 0)
(290.312 0 0)
(290.312 0 0)
(279.51 0 0)
(269.641 0 0)
(260.689 0 0)
(252.632 0 0)
(245.439 0 0)
(239.08 0 0)
(233.522 0 0)
(228.733 0 0)
(224.685 0 0)
(221.353 0 0)
(218.714 0 0)
(216.751 0 0)
(215.45 0 0)
(214.802 0 0)
(214.802 0 0)
(215.45 0 0)
(216.751 0 0)
(218.714 0 0)
(221.353 0 0)
(224.685 0 0)
(228.733 0 0)
(233.522 0 0)
(239.08 0 0)
(245.439 0 0)
(252.632 0 0)
(260.689 0 0)
(269.641 0 0)
(279.51 0 0)
(290.312 0 0)
)
;
    }
    Inlet
    {
        type            calculated;
        value           nonuniform List<vector> 
80
(
(0 0 0)
(0 0 0)
(0 0 0)
(0 0 0)
(0 0 0)
(0 0 0)
(0 0 0)
(0 0 0)
(0 0 0)
(0 0 0)
(0 0 0)
(0 0 0)
(0 0 0)
(0 0 0)
(0 0 0)
(0 0 0)
(0 0 0)
(0 0 0)
(0 0 0)
(0 0 0)
(0 0 0)
(0 0 0)
(0 0 0)
(0 0 0)
(0 0 0)
(0 0 0)
(0 0 0)
(0 0 0)
(0 0 0)
(0 0 0)
(0 0 0)
(0 0 0)
(0 0 0)
(0 0 0)
(0 0 0)
(0 0 0)
(0 0 0)
(0 0 0)
(0 0 0)
(0 0 0)
(0 0 0)
(0 0 0)
(0 0 0)
(0 0 0)
(0 0 0)
(0 0 0)
(0 0 0)
(0 0 0)
(0 0 0)
(0 0 0)
(0 0 0)
(0 0 0)
(0 0 0)
(0 0 0)
(0 0 0)
(0 0 0)
(0 0 0)
(0 0 0)
(0 0 0)
(0 0 0)
(0 0 0)
(0 0 0)
(0 0 0)
(0 0 0)
(0 0 0)
(0 0 0)
(0 0 0)
(0 0 0)
(0 0 0)
(0 0 0)
(0 0 0)
(0 0 0)
(0 0 0)
(0 0 0)
(0 0 0)
(0 0 0)
(0 0 0)
(0 0 0)
(0 0 0)
(0 -145.72 0)
)
;
    }
    Outlet
    {
        type            calculated;
        value           nonuniform List<vector> 
80
(
(0 0 0)
(0 0 0)
(0 0 0)
(0 0 0)
(0 0 0)
(0 0 0)
(0 0 0)
(0 0 0)
(0 0 0)
(0 0 0)
(0 0 0)
(0 0 0)
(0 0 0)
(0 0 0)
(0 0 0)
(0 0 0)
(0 0 0)
(0 0 0)
(0 0 0)
(0 0 0)
(0 0 0)
(0 0 0)
(0 0 0)
(0 0 0)
(0 0 0)
(0 0 0)
(0 0 0)
(0 0 0)
(0 0 0)
(0 0 0)
(0 0 0)
(0 0 0)
(0 0 0)
(0 0 0)
(0 0 0)
(0 0 0)
(0 0 0)
(0 0 0)
(0 0 0)
(0 0 0)
(0 0 0)
(0 0 0)
(0 0 0)
(0 0 0)
(0 0 0)
(0 0 0)
(0 0 0)
(0 0 0)
(0 0 0)
(0 0 0)
(0 0 0)
(0 0 0)
(0 0 0)
(0 0 0)
(0 0 0)
(0 0 0)
(0 0 0)
(0 0 0)
(0 0 0)
(0 0 0)
(0 0 0)
(0 0 0)
(0 0 0)
(0 0 0)
(0 0 0)
(0 0 0)
(0 0 0)
(0 0 0)
(0 0 0)
(0 0 0)
(0 0 0)
(0 0 0)
(0 0 0)
(0 0 0)
(0 0 0)
(0 0 0)
(0 0 0)
(0 0 0)
(0 0 0)
(0 145.72 0)
)
;
    }
    Bottom
    {
        type            calculated;
        value           uniform (0 0 0);
    }
    frontAndBack
    {
        type            empty;
    }
}


// ************************************************************************* //
