/*--------------------------------*- C++ -*----------------------------------*\
| =========                 |                                                 |
| \\      /  F ield         | OpenFOAM: The Open Source CFD Toolbox           |
|  \\    /   O peration     | Version:  5.x                                   |
|   \\  /    A nd           | Web:      www.OpenFOAM.org                      |
|    \\/     M anipulation  |                                                 |
\*---------------------------------------------------------------------------*/
FoamFile
{
    version     2.0;
    format      ascii;
    class       volScalarField;
    location    "0.2";
    object      p;
}
// * * * * * * * * * * * * * * * * * * * * * * * * * * * * * * * * * * * * * //

dimensions      [0 2 -2 0 0 0 0];

internalField   nonuniform List<scalar> 
500
(
2.91592e-10
6.03216e-10
6.41728e-10
6.38306e-10
6.26278e-10
6.0601e-10
5.81008e-10
5.54331e-10
5.27209e-10
5.00033e-10
4.72916e-10
4.45878e-10
4.18907e-10
3.91982e-10
3.65083e-10
3.38199e-10
3.11323e-10
2.84449e-10
2.57575e-10
2.30699e-10
2.03823e-10
1.76945e-10
1.50065e-10
1.23185e-10
9.63045e-11
6.94235e-11
4.25424e-11
1.56616e-11
-1.12188e-11
-3.80982e-11
-6.49763e-11
-9.18525e-11
-1.18727e-10
-1.45597e-10
-1.72464e-10
-1.99327e-10
-2.26182e-10
-2.53031e-10
-2.79873e-10
-3.06709e-10
-3.33536e-10
-3.60341e-10
-3.87077e-10
-4.1357e-10
-4.39148e-10
-4.61877e-10
-4.79808e-10
-4.94658e-10
-4.81447e-10
-2.35276e-10
3.11533e-10
6.50986e-10
6.51689e-10
6.33147e-10
6.20359e-10
6.01735e-10
5.78141e-10
5.52479e-10
5.26075e-10
4.99359e-10
4.72522e-10
4.45648e-10
4.18771e-10
3.91898e-10
3.65029e-10
3.38162e-10
3.11295e-10
2.84427e-10
2.57556e-10
2.30683e-10
2.03809e-10
1.76932e-10
1.50054e-10
1.23174e-10
9.62945e-11
6.9414e-11
4.25335e-11
1.56532e-11
-1.12265e-11
-3.81053e-11
-6.49823e-11
-9.18573e-11
-1.18729e-10
-1.45597e-10
-1.72459e-10
-1.99313e-10
-2.26156e-10
-2.52984e-10
-2.79789e-10
-3.06561e-10
-3.33277e-10
-3.59895e-10
-3.86329e-10
-4.12396e-10
-4.3738e-10
-4.59529e-10
-4.78919e-10
-5.06743e-10
-5.26379e-10
-2.55304e-10
3.42534e-10
7.18933e-10
6.74027e-10
6.35411e-10
6.1888e-10
5.99948e-10
5.76513e-10
5.51236e-10
5.25228e-10
4.98824e-10
4.72195e-10
4.45453e-10
4.18655e-10
3.91828e-10
3.64985e-10
3.38133e-10
3.11274e-10
2.8441e-10
2.57542e-10
2.30671e-10
2.03797e-10
1.76921e-10
1.50043e-10
1.23165e-10
9.62847e-11
6.94044e-11
4.2524e-11
1.5644e-11
-1.12356e-11
-3.81143e-11
-6.49913e-11
-9.18662e-11
-1.18737e-10
-1.45604e-10
-1.72465e-10
-1.99315e-10
-2.26153e-10
-2.52969e-10
-2.79756e-10
-3.06495e-10
-3.33159e-10
-3.59696e-10
-3.86048e-10
-4.12102e-10
-4.37348e-10
-4.60286e-10
-4.83022e-10
-5.2605e-10
-5.8338e-10
-2.82791e-10
3.69493e-10
7.84378e-10
7.03881e-10
6.45036e-10
6.22324e-10
6.01126e-10
5.76643e-10
5.5098e-10
5.24927e-10
4.98581e-10
4.72027e-10
4.45345e-10
4.18588e-10
3.91789e-10
3.64962e-10
3.38119e-10
3.11265e-10
2.84404e-10
2.57536e-10
2.30665e-10
2.03791e-10
1.76915e-10
1.50037e-10
1.23158e-10
9.62778e-11
6.93974e-11
4.25165e-11
1.56359e-11
-1.12438e-11
-3.81229e-11
-6.50008e-11
-9.1877e-11
-1.1875e-10
-1.45618e-10
-1.72481e-10
-1.99335e-10
-2.26176e-10
-2.52998e-10
-2.79793e-10
-3.06548e-10
-3.33244e-10
-3.5986e-10
-3.86394e-10
-4.12905e-10
-4.39144e-10
-4.64112e-10
-4.91433e-10
-5.47682e-10
-6.31386e-10
-3.04086e-10
3.85427e-10
8.25808e-10
7.24762e-10
6.52599e-10
6.25319e-10
6.02339e-10
5.76957e-10
5.50916e-10
5.24763e-10
4.98425e-10
4.71907e-10
4.45262e-10
4.18535e-10
3.91756e-10
3.64943e-10
3.38107e-10
3.11257e-10
2.84398e-10
2.57532e-10
2.3066e-10
2.03786e-10
1.7691e-10
1.50032e-10
1.23153e-10
9.62724e-11
6.93913e-11
4.25103e-11
1.56295e-11
-1.12511e-11
-3.81309e-11
-6.50096e-11
-9.18872e-11
-1.18762e-10
-1.45633e-10
-1.725e-10
-1.99358e-10
-2.26206e-10
-2.53039e-10
-2.79851e-10
-3.06633e-10
-3.33379e-10
-3.60087e-10
-3.8681e-10
-4.13689e-10
-4.40674e-10
-4.67033e-10
-4.97085e-10
-5.59438e-10
-6.54618e-10
-3.14076e-10
3.87771e-10
8.33028e-10
7.28268e-10
6.53053e-10
6.25015e-10
6.01945e-10
5.76554e-10
5.50562e-10
5.24481e-10
4.98221e-10
4.71762e-10
4.45163e-10
4.18469e-10
3.91712e-10
3.64913e-10
3.38088e-10
3.11243e-10
2.84388e-10
2.57523e-10
2.30654e-10
2.0378e-10
1.76904e-10
1.50026e-10
1.23147e-10
9.62669e-11
6.93857e-11
4.25042e-11
1.56234e-11
-1.12577e-11
-3.81382e-11
-6.50177e-11
-9.1896e-11
-1.18772e-10
-1.45645e-10
-1.72514e-10
-1.99376e-10
-2.26228e-10
-2.53067e-10
-2.79885e-10
-3.06676e-10
-3.33431e-10
-3.60147e-10
-3.86862e-10
-4.13698e-10
-4.40574e-10
-4.66736e-10
-4.96104e-10
-5.55861e-10
-6.47437e-10
-3.11436e-10
3.75908e-10
8.04312e-10
7.1363e-10
6.46405e-10
6.21592e-10
6.00097e-10
5.75576e-10
5.50014e-10
5.24161e-10
4.98015e-10
4.71628e-10
4.45069e-10
4.18404e-10
3.91666e-10
3.64881e-10
3.38064e-10
3.11226e-10
2.84375e-10
2.57513e-10
2.30645e-10
2.03773e-10
1.76897e-10
1.5002e-10
1.23141e-10
9.62603e-11
6.93798e-11
4.2498e-11
1.56167e-11
-1.12641e-11
-3.81447e-11
-6.50245e-11
-9.19032e-11
-1.18781e-10
-1.45654e-10
-1.72523e-10
-1.99385e-10
-2.26239e-10
-2.53078e-10
-2.79892e-10
-3.06669e-10
-3.33387e-10
-3.60013e-10
-3.86518e-10
-4.12881e-10
-4.38795e-10
-4.63166e-10
-4.88579e-10
-5.37697e-10
-6.11543e-10
-2.9679e-10
3.51344e-10
7.46609e-10
6.87831e-10
6.3768e-10
6.18092e-10
5.98644e-10
5.75078e-10
5.49909e-10
5.2415e-10
4.98023e-10
4.71624e-10
4.4506e-10
4.18389e-10
3.91652e-10
3.64867e-10
3.38052e-10
3.11215e-10
2.84366e-10
2.57504e-10
2.30637e-10
2.03765e-10
1.7689e-10
1.50013e-10
1.23134e-10
9.62531e-11
6.93728e-11
4.24909e-11
1.56096e-11
-1.1272e-11
-3.81518e-11
-6.50323e-11
-9.19118e-11
-1.18789e-10
-1.45664e-10
-1.72535e-10
-1.99399e-10
-2.26255e-10
-2.53096e-10
-2.7991e-10
-3.06679e-10
-3.33366e-10
-3.59904e-10
-3.86177e-10
-4.11974e-10
-4.36669e-10
-4.58645e-10
-4.78563e-10
-5.11756e-10
-5.55713e-10
-2.72574e-10
3.19887e-10
6.78921e-10
6.66297e-10
6.35987e-10
6.19764e-10
6.00401e-10
5.76604e-10
5.5102e-10
5.24882e-10
4.98465e-10
4.71889e-10
4.45213e-10
4.1848e-10
3.91704e-10
3.64898e-10
3.38069e-10
3.11225e-10
2.84369e-10
2.57504e-10
2.30634e-10
2.0376e-10
1.76883e-10
1.50005e-10
1.23126e-10
9.62451e-11
6.93635e-11
4.24817e-11
1.55998e-11
-1.1282e-11
-3.81631e-11
-6.5044e-11
-9.19252e-11
-1.18805e-10
-1.45682e-10
-1.72557e-10
-1.99429e-10
-2.26295e-10
-2.53151e-10
-2.7999e-10
-3.06796e-10
-3.33536e-10
-3.60137e-10
-3.86452e-10
-4.12166e-10
-4.36435e-10
-4.57315e-10
-4.73434e-10
-4.91131e-10
-4.9798e-10
-2.45067e-10
2.97835e-10
6.25986e-10
6.54062e-10
6.40833e-10
6.2567e-10
6.04656e-10
5.79435e-10
5.52856e-10
5.26008e-10
4.99144e-10
4.72293e-10
4.45459e-10
4.18632e-10
3.918e-10
3.64959e-10
3.38108e-10
3.11249e-10
2.84383e-10
2.57511e-10
2.30636e-10
2.03759e-10
1.76881e-10
1.5e-10
1.23119e-10
9.62373e-11
6.93557e-11
4.2473e-11
1.55897e-11
-1.12929e-11
-3.81753e-11
-6.50578e-11
-9.19404e-11
-1.18823e-10
-1.45705e-10
-1.72586e-10
-1.99468e-10
-2.26349e-10
-2.53231e-10
-2.8011e-10
-3.06984e-10
-3.33837e-10
-3.60625e-10
-3.87228e-10
-4.13339e-10
-4.38128e-10
-4.59493e-10
-4.74272e-10
-4.80579e-10
-4.57463e-10
-2.26869e-10
)
;

boundaryField
{
    movingWall
    {
        type            zeroGradient;
    }
    Inlet
    {
        type            fixedValue;
        value           uniform 0;
    }
    Outlet
    {
        type            fixedValue;
        value           uniform 0;
    }
    Bottom
    {
        type            zeroGradient;
    }
    frontAndBack
    {
        type            empty;
    }
}


// ************************************************************************* //
