/*--------------------------------*- C++ -*----------------------------------*\
| =========                 |                                                 |
| \\      /  F ield         | OpenFOAM: The Open Source CFD Toolbox           |
|  \\    /   O peration     | Version:  5.x                                   |
|   \\  /    A nd           | Web:      www.OpenFOAM.org                      |
|    \\/     M anipulation  |                                                 |
\*---------------------------------------------------------------------------*/
FoamFile
{
    version     2.0;
    format      ascii;
    class       volVectorField;
    location    "0.2";
    object      U;
}
// * * * * * * * * * * * * * * * * * * * * * * * * * * * * * * * * * * * * * //

dimensions      [0 1 -1 0 0 0 0];

internalField   nonuniform List<vector> 
500
(
(0.0415 -1.11182e-11 0)
(0.0415 -9.13647e-12 0)
(0.0415 -4.15438e-12 0)
(0.0415 -2.21185e-12 0)
(0.0415 -1.21324e-12 0)
(0.0415 -6.1797e-13 0)
(0.0415 -2.99044e-13 0)
(0.0415 -1.41416e-13 0)
(0.0415 -6.66655e-14 0)
(0.0415 -3.14647e-14 0)
(0.0415 -1.54823e-14 0)
(0.0415 -8.31293e-15 0)
(0.0415 -5.15975e-15 0)
(0.0415 -3.69263e-15 0)
(0.0415 -2.90054e-15 0)
(0.0415 -2.39495e-15 0)
(0.0415 -2.02525e-15 0)
(0.0415 -1.70154e-15 0)
(0.0415 -1.41522e-15 0)
(0.0415 -1.19746e-15 0)
(0.0415 -9.99521e-16 0)
(0.0415 -8.38463e-16 0)
(0.0415 -6.9601e-16 0)
(0.0415 -5.76615e-16 0)
(0.0415 -4.98806e-16 0)
(0.0415 -4.29623e-16 0)
(0.0415 -3.464e-16 0)
(0.0415 -2.80687e-16 0)
(0.0415 -2.06066e-16 0)
(0.0415 -8.94853e-17 0)
(0.0415 3.51722e-17 0)
(0.0415 2.13698e-16 0)
(0.0415 4.81556e-16 0)
(0.0415 8.08227e-16 0)
(0.0415 1.32305e-15 0)
(0.0415 2.08769e-15 0)
(0.0415 3.07175e-15 0)
(0.0415 4.60766e-15 0)
(0.0415 7.09099e-15 0)
(0.0415 1.16788e-14 0)
(0.0415 2.08182e-14 0)
(0.0415 4.02758e-14 0)
(0.0415 8.23413e-14 0)
(0.0415 1.76793e-13 0)
(0.0415 3.83572e-13 0)
(0.0415 7.96465e-13 0)
(0.0415 1.50539e-12 0)
(0.0415 2.94763e-12 0)
(0.0415 7.23682e-12 0)
(0.0415 8.74652e-12 0)
(0.1245 -3.62519e-11 0)
(0.1245 -3.72585e-11 0)
(0.1245 -2.49703e-11 0)
(0.1245 -1.46412e-11 0)
(0.1245 -8.28289e-12 0)
(0.1245 -4.57736e-12 0)
(0.1245 -2.45731e-12 0)
(0.1245 -1.2856e-12 0)
(0.1245 -6.61439e-13 0)
(0.1245 -3.38681e-13 0)
(0.1245 -1.75231e-13 0)
(0.1245 -9.3901e-14 0)
(0.1245 -5.38207e-14 0)
(0.1245 -3.39791e-14 0)
(0.1245 -2.38289e-14 0)
(0.1245 -1.8251e-14 0)
(0.1245 -1.49203e-14 0)
(0.1245 -1.2576e-14 0)
(0.1245 -1.07889e-14 0)
(0.1245 -9.38532e-15 0)
(0.1245 -8.19346e-15 0)
(0.1245 -7.20308e-15 0)
(0.1245 -6.36729e-15 0)
(0.1245 -5.62528e-15 0)
(0.1245 -5.08461e-15 0)
(0.1245 -4.56655e-15 0)
(0.1245 -4.08016e-15 0)
(0.1245 -3.62656e-15 0)
(0.1245 -3.08488e-15 0)
(0.1245 -2.38052e-15 0)
(0.1245 -1.48369e-15 0)
(0.1245 -2.74682e-16 0)
(0.1245 1.50404e-15 0)
(0.1245 4.00407e-15 0)
(0.1245 7.67856e-15 0)
(0.1245 1.30789e-14 0)
(0.1245 2.10577e-14 0)
(0.1245 3.36824e-14 0)
(0.1245 5.50921e-14 0)
(0.1245 9.38902e-14 0)
(0.1245 1.69096e-13 0)
(0.1245 3.19929e-13 0)
(0.1245 6.27695e-13 0)
(0.1245 1.24986e-12 0)
(0.1245 2.47495e-12 0)
(0.1245 4.80433e-12 0)
(0.1245 9.12961e-12 0)
(0.1245 1.67462e-11 0)
(0.1245 2.68953e-11 0)
(0.1245 2.63421e-11 0)
(0.2075 -4.66518e-11 0)
(0.2075 -4.91449e-11 0)
(0.2075 -3.58506e-11 0)
(0.2075 -2.26548e-11 0)
(0.2075 -1.3552e-11 0)
(0.2075 -7.82859e-12 0)
(0.2075 -4.36925e-12 0)
(0.2075 -2.3664e-12 0)
(0.2075 -1.25254e-12 0)
(0.2075 -6.53277e-13 0)
(0.2075 -3.39255e-13 0)
(0.2075 -1.78718e-13 0)
(0.2075 -9.82777e-14 0)
(0.2075 -5.873e-14 0)
(0.2075 -3.92275e-14 0)
(0.2075 -2.94474e-14 0)
(0.2075 -2.42727e-14 0)
(0.2075 -2.1107e-14 0)
(0.2075 -1.87908e-14 0)
(0.2075 -1.69664e-14 0)
(0.2075 -1.53958e-14 0)
(0.2075 -1.4087e-14 0)
(0.2075 -1.2894e-14 0)
(0.2075 -1.17811e-14 0)
(0.2075 -1.09057e-14 0)
(0.2075 -1.01122e-14 0)
(0.2075 -9.28754e-15 0)
(0.2075 -8.55313e-15 0)
(0.2075 -7.71546e-15 0)
(0.2075 -6.56419e-15 0)
(0.2075 -5.14697e-15 0)
(0.2075 -3.10356e-15 0)
(0.2075 -1.29147e-16 0)
(0.2075 4.01548e-15 0)
(0.2075 1.02362e-14 0)
(0.2075 1.9443e-14 0)
(0.2075 3.32396e-14 0)
(0.2075 5.52847e-14 0)
(0.2075 9.23823e-14 0)
(0.2075 1.59099e-13 0)
(0.2075 2.85267e-13 0)
(0.2075 5.31066e-13 0)
(0.2075 1.01454e-12 0)
(0.2075 1.95505e-12 0)
(0.2075 3.73244e-12 0)
(0.2075 6.95394e-12 0)
(0.2075 1.25498e-11 0)
(0.2075 2.1456e-11 0)
(0.2075 3.18722e-11 0)
(0.2075 3.06633e-11 0)
(0.2905 -4.00911e-11 0)
(0.2905 -4.27921e-11 0)
(0.2905 -3.28131e-11 0)
(0.2905 -2.16665e-11 0)
(0.2905 -1.34073e-11 0)
(0.2905 -7.9456e-12 0)
(0.2905 -4.52575e-12 0)
(0.2905 -2.48408e-12 0)
(0.2905 -1.32051e-12 0)
(0.2905 -6.81505e-13 0)
(0.2905 -3.43129e-13 0)
(0.2905 -1.6997e-13 0)
(0.2905 -8.5252e-14 0)
(0.2905 -4.58629e-14 0)
(0.2905 -2.88718e-14 0)
(0.2905 -2.22349e-14 0)
(0.2905 -2.01602e-14 0)
(0.2905 -1.95671e-14 0)
(0.2905 -1.93163e-14 0)
(0.2905 -1.9028e-14 0)
(0.2905 -1.85031e-14 0)
(0.2905 -1.78624e-14 0)
(0.2905 -1.7161e-14 0)
(0.2905 -1.63212e-14 0)
(0.2905 -1.55595e-14 0)
(0.2905 -1.48593e-14 0)
(0.2905 -1.41424e-14 0)
(0.2905 -1.35127e-14 0)
(0.2905 -1.27685e-14 0)
(0.2905 -1.1779e-14 0)
(0.2905 -1.04896e-14 0)
(0.2905 -8.6203e-15 0)
(0.2905 -5.90603e-15 0)
(0.2905 -2.01661e-15 0)
(0.2905 3.77493e-15 0)
(0.2905 1.23464e-14 0)
(0.2905 2.49775e-14 0)
(0.2905 4.4726e-14 0)
(0.2905 7.74794e-14 0)
(0.2905 1.35104e-13 0)
(0.2905 2.42193e-13 0)
(0.2905 4.47854e-13 0)
(0.2905 8.45907e-13 0)
(0.2905 1.60796e-12 0)
(0.2905 3.01963e-12 0)
(0.2905 5.51742e-12 0)
(0.2905 9.67392e-12 0)
(0.2905 1.58914e-11 0)
(0.2905 2.26324e-11 0)
(0.2905 2.14826e-11 0)
(0.3735 -2.05024e-11 0)
(0.3735 -2.18364e-11 0)
(0.3735 -1.7202e-11 0)
(0.3735 -1.16155e-11 0)
(0.3735 -7.30592e-12 0)
(0.3735 -4.3783e-12 0)
(0.3735 -2.49511e-12 0)
(0.3735 -1.34821e-12 0)
(0.3735 -6.83838e-13 0)
(0.3735 -3.1928e-13 0)
(0.3735 -1.29582e-13 0)
(0.3735 -3.87622e-14 0)
(0.3735 -6.51096e-16 0)
(0.3735 1.06805e-14 0)
(0.3735 9.96417e-15 0)
(0.3735 4.5667e-15 0)
(0.3735 -1.71255e-15 0)
(0.3735 -7.21865e-15 0)
(0.3735 -1.13646e-14 0)
(0.3735 -1.42926e-14 0)
(0.3735 -1.60744e-14 0)
(0.3735 -1.70666e-14 0)
(0.3735 -1.75564e-14 0)
(0.3735 -1.75862e-14 0)
(0.3735 -1.74175e-14 0)
(0.3735 -1.72625e-14 0)
(0.3735 -1.70565e-14 0)
(0.3735 -1.68783e-14 0)
(0.3735 -1.66573e-14 0)
(0.3735 -1.64084e-14 0)
(0.3735 -1.59911e-14 0)
(0.3735 -1.53572e-14 0)
(0.3735 -1.43975e-14 0)
(0.3735 -1.29856e-14 0)
(0.3735 -1.08571e-14 0)
(0.3735 -7.92189e-15 0)
(0.3735 -4.28175e-15 0)
(0.3735 1.63352e-16 0)
(0.3735 5.71312e-15 0)
(0.3735 1.31918e-14 0)
(0.3735 2.55928e-14 0)
(0.3735 4.99183e-14 0)
(0.3735 1.02693e-13 0)
(0.3735 2.15299e-13 0)
(0.3735 4.4733e-13 0)
(0.3735 8.8142e-13 0)
(0.3735 1.60887e-12 0)
(0.3735 2.64892e-12 0)
(0.3735 3.86103e-12 0)
(0.3735 3.44536e-12 0)
(0.4565 4.8234e-12 0)
(0.4565 5.61812e-12 0)
(0.4565 4.24454e-12 0)
(0.4565 2.82897e-12 0)
(0.4565 1.76996e-12 0)
(0.4565 1.08361e-12 0)
(0.4565 6.75999e-13 0)
(0.4565 4.49831e-13 0)
(0.4565 3.21668e-13 0)
(0.4565 2.44396e-13 0)
(0.4565 1.90541e-13 0)
(0.4565 1.488e-13 0)
(0.4565 1.13582e-13 0)
(0.4565 8.36255e-14 0)
(0.4565 5.85094e-14 0)
(0.4565 3.81207e-14 0)
(0.4565 2.1985e-14 0)
(0.4565 9.78561e-15 0)
(0.4565 9.00953e-16 0)
(0.4565 -5.44706e-15 0)
(0.4565 -9.70399e-15 0)
(0.4565 -1.25672e-14 0)
(0.4565 -1.44498e-14 0)
(0.4565 -1.54867e-14 0)
(0.4565 -1.61049e-14 0)
(0.4565 -1.65969e-14 0)
(0.4565 -1.69932e-14 0)
(0.4565 -1.75036e-14 0)
(0.4565 -1.79809e-14 0)
(0.4565 -1.85743e-14 0)
(0.4565 -1.93568e-14 0)
(0.4565 -2.03397e-14 0)
(0.4565 -2.17436e-14 0)
(0.4565 -2.36588e-14 0)
(0.4565 -2.64746e-14 0)
(0.4565 -3.10331e-14 0)
(0.4565 -3.92891e-14 0)
(0.4565 -5.47439e-14 0)
(0.4565 -8.40942e-14 0)
(0.4565 -1.39959e-13 0)
(0.4565 -2.46201e-13 0)
(0.4565 -4.45576e-13 0)
(0.4565 -8.15564e-13 0)
(0.4565 -1.48559e-12 0)
(0.4565 -2.66116e-12 0)
(0.4565 -4.64205e-12 0)
(0.4565 -7.84277e-12 0)
(0.4565 -1.25137e-11 0)
(0.4565 -1.72253e-11 0)
(0.4565 -1.68202e-11 0)
(0.5395 2.71328e-11 0)
(0.5395 2.98026e-11 0)
(0.5395 2.27767e-11 0)
(0.5395 1.50191e-11 0)
(0.5395 9.29397e-12 0)
(0.5395 5.53574e-12 0)
(0.5395 3.2211e-12 0)
(0.5395 1.86198e-12 0)
(0.5395 1.09229e-12 0)
(0.5395 6.61073e-13 0)
(0.5395 4.17343e-13 0)
(0.5395 2.74515e-13 0)
(0.5395 1.863e-13 0)
(0.5395 1.28009e-13 0)
(0.5395 8.76095e-14 0)
(0.5395 5.854e-14 0)
(0.5395 3.72363e-14 0)
(0.5395 2.16755e-14 0)
(0.5395 1.0521e-14 0)
(0.5395 2.50312e-15 0)
(0.5395 -3.07394e-15 0)
(0.5395 -6.9013e-15 0)
(0.5395 -9.52654e-15 0)
(0.5395 -1.11929e-14 0)
(0.5395 -1.23597e-14 0)
(0.5395 -1.32952e-14 0)
(0.5395 -1.4076e-14 0)
(0.5395 -1.50194e-14 0)
(0.5395 -1.59655e-14 0)
(0.5395 -1.71484e-14 0)
(0.5395 -1.87341e-14 0)
(0.5395 -2.08381e-14 0)
(0.5395 -2.38023e-14 0)
(0.5395 -2.80233e-14 0)
(0.5395 -3.41744e-14 0)
(0.5395 -4.36384e-14 0)
(0.5395 -5.95368e-14 0)
(0.5395 -8.745e-14 0)
(0.5395 -1.38046e-13 0)
(0.5395 -2.325e-13 0)
(0.5395 -4.10791e-13 0)
(0.5395 -7.48767e-13 0)
(0.5395 -1.38486e-12 0)
(0.5395 -2.5622e-12 0)
(0.5395 -4.67443e-12 0)
(0.5395 -8.32448e-12 0)
(0.5395 -1.43543e-11 0)
(0.5395 -2.34146e-11 0)
(0.5395 -3.31403e-11 0)
(0.5395 -3.23486e-11 0)
(0.6225 3.82757e-11 0)
(0.6225 4.14649e-11 0)
(0.6225 3.03826e-11 0)
(0.6225 1.92002e-11 0)
(0.6225 1.14811e-11 0)
(0.6225 6.65212e-12 0)
(0.6225 3.75903e-12 0)
(0.6225 2.10186e-12 0)
(0.6225 1.18485e-12 0)
(0.6225 6.86153e-13 0)
(0.6225 4.13837e-13 0)
(0.6225 2.61433e-13 0)
(0.6225 1.72078e-13 0)
(0.6225 1.16267e-13 0)
(0.6225 7.93563e-14 0)
(0.6225 5.37367e-14 0)
(0.6225 3.53579e-14 0)
(0.6225 2.2063e-14 0)
(0.6225 1.25194e-14 0)
(0.6225 5.68512e-15 0)
(0.6225 8.72172e-16 0)
(0.6225 -2.48656e-15 0)
(0.6225 -4.89973e-15 0)
(0.6225 -6.44645e-15 0)
(0.6225 -7.53479e-15 0)
(0.6225 -8.44626e-15 0)
(0.6225 -9.2652e-15 0)
(0.6225 -1.01824e-14 0)
(0.6225 -1.11424e-14 0)
(0.6225 -1.23217e-14 0)
(0.6225 -1.39416e-14 0)
(0.6225 -1.60965e-14 0)
(0.6225 -1.91632e-14 0)
(0.6225 -2.35008e-14 0)
(0.6225 -2.96119e-14 0)
(0.6225 -3.89358e-14 0)
(0.6225 -5.42453e-14 0)
(0.6225 -8.04964e-14 0)
(0.6225 -1.27442e-13 0)
(0.6225 -2.1463e-13 0)
(0.6225 -3.80398e-13 0)
(0.6225 -6.98467e-13 0)
(0.6225 -1.30875e-12 0)
(0.6225 -2.46408e-12 0)
(0.6225 -4.59463e-12 0)
(0.6225 -8.3927e-12 0)
(0.6225 -1.49421e-11 0)
(0.6225 -2.53915e-11 0)
(0.6225 -3.7789e-11 0)
(0.6225 -3.74011e-11 0)
(0.7055 3.26381e-11 0)
(0.7055 3.47644e-11 0)
(0.7055 2.35573e-11 0)
(0.7055 1.37884e-11 0)
(0.7055 7.77964e-12 0)
(0.7055 4.2998e-12 0)
(0.7055 2.32537e-12 0)
(0.7055 1.24524e-12 0)
(0.7055 6.73876e-13 0)
(0.7055 3.77139e-13 0)
(0.7055 2.21531e-13 0)
(0.7055 1.38039e-13 0)
(0.7055 9.03912e-14 0)
(0.7055 6.13814e-14 0)
(0.7055 4.22199e-14 0)
(0.7055 2.91129e-14 0)
(0.7055 1.9516e-14 0)
(0.7055 1.26471e-14 0)
(0.7055 7.65726e-15 0)
(0.7055 4.0418e-15 0)
(0.7055 1.50167e-15 0)
(0.7055 -3.89999e-16 0)
(0.7055 -1.72991e-15 0)
(0.7055 -2.51327e-15 0)
(0.7055 -3.08217e-15 0)
(0.7055 -3.56696e-15 0)
(0.7055 -4.08425e-15 0)
(0.7055 -4.59601e-15 0)
(0.7055 -5.15231e-15 0)
(0.7055 -5.78636e-15 0)
(0.7055 -6.77062e-15 0)
(0.7055 -8.04041e-15 0)
(0.7055 -9.85609e-15 0)
(0.7055 -1.23727e-14 0)
(0.7055 -1.58102e-14 0)
(0.7055 -2.09689e-14 0)
(0.7055 -2.93084e-14 0)
(0.7055 -4.3355e-14 0)
(0.7055 -6.82056e-14 0)
(0.7055 -1.14671e-13 0)
(0.7055 -2.04382e-13 0)
(0.7055 -3.80693e-13 0)
(0.7055 -7.29754e-13 0)
(0.7055 -1.41466e-12 0)
(0.7055 -2.72911e-12 0)
(0.7055 -5.18563e-12 0)
(0.7055 -9.70145e-12 0)
(0.7055 -1.7627e-11 0)
(0.7055 -2.8536e-11 0)
(0.7055 -2.89831e-11 0)
(0.7885 1.08473e-11 0)
(0.7885 9.38698e-12 0)
(0.7885 4.22865e-12 0)
(0.7885 2.18388e-12 0)
(0.7885 1.21019e-12 0)
(0.7885 6.19528e-13 0)
(0.7885 2.99471e-13 0)
(0.7885 1.43548e-13 0)
(0.7885 7.1866e-14 0)
(0.7885 3.78136e-14 0)
(0.7885 2.18555e-14 0)
(0.7885 1.3739e-14 0)
(0.7885 9.41218e-15 0)
(0.7885 6.6437e-15 0)
(0.7885 4.84051e-15 0)
(0.7885 3.45861e-15 0)
(0.7885 2.4093e-15 0)
(0.7885 1.63382e-15 0)
(0.7885 1.05763e-15 0)
(0.7885 6.09463e-16 0)
(0.7885 3.25085e-16 0)
(0.7885 3.23464e-17 0)
(0.7885 -1.40115e-16 0)
(0.7885 -1.86068e-16 0)
(0.7885 -1.92187e-16 0)
(0.7885 -2.86215e-16 0)
(0.7885 -3.93926e-16 0)
(0.7885 -4.0042e-16 0)
(0.7885 -4.71196e-16 0)
(0.7885 -5.65891e-16 0)
(0.7885 -7.60283e-16 0)
(0.7885 -9.4009e-16 0)
(0.7885 -1.14953e-15 0)
(0.7885 -1.52363e-15 0)
(0.7885 -2.0078e-15 0)
(0.7885 -2.62285e-15 0)
(0.7885 -3.69834e-15 0)
(0.7885 -5.29317e-15 0)
(0.7885 -8.17686e-15 0)
(0.7885 -1.36295e-14 0)
(0.7885 -2.43717e-14 0)
(0.7885 -4.66393e-14 0)
(0.7885 -9.3125e-14 0)
(0.7885 -1.91472e-13 0)
(0.7885 -3.9822e-13 0)
(0.7885 -8.09588e-13 0)
(0.7885 -1.53722e-12 0)
(0.7885 -2.8928e-12 0)
(0.7885 -6.93496e-12 0)
(0.7885 -8.82655e-12 0)
)
;

boundaryField
{
    movingWall
    {
        type            fixedValue;
        value           uniform (0.83 0 0);
    }
    Inlet
    {
        type            zeroGradient;
    }
    Outlet
    {
        type            zeroGradient;
    }
    Bottom
    {
        type            fixedValue;
        value           uniform (0 0 0);
    }
    frontAndBack
    {
        type            empty;
    }
}


// ************************************************************************* //
