/*--------------------------------*- C++ -*----------------------------------*\
| =========                 |                                                 |
| \\      /  F ield         | OpenFOAM: The Open Source CFD Toolbox           |
|  \\    /   O peration     | Version:  5.x                                   |
|   \\  /    A nd           | Web:      www.OpenFOAM.org                      |
|    \\/     M anipulation  |                                                 |
\*---------------------------------------------------------------------------*/
FoamFile
{
    version     2.0;
    format      ascii;
    class       volVectorField;
    location    "0.2";
    object      wallShearStress;
}
// * * * * * * * * * * * * * * * * * * * * * * * * * * * * * * * * * * * * * //

dimensions      [0 2 -2 0 0 0 0];

internalField   uniform (0 0 0);

boundaryField
{
    movingWall
    {
        type            calculated;
        value           nonuniform List<vector> 
50
(
(0.184675 -6.43606e-11 0)
(0.184675 -5.56961e-11 0)
(0.184675 -2.509e-11 0)
(0.184675 -1.29577e-11 0)
(0.184675 -7.18046e-12 0)
(0.184675 -3.67587e-12 0)
(0.184675 -1.77686e-12 0)
(0.184675 -8.51718e-13 0)
(0.184675 -4.26405e-13 0)
(0.184675 -2.24361e-13 0)
(0.184675 -1.29676e-13 0)
(0.184675 -8.15181e-14 0)
(0.184675 -5.58456e-14 0)
(0.184675 -3.94193e-14 0)
(0.184675 -2.87204e-14 0)
(0.184675 -2.05211e-14 0)
(0.184675 -1.42952e-14 0)
(0.184675 -9.694e-15 0)
(0.184675 -6.27527e-15 0)
(0.184675 -3.61615e-15 0)
(0.184675 -1.92884e-15 0)
(0.184675 -1.91922e-16 0)
(0.184675 8.31349e-16 0)
(0.184675 1.104e-15 0)
(0.184675 1.14031e-15 0)
(0.184675 1.69821e-15 0)
(0.184675 2.33729e-15 0)
(0.184675 2.37583e-15 0)
(0.184675 2.79576e-15 0)
(0.184675 3.35762e-15 0)
(0.184675 4.51101e-15 0)
(0.184675 5.57787e-15 0)
(0.184675 6.82054e-15 0)
(0.184675 9.0402e-15 0)
(0.184675 1.19129e-14 0)
(0.184675 1.55622e-14 0)
(0.184675 2.19435e-14 0)
(0.184675 3.14061e-14 0)
(0.184675 4.8516e-14 0)
(0.184675 8.08684e-14 0)
(0.184675 1.44605e-13 0)
(0.184675 2.76727e-13 0)
(0.184675 5.52542e-13 0)
(0.184675 1.13607e-12 0)
(0.184675 2.36277e-12 0)
(0.184675 4.80356e-12 0)
(0.184675 9.12084e-12 0)
(0.184675 1.71639e-11 0)
(0.184675 4.11474e-11 0)
(0.184675 5.23709e-11 0)
)
;
    }
    Inlet
    {
        type            calculated;
        value           uniform (0 0 0);
    }
    Outlet
    {
        type            calculated;
        value           uniform (0 0 0);
    }
    Bottom
    {
        type            calculated;
        value           nonuniform List<vector> 
50
(
(-0.184675 6.5968e-11 0)
(-0.184675 5.42097e-11 0)
(-0.184675 2.46493e-11 0)
(-0.184675 1.31236e-11 0)
(-0.184675 7.19856e-12 0)
(-0.184675 3.66662e-12 0)
(-0.184675 1.77433e-12 0)
(-0.184675 8.39068e-13 0)
(-0.184675 3.95549e-13 0)
(-0.184675 1.86691e-13 0)
(-0.184675 9.18616e-14 0)
(-0.184675 4.93234e-14 0)
(-0.184675 3.06145e-14 0)
(-0.184675 2.19096e-14 0)
(-0.184675 1.72099e-14 0)
(-0.184675 1.421e-14 0)
(-0.184675 1.20165e-14 0)
(-0.184675 1.00958e-14 0)
(-0.184675 8.39697e-15 0)
(-0.184675 7.10493e-15 0)
(-0.184675 5.93049e-15 0)
(-0.184675 4.97488e-15 0)
(-0.184675 4.12966e-15 0)
(-0.184675 3.42125e-15 0)
(-0.184675 2.95958e-15 0)
(-0.184675 2.5491e-15 0)
(-0.184675 2.05531e-15 0)
(-0.184675 1.66541e-15 0)
(-0.184675 1.22266e-15 0)
(-0.184675 5.30946e-16 0)
(-0.184675 -2.08688e-16 0)
(-0.184675 -1.26794e-15 0)
(-0.184675 -2.85723e-15 0)
(-0.184675 -4.79548e-15 0)
(-0.184675 -7.8501e-15 0)
(-0.184675 -1.2387e-14 0)
(-0.184675 -1.82257e-14 0)
(-0.184675 -2.73388e-14 0)
(-0.184675 -4.20732e-14 0)
(-0.184675 -6.92942e-14 0)
(-0.184675 -1.23521e-13 0)
(-0.184675 -2.3897e-13 0)
(-0.184675 -4.88558e-13 0)
(-0.184675 -1.04897e-12 0)
(-0.184675 -2.27586e-12 0)
(-0.184675 -4.72569e-12 0)
(-0.184675 -8.93198e-12 0)
(-0.184675 -1.74893e-11 0)
(-0.184675 -4.29385e-11 0)
(-0.184675 -5.1896e-11 0)
)
;
    }
    frontAndBack
    {
        type            empty;
    }
}


// ************************************************************************* //
