/*--------------------------------*- C++ -*----------------------------------*\
| =========                 |                                                 |
| \\      /  F ield         | OpenFOAM: The Open Source CFD Toolbox           |
|  \\    /   O peration     | Version:  5.x                                   |
|   \\  /    A nd           | Web:      www.OpenFOAM.org                      |
|    \\/     M anipulation  |                                                 |
\*---------------------------------------------------------------------------*/
FoamFile
{
    version     2.0;
    format      ascii;
    class       surfaceScalarField;
    location    "0.1";
    object      phi;
}
// * * * * * * * * * * * * * * * * * * * * * * * * * * * * * * * * * * * * * //

dimensions      [0 3 -1 0 0 0 0];

internalField   nonuniform List<scalar> 
940
(
1.65999e-08
-1.01424e-15
1.65999e-08
-1.00897e-15
1.65999e-08
-6.14467e-16
1.65999e-08
-3.44741e-16
1.65999e-08
-1.91045e-16
1.65999e-08
-1.03454e-16
1.65999e-08
-5.4407e-17
1.65999e-08
-2.78508e-17
1.65999e-08
-1.40582e-17
1.65999e-08
-7.06098e-18
1.65999e-08
-3.59996e-18
1.65999e-08
-1.91125e-18
1.65999e-08
-1.0986e-18
1.65999e-08
-7.02976e-19
1.65999e-08
-5.03107e-19
1.65999e-08
-3.929e-19
1.65999e-08
-3.23847e-19
1.65999e-08
-2.75027e-19
1.65999e-08
-2.36717e-19
1.65999e-08
-2.05345e-19
1.65999e-08
-1.78692e-19
1.65999e-08
-1.56381e-19
1.65999e-08
-1.37605e-19
1.65999e-08
-1.22001e-19
1.65999e-08
-1.08707e-19
1.65999e-08
-9.71417e-20
1.65999e-08
-8.64654e-20
1.65999e-08
-7.58703e-20
1.65999e-08
-6.40256e-20
1.65999e-08
-4.92329e-20
1.65999e-08
-2.93369e-20
1.65999e-08
-1.46672e-21
1.65999e-08
3.79297e-20
1.65999e-08
9.40836e-20
1.65999e-08
1.7395e-19
1.65999e-08
2.89722e-19
1.65999e-08
4.60765e-19
1.65999e-08
7.2955e-19
1.65999e-08
1.18003e-18
1.65999e-08
2.00771e-18
1.65999e-08
3.6217e-18
1.65999e-08
6.93767e-18
1.65999e-08
1.38269e-17
1.65999e-08
2.81747e-17
1.65999e-08
5.70472e-17
1.65999e-08
1.13197e-16
1.65999e-08
2.19458e-16
1.65999e-08
4.22014e-16
1.65999e-08
7.55006e-16
7.58908e-16
4.97997e-08
-1.78822e-15
4.97997e-08
-1.86543e-15
4.97997e-08
-1.29982e-15
4.97997e-08
-7.93564e-16
4.97997e-08
-4.63967e-16
4.97997e-08
-2.63367e-16
4.97997e-08
-1.44613e-16
4.97997e-08
-7.72437e-17
4.97997e-08
-4.04084e-17
4.97997e-08
-2.09203e-17
4.97997e-08
-1.08339e-17
4.97997e-08
-5.73708e-18
4.97997e-08
-3.20009e-18
4.97997e-08
-1.95062e-18
4.97997e-08
-1.32924e-18
4.97997e-08
-1.00702e-18
4.97997e-08
-8.2611e-19
4.97997e-08
-7.09841e-19
4.97997e-08
-6.25625e-19
4.97997e-08
-5.56999e-19
4.97997e-08
-4.99214e-19
4.97997e-08
-4.489e-19
4.97997e-08
-4.0587e-19
4.97997e-08
-3.68485e-19
4.97997e-08
-3.36408e-19
4.97997e-08
-3.07974e-19
4.97997e-08
-2.81932e-19
4.97997e-08
-2.5579e-19
4.97997e-08
-2.26446e-19
4.97997e-08
-1.89552e-19
4.97997e-08
-1.39625e-19
4.97997e-08
-6.95617e-20
4.97997e-08
3.07598e-20
4.97997e-08
1.74537e-19
4.97997e-08
3.833e-19
4.97997e-08
6.88504e-19
4.97997e-08
1.15096e-18
4.97997e-08
1.88006e-18
4.97997e-08
3.11556e-18
4.97997e-08
5.33721e-18
4.97997e-08
9.59151e-18
4.97997e-08
1.79647e-17
4.97997e-08
3.47455e-17
4.97997e-08
6.79255e-17
4.97997e-08
1.31957e-16
4.97997e-08
2.50207e-16
4.97997e-08
4.62059e-16
4.97997e-08
8.18634e-16
4.97997e-08
1.27553e-15
1.23436e-15
8.29995e-08
-1.85694e-15
8.29995e-08
-1.98176e-15
8.29995e-08
-1.4806e-15
8.29995e-08
-9.54241e-16
8.29995e-08
-5.80005e-16
8.29995e-08
-3.39111e-16
8.29995e-08
-1.9113e-16
8.29995e-08
-1.04145e-16
8.29995e-08
-5.52317e-17
8.29995e-08
-2.8644e-17
8.29995e-08
-1.46473e-17
8.29995e-08
-7.4898e-18
8.29995e-08
-3.94707e-18
8.29995e-08
-2.25213e-18
8.29995e-08
-1.46738e-18
8.29995e-08
-1.11528e-18
8.29995e-08
-9.5387e-19
8.29995e-08
-8.72806e-19
8.29995e-08
-8.18413e-19
8.29995e-08
-7.72817e-19
8.29995e-08
-7.27511e-19
8.29995e-08
-6.83472e-19
8.29995e-08
-6.40413e-19
8.29995e-08
-6.00527e-19
8.29995e-08
-5.63792e-19
8.29995e-08
-5.30755e-19
8.29995e-08
-4.99821e-19
8.29995e-08
-4.69029e-19
8.29995e-08
-4.34367e-19
8.29995e-08
-3.90731e-19
8.29995e-08
-3.31295e-19
8.29995e-08
-2.46684e-19
8.29995e-08
-1.24774e-19
8.29995e-08
5.25391e-20
8.29995e-08
3.0995e-19
8.29995e-08
6.90009e-19
8.29995e-08
1.2614e-18
8.29995e-08
2.16532e-18
8.29995e-08
3.67162e-18
8.29995e-08
6.36406e-18
8.29995e-08
1.14018e-17
8.29995e-08
2.11802e-17
8.29995e-08
4.02467e-17
8.29995e-08
7.71393e-17
8.29995e-08
1.46159e-16
8.29995e-08
2.70091e-16
8.29995e-08
4.81283e-16
8.29995e-08
8.0919e-16
8.29995e-08
1.17849e-15
1.11737e-15
1.16199e-07
-1.29348e-15
1.16199e-07
-1.38721e-15
1.16199e-07
-1.07415e-15
1.16199e-07
-7.14134e-16
1.16199e-07
-4.44095e-16
1.16199e-07
-2.64165e-16
1.16199e-07
-1.50445e-16
1.16199e-07
-8.211e-17
1.16199e-07
-4.29464e-17
1.16199e-07
-2.14517e-17
1.16199e-07
-1.01449e-17
1.16199e-07
-4.48906e-18
1.16199e-07
-1.8576e-18
1.16199e-07
-7.64032e-19
1.16199e-07
-4.14989e-19
1.16199e-07
-3.84444e-19
1.16199e-07
-4.71126e-19
1.16199e-07
-5.73882e-19
1.16199e-07
-6.59084e-19
1.16199e-07
-7.13037e-19
1.16199e-07
-7.40681e-19
1.16199e-07
-7.46241e-19
1.16199e-07
-7.38571e-19
1.16199e-07
-7.22295e-19
1.16199e-07
-7.03151e-19
1.16199e-07
-6.83343e-19
1.16199e-07
-6.64556e-19
1.16199e-07
-6.45835e-19
1.16199e-07
-6.25303e-19
1.16199e-07
-5.99224e-19
1.16199e-07
-5.62619e-19
1.16199e-07
-5.08915e-19
1.16199e-07
-4.28824e-19
1.16199e-07
-3.11469e-19
1.16199e-07
-1.40567e-19
1.16199e-07
1.0362e-19
1.16199e-07
4.58329e-19
1.16199e-07
9.84119e-19
1.16199e-07
1.81994e-18
1.16199e-07
3.23884e-18
1.16199e-07
5.85355e-18
1.16199e-07
1.08646e-17
1.16199e-07
2.06969e-17
1.16199e-07
3.96972e-17
1.16199e-07
7.53957e-17
1.16199e-07
1.38911e-16
1.16199e-07
2.44684e-16
1.16199e-07
4.00977e-16
1.16199e-07
5.70403e-16
5.32301e-16
1.49399e-07
-3.34736e-16
1.49399e-07
-3.47116e-16
1.49399e-07
-2.76594e-16
1.49399e-07
-1.86924e-16
1.49399e-07
-1.17559e-16
1.49399e-07
-6.99062e-17
1.49399e-07
-3.85287e-17
1.49399e-07
-1.89902e-17
1.49399e-07
-7.60823e-18
1.49399e-07
-1.53524e-18
1.49399e-07
1.34262e-18
1.49399e-07
2.36538e-18
1.49399e-07
2.42448e-18
1.49399e-07
2.0205e-18
1.49399e-07
1.4686e-18
1.49399e-07
9.13383e-19
1.49399e-07
4.37644e-19
1.49399e-07
5.77521e-20
1.49399e-07
-2.2194e-19
1.49399e-07
-4.19636e-19
1.49399e-07
-5.49287e-19
1.49399e-07
-6.30809e-19
1.49399e-07
-6.77193e-19
1.49399e-07
-7.02163e-19
1.49399e-07
-7.13937e-19
1.49399e-07
-7.20164e-19
1.49399e-07
-7.24455e-19
1.49399e-07
-7.29676e-19
1.49399e-07
-7.36263e-19
1.49399e-07
-7.44324e-19
1.49399e-07
-7.52988e-19
1.49399e-07
-7.61072e-19
1.49399e-07
-7.68251e-19
1.49399e-07
-7.75386e-19
1.49399e-07
-7.89883e-19
1.49399e-07
-8.27493e-19
1.49399e-07
-9.27409e-19
1.49399e-07
-1.15971e-18
1.49399e-07
-1.66629e-18
1.49399e-07
-2.69012e-18
1.49399e-07
-4.68173e-18
1.49399e-07
-8.39261e-18
1.49399e-07
-1.51348e-17
1.49399e-07
-2.69684e-17
1.49399e-07
-4.70431e-17
1.49399e-07
-7.99456e-17
1.49399e-07
-1.32741e-16
1.49399e-07
-2.10784e-16
1.49399e-07
-2.86378e-16
-2.85636e-16
1.82599e-07
6.82249e-16
1.82599e-07
7.61915e-16
1.82599e-07
5.83256e-16
1.82599e-07
3.85744e-16
1.82599e-07
2.39038e-16
1.82599e-07
1.4305e-16
1.82599e-07
8.41798e-17
1.82599e-07
4.99487e-17
1.82599e-07
3.05024e-17
1.82599e-07
1.95236e-17
1.82599e-07
1.30799e-17
1.82599e-07
9.1057e-18
1.82599e-07
6.43791e-18
1.82599e-07
4.54901e-18
1.82599e-07
3.13675e-18
1.82599e-07
2.07633e-18
1.82599e-07
1.27251e-18
1.82599e-07
6.7919e-19
1.82599e-07
2.45621e-19
1.82599e-07
-5.95794e-20
1.82599e-07
-2.71199e-19
1.82599e-07
-4.12055e-19
1.82599e-07
-5.05126e-19
1.82599e-07
-5.65056e-19
1.82599e-07
-6.0581e-19
1.82599e-07
-6.35821e-19
1.82599e-07
-6.62482e-19
1.82599e-07
-6.90102e-19
1.82599e-07
-7.22628e-19
1.82599e-07
-7.62993e-19
1.82599e-07
-8.1471e-19
1.82599e-07
-8.82291e-19
1.82599e-07
-9.73054e-19
1.82599e-07
-1.10127e-18
1.82599e-07
-1.29277e-18
1.82599e-07
-1.60025e-18
1.82599e-07
-2.12261e-18
1.82599e-07
-3.05655e-18
1.82599e-07
-4.77607e-18
1.82599e-07
-8.00813e-18
1.82599e-07
-1.41209e-17
1.82599e-07
-2.56746e-17
1.82599e-07
-4.73003e-17
1.82599e-07
-8.70018e-17
1.82599e-07
-1.57663e-16
1.82599e-07
-2.78648e-16
1.82599e-07
-4.77114e-16
1.82599e-07
-7.72564e-16
1.82599e-07
-1.08208e-15
-1.04995e-15
2.15799e-07
1.4012e-15
2.15799e-07
1.539e-15
2.15799e-07
1.14947e-15
2.15799e-07
7.38948e-16
2.15799e-07
4.48289e-16
2.15799e-07
2.62675e-16
2.15799e-07
1.50361e-16
2.15799e-07
8.52646e-17
2.15799e-07
4.89662e-17
2.15799e-07
2.89264e-17
2.15799e-07
1.78528e-17
2.15799e-07
1.14994e-17
2.15799e-07
7.69537e-18
2.15799e-07
5.24477e-18
2.15799e-07
3.58905e-18
2.15799e-07
2.40933e-18
2.15799e-07
1.56047e-18
2.15799e-07
9.40198e-19
2.15799e-07
4.95329e-19
2.15799e-07
1.77134e-19
2.15799e-07
-4.39518e-20
2.15799e-07
-1.96939e-19
2.15799e-07
-3.00329e-19
2.15799e-07
-3.71653e-19
2.15799e-07
-4.22127e-19
2.15799e-07
-4.61954e-19
2.15799e-07
-4.9735e-19
2.15799e-07
-5.34382e-19
2.15799e-07
-5.7732e-19
2.15799e-07
-6.30993e-19
2.15799e-07
-7.00506e-19
2.15799e-07
-7.92879e-19
2.15799e-07
-9.19217e-19
2.15799e-07
-1.09769e-18
2.15799e-07
-1.36183e-18
2.15799e-07
-1.77226e-18
2.15799e-07
-2.44665e-18
2.15799e-07
-3.61137e-18
2.15799e-07
-5.71322e-18
2.15799e-07
-9.62359e-18
2.15799e-07
-1.70338e-17
2.15799e-07
-3.11751e-17
2.15799e-07
-5.80468e-17
2.15799e-07
-1.08366e-16
2.15799e-07
-1.99892e-16
2.15799e-07
-3.60633e-16
2.15799e-07
-6.32141e-16
2.15799e-07
-1.05407e-15
2.15799e-07
-1.53066e-15
-1.49363e-15
2.48999e-07
1.53615e-15
2.48999e-07
1.65144e-15
2.48999e-07
1.15363e-15
2.48999e-07
7.01258e-16
2.48999e-07
4.08663e-16
2.48999e-07
2.32156e-16
2.48999e-07
1.28587e-16
2.48999e-07
7.0624e-17
2.48999e-07
3.91281e-17
2.48999e-07
2.23866e-17
2.48999e-07
1.33669e-17
2.48999e-07
8.42045e-18
2.48999e-07
5.53407e-18
2.48999e-07
3.75746e-18
2.48999e-07
2.57213e-18
2.48999e-07
1.75247e-18
2.48999e-07
1.16034e-18
2.48999e-07
7.34602e-19
2.48999e-07
4.25171e-19
2.48999e-07
2.05741e-19
2.48999e-07
5.00896e-20
2.48999e-07
-5.73976e-20
2.48999e-07
-1.32354e-19
2.48999e-07
-1.84367e-19
2.48999e-07
-2.22723e-19
2.48999e-07
-2.53058e-19
2.48999e-07
-2.80806e-19
2.48999e-07
-3.09587e-19
2.48999e-07
-3.43184e-19
2.48999e-07
-3.85179e-19
2.48999e-07
-4.39756e-19
2.48999e-07
-5.12416e-19
2.48999e-07
-6.11671e-19
2.48999e-07
-7.51528e-19
2.48999e-07
-9.55408e-19
2.48999e-07
-1.26655e-18
2.48999e-07
-1.76643e-18
2.48999e-07
-2.616e-18
2.48999e-07
-4.1349e-18
2.48999e-07
-6.96213e-18
2.48999e-07
-1.23715e-17
2.48999e-07
-2.28556e-17
2.48999e-07
-4.32363e-17
2.48999e-07
-8.23819e-17
2.48999e-07
-1.55861e-16
2.48999e-07
-2.8927e-16
2.48999e-07
-5.256e-16
2.48999e-07
-9.20947e-16
2.48999e-07
-1.434e-15
-1.43151e-15
2.822e-07
9.37292e-16
2.822e-07
9.72671e-16
2.822e-07
5.91848e-16
2.822e-07
3.2736e-16
2.822e-07
1.80535e-16
2.822e-07
9.75868e-17
2.822e-07
5.15634e-17
2.822e-07
2.69165e-17
2.822e-07
1.43117e-17
2.822e-07
7.89005e-18
2.822e-07
4.62289e-18
2.822e-07
2.88069e-18
2.822e-07
1.90683e-18
2.822e-07
1.30483e-18
2.822e-07
9.08698e-19
2.822e-07
6.27021e-19
2.822e-07
4.24391e-19
2.822e-07
2.74805e-19
2.822e-07
1.66927e-19
2.822e-07
8.88152e-20
2.822e-07
3.3939e-20
2.822e-07
-4.7578e-21
2.822e-07
-3.15177e-20
2.822e-07
-5.06019e-20
2.822e-07
-6.46563e-20
2.822e-07
-7.61123e-20
2.822e-07
-8.65525e-20
2.822e-07
-9.75693e-20
2.822e-07
-1.10416e-19
2.822e-07
-1.26523e-19
2.822e-07
-1.4743e-19
2.822e-07
-1.7523e-19
2.822e-07
-2.13049e-19
2.822e-07
-2.65715e-19
2.822e-07
-3.41272e-19
2.822e-07
-4.53972e-19
2.822e-07
-6.31659e-19
2.822e-07
-9.29727e-19
2.822e-07
-1.46164e-18
2.822e-07
-2.46256e-18
2.822e-07
-4.41649e-18
2.822e-07
-8.32044e-18
2.822e-07
-1.61661e-17
2.822e-07
-3.18738e-17
2.822e-07
-6.26119e-17
2.822e-07
-1.21276e-16
2.822e-07
-2.31192e-16
2.822e-07
-4.34711e-16
2.822e-07
-7.73113e-16
-8.11403e-16
3.154e-07
3.154e-07
3.154e-07
3.154e-07
3.154e-07
3.154e-07
3.154e-07
3.154e-07
3.154e-07
3.154e-07
3.154e-07
3.154e-07
3.154e-07
3.154e-07
3.154e-07
3.154e-07
3.154e-07
3.154e-07
3.154e-07
3.154e-07
3.154e-07
3.154e-07
3.154e-07
3.154e-07
3.154e-07
3.154e-07
3.154e-07
3.154e-07
3.154e-07
3.154e-07
3.154e-07
3.154e-07
3.154e-07
3.154e-07
3.154e-07
3.154e-07
3.154e-07
3.154e-07
3.154e-07
3.154e-07
3.154e-07
3.154e-07
3.154e-07
3.154e-07
3.154e-07
3.154e-07
3.154e-07
3.154e-07
3.154e-07
)
;

boundaryField
{
    movingWall
    {
        type            calculated;
        value           uniform 0;
    }
    Inlet
    {
        type            calculated;
        value           nonuniform List<scalar> 10(-1.65999e-08 -4.97997e-08 -8.29995e-08 -1.16199e-07 -1.49399e-07 -1.82599e-07 -2.15799e-07 -2.48999e-07 -2.822e-07 -3.154e-07);
    }
    Outlet
    {
        type            calculated;
        value           nonuniform List<scalar> 10(1.65999e-08 4.97997e-08 8.29995e-08 1.16199e-07 1.49399e-07 1.82599e-07 2.15799e-07 2.48999e-07 2.822e-07 3.154e-07);
    }
    Bottom
    {
        type            calculated;
        value           uniform 0;
    }
    frontAndBack
    {
        type            empty;
        value           nonuniform 0();
    }
}


// ************************************************************************* //
