/*--------------------------------*- C++ -*----------------------------------*\
| =========                 |                                                 |
| \\      /  F ield         | OpenFOAM: The Open Source CFD Toolbox           |
|  \\    /   O peration     | Version:  5.x                                   |
|   \\  /    A nd           | Web:      www.OpenFOAM.org                      |
|    \\/     M anipulation  |                                                 |
\*---------------------------------------------------------------------------*/
FoamFile
{
    version     2.0;
    format      ascii;
    class       volVectorField;
    location    "0.1";
    object      U;
}
// * * * * * * * * * * * * * * * * * * * * * * * * * * * * * * * * * * * * * //

dimensions      [0 1 -1 0 0 0 0];

internalField   nonuniform List<vector> 
500
(
(0.0414997 -1.18272e-09 0)
(0.0414997 -9.71919e-10 0)
(0.0414997 -4.41932e-10 0)
(0.0414997 -2.35284e-10 0)
(0.0414997 -1.29055e-10 0)
(0.0414997 -6.57356e-11 0)
(0.0414997 -3.18094e-11 0)
(0.0414997 -1.50415e-11 0)
(0.0414997 -7.0912e-12 0)
(0.0414997 -3.34695e-12 0)
(0.0414997 -1.64619e-12 0)
(0.0414997 -8.84511e-13 0)
(0.0414997 -5.48585e-13 0)
(0.0414997 -3.91602e-13 0)
(0.0414997 -3.08382e-13 0)
(0.0414997 -2.55131e-13 0)
(0.0414997 -2.1386e-13 0)
(0.0414997 -1.80199e-13 0)
(0.0414997 -1.50955e-13 0)
(0.0414997 -1.26554e-13 0)
(0.0414997 -1.05485e-13 0)
(0.0414997 -8.83938e-14 0)
(0.0414997 -7.4205e-14 0)
(0.0414997 -6.28657e-14 0)
(0.0414997 -5.32396e-14 0)
(0.0414997 -4.50291e-14 0)
(0.0414997 -3.7425e-14 0)
(0.0414997 -2.9978e-14 0)
(0.0414997 -2.16055e-14 0)
(0.0414997 -1.10723e-14 0)
(0.0414997 3.07245e-15 0)
(0.0414997 2.28283e-14 0)
(0.0414997 5.03005e-14 0)
(0.0414997 8.89888e-14 0)
(0.0414997 1.42585e-13 0)
(0.0414997 2.18712e-13 0)
(0.0414997 3.2624e-13 0)
(0.0414997 4.9032e-13 0)
(0.0414997 7.54854e-13 0)
(0.0414997 1.24388e-12 0)
(0.0414997 2.21118e-12 0)
(0.0414997 4.28219e-12 0)
(0.0414997 8.75708e-12 0)
(0.0414997 1.8803e-11 0)
(0.0414997 4.08038e-11 0)
(0.0414997 8.47257e-11 0)
(0.0414997 1.60136e-10 0)
(0.0414997 3.13562e-10 0)
(0.0414997 7.69847e-10 0)
(0.0414997 9.30442e-10 0)
(0.124499 -3.85639e-09 0)
(0.124499 -3.96347e-09 0)
(0.124499 -2.65628e-09 0)
(0.124499 -1.55748e-09 0)
(0.124499 -8.81104e-10 0)
(0.124499 -4.86921e-10 0)
(0.124499 -2.61397e-10 0)
(0.124499 -1.36754e-10 0)
(0.124499 -7.03606e-11 0)
(0.124499 -3.60265e-11 0)
(0.124499 -1.86383e-11 0)
(0.124499 -9.98774e-12 0)
(0.124499 -5.72427e-12 0)
(0.124499 -3.61193e-12 0)
(0.124499 -2.53382e-12 0)
(0.124499 -1.94167e-12 0)
(0.124499 -1.58265e-12 0)
(0.124499 -1.33492e-12 0)
(0.124499 -1.14842e-12 0)
(0.124499 -9.96574e-13 0)
(0.124499 -8.70961e-13 0)
(0.124499 -7.64903e-13 0)
(0.124499 -6.76723e-13 0)
(0.124499 -6.02264e-13 0)
(0.124499 -5.39543e-13 0)
(0.124499 -4.84605e-13 0)
(0.124499 -4.34438e-13 0)
(0.124499 -3.84144e-13 0)
(0.124499 -3.27762e-13 0)
(0.124499 -2.57068e-13 0)
(0.124499 -1.61795e-13 0)
(0.124499 -2.86737e-14 0)
(0.124499 1.60757e-13 0)
(0.124499 4.30946e-13 0)
(0.124499 8.20399e-13 0)
(0.124499 1.38706e-12 0)
(0.124499 2.2399e-12 0)
(0.124499 3.58279e-12 0)
(0.124499 5.85853e-12 0)
(0.124499 9.98846e-12 0)
(0.124499 1.79867e-11 0)
(0.124499 3.40268e-11 0)
(0.124499 6.67653e-11 0)
(0.124499 1.32955e-10 0)
(0.124499 2.63283e-10 0)
(0.124499 5.11071e-10 0)
(0.124499 9.71181e-10 0)
(0.124499 1.78142e-09 0)
(0.124499 2.86107e-09 0)
(0.124499 2.80221e-09 0)
(0.207499 -4.96271e-09 0)
(0.207499 -5.22791e-09 0)
(0.207499 -3.81369e-09 0)
(0.207499 -2.40996e-09 0)
(0.207499 -1.44162e-09 0)
(0.207499 -8.32781e-10 0)
(0.207499 -4.64784e-10 0)
(0.207499 -2.51727e-10 0)
(0.207499 -1.33238e-10 0)
(0.207499 -6.94935e-11 0)
(0.207499 -3.60855e-11 0)
(0.207499 -1.90076e-11 0)
(0.207499 -1.04515e-11 0)
(0.207499 -6.24061e-12 0)
(0.207499 -4.16923e-12 0)
(0.207499 -3.13255e-12 0)
(0.207499 -2.57424e-12 0)
(0.207499 -2.23764e-12 0)
(0.207499 -1.99821e-12 0)
(0.207499 -1.80729e-12 0)
(0.207499 -1.64186e-12 0)
(0.207499 -1.49688e-12 0)
(0.207499 -1.36842e-12 0)
(0.207499 -1.2561e-12 0)
(0.207499 -1.15748e-12 0)
(0.207499 -1.07028e-12 0)
(0.207499 -9.89525e-13 0)
(0.207499 -9.0881e-13 0)
(0.207499 -8.17877e-13 0)
(0.207499 -7.03619e-13 0)
(0.207499 -5.48836e-13 0)
(0.207499 -3.30438e-13 0)
(0.207499 -1.72339e-14 0)
(0.207499 4.35317e-13 0)
(0.207499 1.09324e-12 0)
(0.207499 2.06437e-12 0)
(0.207499 3.53687e-12 0)
(0.207499 5.87784e-12 0)
(0.207499 9.82679e-12 0)
(0.207499 1.69241e-11 0)
(0.207499 3.03388e-11 0)
(0.207499 5.64835e-11 0)
(0.207499 1.07918e-10 0)
(0.207499 2.07975e-10 0)
(0.207499 3.97046e-10 0)
(0.207499 7.39735e-10 0)
(0.207499 1.33502e-09 0)
(0.207499 2.28243e-09 0)
(0.207499 3.39047e-09 0)
(0.207499 3.26188e-09 0)
(0.290498 -4.26479e-09 0)
(0.290498 -4.55212e-09 0)
(0.290498 -3.49057e-09 0)
(0.290498 -2.30482e-09 0)
(0.290498 -1.42623e-09 0)
(0.290498 -8.45229e-10 0)
(0.290498 -4.8143e-10 0)
(0.290498 -2.64243e-10 0)
(0.290498 -1.40469e-10 0)
(0.290498 -7.24946e-11 0)
(0.290498 -3.64959e-11 0)
(0.290498 -1.80763e-11 0)
(0.290498 -9.06438e-12 0)
(0.290498 -4.86983e-12 0)
(0.290498 -3.06456e-12 0)
(0.290498 -2.36153e-12 0)
(0.290498 -2.13498e-12 0)
(0.290498 -2.07572e-12 0)
(0.290498 -2.05676e-12 0)
(0.290498 -2.0254e-12 0)
(0.290498 -1.97284e-12 0)
(0.290498 -1.90106e-12 0)
(0.290498 -1.81952e-12 0)
(0.290498 -1.73468e-12 0)
(0.290498 -1.65301e-12 0)
(0.290498 -1.5767e-12 0)
(0.290498 -1.50524e-12 0)
(0.290498 -1.43382e-12 0)
(0.290498 -1.35406e-12 0)
(0.290498 -1.25338e-12 0)
(0.290498 -1.11527e-12 0)
(0.290498 -9.17152e-13 0)
(0.290498 -6.28598e-13 0)
(0.290498 -2.07659e-13 0)
(0.290498 4.06069e-13 0)
(0.290498 1.30644e-12 0)
(0.290498 2.65488e-12 0)
(0.290498 4.75935e-12 0)
(0.290498 8.23694e-12 0)
(0.290498 1.4368e-11 0)
(0.290498 2.57558e-11 0)
(0.290498 4.76325e-11 0)
(0.290498 8.99753e-11 0)
(0.290498 1.71049e-10 0)
(0.290498 3.21219e-10 0)
(0.290498 5.86931e-10 0)
(0.290498 1.02908e-09 0)
(0.290498 1.69047e-09 0)
(0.290498 2.40756e-09 0)
(0.290498 2.28524e-09 0)
(0.373498 -2.18099e-09 0)
(0.373498 -2.32289e-09 0)
(0.373498 -1.82989e-09 0)
(0.373498 -1.23562e-09 0)
(0.373498 -7.77175e-10 0)
(0.373498 -4.65744e-10 0)
(0.373498 -2.65412e-10 0)
(0.373498 -1.43408e-10 0)
(0.373498 -7.27397e-11 0)
(0.373498 -3.3959e-11 0)
(0.373498 -1.37804e-11 0)
(0.373498 -4.12243e-12 0)
(0.373498 -6.21532e-14 0)
(0.373498 1.14671e-12 0)
(0.373498 1.06709e-12 0)
(0.373498 4.90467e-13 0)
(0.373498 -1.74738e-13 0)
(0.373498 -7.62103e-13 0)
(0.373498 -1.20959e-12 0)
(0.373498 -1.51935e-12 0)
(0.373498 -1.71148e-12 0)
(0.373498 -1.81629e-12 0)
(0.373498 -1.86037e-12 0)
(0.373498 -1.86716e-12 0)
(0.373498 -1.85396e-12 0)
(0.373498 -1.8334e-12 0)
(0.373498 -1.81179e-12 0)
(0.373498 -1.79145e-12 0)
(0.373498 -1.77017e-12 0)
(0.373498 -1.74289e-12 0)
(0.373498 -1.70141e-12 0)
(0.373498 -1.63512e-12 0)
(0.373498 -1.53038e-12 0)
(0.373498 -1.37274e-12 0)
(0.373498 -1.14772e-12 0)
(0.373498 -8.45808e-13 0)
(0.373498 -4.59975e-13 0)
(0.373498 1.22346e-14 0)
(0.373498 6.00184e-13 0)
(0.373498 1.39408e-12 0)
(0.373498 2.71418e-12 0)
(0.373498 5.30061e-12 0)
(0.373498 1.09123e-11 0)
(0.373498 2.28958e-11 0)
(0.373498 4.75838e-11 0)
(0.373498 9.37672e-11 0)
(0.373498 1.71138e-10 0)
(0.373498 2.81755e-10 0)
(0.373498 4.10693e-10 0)
(0.373498 3.66484e-10 0)
(0.456498 5.13101e-10 0)
(0.456498 5.97644e-10 0)
(0.456498 4.51532e-10 0)
(0.456498 3.00946e-10 0)
(0.456498 1.88295e-10 0)
(0.456498 1.15285e-10 0)
(0.456498 7.19217e-11 0)
(0.456498 4.78638e-11 0)
(0.456498 3.42252e-11 0)
(0.456498 2.60046e-11 0)
(0.456498 2.0276e-11 0)
(0.456498 1.58324e-11 0)
(0.456498 1.2087e-11 0)
(0.456498 8.90809e-12 0)
(0.456498 6.23283e-12 0)
(0.456498 4.05855e-12 0)
(0.456498 2.34474e-12 0)
(0.456498 1.04546e-12 0)
(0.456498 9.3086e-14 0)
(0.456498 -5.78898e-13 0)
(0.456498 -1.03632e-12 0)
(0.456498 -1.33566e-12 0)
(0.456498 -1.52473e-12 0)
(0.456498 -1.64099e-12 0)
(0.456498 -1.7139e-12 0)
(0.456498 -1.76477e-12 0)
(0.456498 -1.80846e-12 0)
(0.456498 -1.85459e-12 0)
(0.456498 -1.90934e-12 0)
(0.456498 -1.9772e-12 0)
(0.456498 -2.0623e-12 0)
(0.456498 -2.16982e-12 0)
(0.456498 -2.31046e-12 0)
(0.456498 -2.50593e-12 0)
(0.456498 -2.80378e-12 0)
(0.456498 -3.29916e-12 0)
(0.456498 -4.18538e-12 0)
(0.456498 -5.83112e-12 0)
(0.456498 -8.95579e-12 0)
(0.456498 -1.49001e-11 0)
(0.456498 -2.61961e-11 0)
(0.456498 -4.7413e-11 0)
(0.456498 -8.6776e-11 0)
(0.456498 -1.58037e-10 0)
(0.456498 -2.83087e-10 0)
(0.456498 -4.9381e-10 0)
(0.456498 -8.34309e-10 0)
(0.456498 -1.33121e-09 0)
(0.456498 -1.83241e-09 0)
(0.456498 -1.78931e-09 0)
(0.539498 2.88632e-09 0)
(0.539498 3.17033e-09 0)
(0.539498 2.42294e-09 0)
(0.539498 1.59771e-09 0)
(0.539498 9.8868e-10 0)
(0.539498 5.88888e-10 0)
(0.539498 3.42667e-10 0)
(0.539498 1.98082e-10 0)
(0.539498 1.162e-10 0)
(0.539498 7.03233e-11 0)
(0.539498 4.44061e-11 0)
(0.539498 2.92133e-11 0)
(0.539498 1.98231e-11 0)
(0.539498 1.36318e-11 0)
(0.539498 9.329e-12 0)
(0.539498 6.22854e-12 0)
(0.539498 3.9622e-12 0)
(0.539498 2.30682e-12 0)
(0.539498 1.11117e-12 0)
(0.539498 2.62643e-13 0)
(0.539498 -3.27841e-13 0)
(0.539498 -7.30376e-13 0)
(0.539498 -1.00135e-12 0)
(0.539498 -1.18382e-12 0)
(0.539498 -1.31179e-12 0)
(0.539498 -1.4103e-12 0)
(0.539498 -1.49801e-12 0)
(0.539498 -1.58909e-12 0)
(0.539498 -1.69516e-12 0)
(0.539498 -1.8273e-12 0)
(0.539498 -1.99803e-12 0)
(0.539498 -2.22425e-12 0)
(0.539498 -2.53242e-12 0)
(0.539498 -2.96929e-12 0)
(0.539498 -3.61864e-12 0)
(0.539498 -4.64082e-12 0)
(0.539498 -6.33902e-12 0)
(0.539498 -9.30808e-12 0)
(0.539498 -1.46944e-11 0)
(0.539498 -2.47377e-11 0)
(0.539498 -4.37012e-11 0)
(0.539498 -7.96608e-11 0)
(0.539498 -1.47333e-10 0)
(0.539498 -2.72569e-10 0)
(0.539498 -4.97262e-10 0)
(0.539498 -8.85547e-10 0)
(0.539498 -1.527e-09 0)
(0.539498 -2.49083e-09 0)
(0.539498 -3.52541e-09 0)
(0.539498 -3.44118e-09 0)
(0.622499 4.07168e-09 0)
(0.622499 4.41093e-09 0)
(0.622499 3.23204e-09 0)
(0.622499 2.04248e-09 0)
(0.622499 1.22134e-09 0)
(0.622499 7.07639e-10 0)
(0.622499 3.99882e-10 0)
(0.622499 2.23597e-10 0)
(0.622499 1.26042e-10 0)
(0.622499 7.299e-11 0)
(0.622499 4.4031e-11 0)
(0.622499 2.78209e-11 0)
(0.622499 1.8316e-11 0)
(0.622499 1.23839e-11 0)
(0.622499 8.45181e-12 0)
(0.622499 5.71355e-12 0)
(0.622499 3.75719e-12 0)
(0.622499 2.3426e-12 0)
(0.622499 1.32552e-12 0)
(0.622499 5.99795e-13 0)
(0.622499 9.07332e-14 0)
(0.622499 -2.62985e-13 0)
(0.622499 -5.06171e-13 0)
(0.622499 -6.7577e-13 0)
(0.622499 -7.98642e-13 0)
(0.622499 -8.9638e-13 0)
(0.622499 -9.84364e-13 0)
(0.622499 -1.0761e-12 0)
(0.622499 -1.1826e-12 0)
(0.622499 -1.31573e-12 0)
(0.622499 -1.48868e-12 0)
(0.622499 -1.71921e-12 0)
(0.622499 -2.03507e-12 0)
(0.622499 -2.48094e-12 0)
(0.622499 -3.13601e-12 0)
(0.622499 -4.14273e-12 0)
(0.622499 -5.77544e-12 0)
(0.622499 -8.5639e-12 0)
(0.622499 -1.35608e-11 0)
(0.622499 -2.28355e-11 0)
(0.622499 -4.04637e-11 0)
(0.622499 -7.43039e-11 0)
(0.622499 -1.39235e-10 0)
(0.622499 -2.62132e-10 0)
(0.622499 -4.88777e-10 0)
(0.622499 -8.92807e-10 0)
(0.622499 -1.58952e-09 0)
(0.622499 -2.70112e-09 0)
(0.622499 -4.01992e-09 0)
(0.622499 -3.97865e-09 0)
(0.705499 3.47198e-09 0)
(0.705499 3.69818e-09 0)
(0.705499 2.50597e-09 0)
(0.705499 1.46677e-09 0)
(0.705499 8.27582e-10 0)
(0.705499 4.57397e-10 0)
(0.705499 2.47362e-10 0)
(0.705499 1.3247e-10 0)
(0.705499 7.16828e-11 0)
(0.705499 4.01173e-11 0)
(0.705499 2.35716e-11 0)
(0.705499 1.46886e-11 0)
(0.705499 9.6214e-12 0)
(0.705499 6.53813e-12 0)
(0.705499 4.50089e-12 0)
(0.705499 3.09137e-12 0)
(0.705499 2.07433e-12 0)
(0.705499 1.3399e-12 0)
(0.705499 8.05711e-13 0)
(0.705499 4.25024e-13 0)
(0.705499 1.54409e-13 0)
(0.705499 -3.3825e-14 0)
(0.705499 -1.65842e-13 0)
(0.705499 -2.58472e-13 0)
(0.705499 -3.27514e-13 0)
(0.705499 -3.82815e-13 0)
(0.705499 -4.33706e-13 0)
(0.705499 -4.86792e-13 0)
(0.705499 -5.48864e-13 0)
(0.705499 -6.26526e-13 0)
(0.705499 -7.27516e-13 0)
(0.705499 -8.62105e-13 0)
(0.705499 -1.04561e-12 0)
(0.705499 -1.30267e-12 0)
(0.705499 -1.67351e-12 0)
(0.705499 -2.23195e-12 0)
(0.705499 -3.11674e-12 0)
(0.705499 -4.60506e-12 0)
(0.705499 -7.25296e-12 0)
(0.705499 -1.21961e-11 0)
(0.705499 -2.17374e-11 0)
(0.705499 -4.05047e-11 0)
(0.705499 -7.76377e-11 0)
(0.705499 -1.5049e-10 0)
(0.705499 -2.90323e-10 0)
(0.705499 -5.51641e-10 0)
(0.705499 -1.03202e-09 0)
(0.705499 -1.87513e-09 0)
(0.705499 -3.0356e-09 0)
(0.705499 -3.08316e-09 0)
(0.7885 1.15393e-09 0)
(0.7885 9.98577e-10 0)
(0.7885 4.49838e-10 0)
(0.7885 2.32314e-10 0)
(0.7885 1.28734e-10 0)
(0.7885 6.59016e-11 0)
(0.7885 3.18567e-11 0)
(0.7885 1.52668e-11 0)
(0.7885 7.64215e-12 0)
(0.7885 4.02059e-12 0)
(0.7885 2.32504e-12 0)
(0.7885 1.4619e-12 0)
(0.7885 1.00507e-12 0)
(0.7885 7.11514e-13 0)
(0.7885 5.15071e-13 0)
(0.7885 3.64942e-13 0)
(0.7885 2.55314e-13 0)
(0.7885 1.705e-13 0)
(0.7885 1.09709e-13 0)
(0.7885 6.44286e-14 0)
(0.7885 3.30668e-14 0)
(0.7885 1.03854e-14 0)
(0.7885 -5.09825e-15 0)
(0.7885 -1.65617e-14 0)
(0.7885 -2.50294e-14 0)
(0.7885 -3.23234e-14 0)
(0.7885 -3.91181e-14 0)
(0.7885 -4.64671e-14 0)
(0.7885 -5.50957e-14 0)
(0.7885 -6.61521e-14 0)
(0.7885 -8.05603e-14 0)
(0.7885 -9.95451e-14 0)
(0.7885 -1.25213e-13 0)
(0.7885 -1.60524e-13 0)
(0.7885 -2.10014e-13 0)
(0.7885 -2.81051e-13 0)
(0.7885 -3.8889e-13 0)
(0.7885 -5.63454e-13 0)
(0.7885 -8.69269e-13 0)
(0.7885 -1.4457e-12 0)
(0.7885 -2.59424e-12 0)
(0.7885 -4.96521e-12 0)
(0.7885 -9.90953e-12 0)
(0.7885 -2.03708e-11 0)
(0.7885 -4.23667e-11 0)
(0.7885 -8.6129e-11 0)
(0.7885 -1.63526e-10 0)
(0.7885 -3.07729e-10 0)
(0.7885 -7.37725e-10 0)
(0.7885 -9.38944e-10 0)
)
;

boundaryField
{
    movingWall
    {
        type            fixedValue;
        value           uniform (0.83 0 0);
    }
    Inlet
    {
        type            zeroGradient;
    }
    Outlet
    {
        type            zeroGradient;
    }
    Bottom
    {
        type            fixedValue;
        value           uniform (0 0 0);
    }
    frontAndBack
    {
        type            empty;
    }
}


// ************************************************************************* //
