/*--------------------------------*- C++ -*----------------------------------*\
| =========                 |                                                 |
| \\      /  F ield         | OpenFOAM: The Open Source CFD Toolbox           |
|  \\    /   O peration     | Version:  5.x                                   |
|   \\  /    A nd           | Web:      www.OpenFOAM.org                      |
|    \\/     M anipulation  |                                                 |
\*---------------------------------------------------------------------------*/
FoamFile
{
    version     2.0;
    format      ascii;
    class       volVectorField;
    location    "0.1";
    object      wallShearStress;
}
// * * * * * * * * * * * * * * * * * * * * * * * * * * * * * * * * * * * * * //

dimensions      [0 2 -2 0 0 0 0];

internalField   uniform (0 0 0);

boundaryField
{
    movingWall
    {
        type            calculated;
        value           nonuniform List<vector> 
50
(
(0.184675 -6.84665e-09 0)
(0.184675 -5.92489e-09 0)
(0.184675 -2.66904e-09 0)
(0.184675 -1.3784e-09 0)
(0.184675 -7.63822e-10 0)
(0.184675 -3.91016e-10 0)
(0.184675 -1.89016e-10 0)
(0.184675 -9.0583e-11 0)
(0.184675 -4.53434e-11 0)
(0.184675 -2.38555e-11 0)
(0.184675 -1.37952e-11 0)
(0.184675 -8.67394e-12 0)
(0.184675 -5.96342e-12 0)
(0.184675 -4.22165e-12 0)
(0.184675 -3.05609e-12 0)
(0.184675 -2.16532e-12 0)
(0.184675 -1.51486e-12 0)
(0.184675 -1.01163e-12 0)
(0.184675 -6.5094e-13 0)
(0.184675 -3.82276e-13 0)
(0.184675 -1.96196e-13 0)
(0.184675 -6.162e-14 0)
(0.184675 3.02496e-14 0)
(0.184675 9.82661e-14 0)
(0.184675 1.48508e-13 0)
(0.184675 1.91786e-13 0)
(0.184675 2.32101e-13 0)
(0.184675 2.75705e-13 0)
(0.184675 3.26901e-13 0)
(0.184675 3.92502e-13 0)
(0.184675 4.77991e-13 0)
(0.184675 5.90634e-13 0)
(0.184675 7.4293e-13 0)
(0.184675 9.52442e-13 0)
(0.184675 1.24608e-12 0)
(0.184675 1.66757e-12 0)
(0.184675 2.30741e-12 0)
(0.184675 3.34316e-12 0)
(0.184675 5.15766e-12 0)
(0.184675 8.57782e-12 0)
(0.184675 1.53925e-11 0)
(0.184675 2.94602e-11 0)
(0.184675 5.87965e-11 0)
(0.184675 1.20867e-10 0)
(0.184675 2.51376e-10 0)
(0.184675 5.11032e-10 0)
(0.184675 9.70254e-10 0)
(0.184675 1.82586e-09 0)
(0.184675 4.37717e-09 0)
(0.184675 5.57107e-09 0)
)
;
    }
    Inlet
    {
        type            calculated;
        value           uniform (0 0 0);
    }
    Outlet
    {
        type            calculated;
        value           uniform (0 0 0);
    }
    Bottom
    {
        type            calculated;
        value           nonuniform List<vector> 
50
(
(-0.184674 7.01747e-09 0)
(-0.184674 5.76672e-09 0)
(-0.184674 2.62213e-09 0)
(-0.184674 1.39602e-09 0)
(-0.184674 7.65726e-10 0)
(-0.184674 3.90031e-10 0)
(-0.184674 1.88736e-10 0)
(-0.184674 8.92462e-11 0)
(-0.184674 4.20745e-11 0)
(-0.184674 1.98586e-11 0)
(-0.184674 9.76739e-12 0)
(-0.184674 5.2481e-12 0)
(-0.184674 3.25494e-12 0)
(-0.184674 2.32351e-12 0)
(-0.184674 1.82973e-12 0)
(-0.184674 1.51378e-12 0)
(-0.184674 1.2689e-12 0)
(-0.184674 1.06918e-12 0)
(-0.184674 8.95666e-13 0)
(-0.184674 7.50887e-13 0)
(-0.184674 6.25878e-13 0)
(-0.184674 5.2447e-13 0)
(-0.184674 4.40283e-13 0)
(-0.184674 3.73003e-13 0)
(-0.184674 3.15888e-13 0)
(-0.184674 2.67173e-13 0)
(-0.184674 2.22055e-13 0)
(-0.184674 1.77869e-13 0)
(-0.184674 1.28193e-13 0)
(-0.184674 6.56956e-14 0)
(-0.184674 -1.82299e-14 0)
(-0.184674 -1.35448e-13 0)
(-0.184674 -2.9845e-13 0)
(-0.184674 -5.28e-13 0)
(-0.184674 -8.46004e-13 0)
(-0.184674 -1.29769e-12 0)
(-0.184674 -1.93569e-12 0)
(-0.184674 -2.90923e-12 0)
(-0.184674 -4.4788e-12 0)
(-0.184674 -7.38035e-12 0)
(-0.184674 -1.31197e-11 0)
(-0.184674 -2.54077e-11 0)
(-0.184674 -5.19587e-11 0)
(-0.184674 -1.11564e-10 0)
(-0.184674 -2.42103e-10 0)
(-0.184674 -5.02706e-10 0)
(-0.184674 -9.5014e-10 0)
(-0.184674 -1.86047e-09 0)
(-0.184674 -4.56776e-09 0)
(-0.184674 -5.52062e-09 0)
)
;
    }
    frontAndBack
    {
        type            empty;
    }
}


// ************************************************************************* //
