/*--------------------------------*- C++ -*----------------------------------*\
| =========                 |                                                 |
| \\      /  F ield         | OpenFOAM: The Open Source CFD Toolbox           |
|  \\    /   O peration     | Version:  5.x                                   |
|   \\  /    A nd           | Web:      www.OpenFOAM.org                      |
|    \\/     M anipulation  |                                                 |
\*---------------------------------------------------------------------------*/
FoamFile
{
    version     2.0;
    format      ascii;
    class       volScalarField;
    location    "0.7";
    object      p;
}
// * * * * * * * * * * * * * * * * * * * * * * * * * * * * * * * * * * * * * //

dimensions      [0 2 -2 0 0 0 0];

internalField   nonuniform List<scalar> 
500
(
1.9171e-16
4.01357e-16
5.7343e-16
9.12749e-16
1.26127e-15
1.60027e-15
1.97451e-15
2.40744e-15
2.79292e-15
3.07605e-15
3.3036e-15
3.44298e-15
3.68763e-15
3.9694e-15
3.9871e-15
3.96167e-15
4.16246e-15
4.17634e-15
3.96022e-15
3.90434e-15
3.77761e-15
3.5062e-15
3.26261e-15
2.96226e-15
3.00559e-15
3.03048e-15
2.90608e-15
2.90807e-15
2.93355e-15
2.86649e-15
2.98738e-15
3.06456e-15
2.94876e-15
3.0241e-15
2.82604e-15
2.36868e-15
2.30878e-15
2.20926e-15
2.0498e-15
1.85715e-15
1.4759e-15
1.14873e-15
1.01861e-15
9.86397e-16
1.0054e-15
5.69743e-16
1.45706e-16
-2.17701e-16
-3.73395e-16
-1.47043e-16
2.26738e-16
4.19642e-16
5.643e-16
9.15174e-16
1.19206e-15
1.56913e-15
1.93417e-15
2.36701e-15
2.75627e-15
2.99332e-15
3.30334e-15
3.47638e-15
3.62232e-15
3.85771e-15
3.99719e-15
3.9687e-15
4.18662e-15
4.26725e-15
4.10641e-15
4.06559e-15
3.86386e-15
3.61149e-15
3.38694e-15
3.14746e-15
3.01459e-15
2.98563e-15
2.86466e-15
2.79724e-15
2.84346e-15
2.91771e-15
2.98432e-15
3.01109e-15
2.97003e-15
2.94048e-15
2.82055e-15
2.50358e-15
2.39281e-15
2.24704e-15
2.0981e-15
1.95023e-15
1.58835e-15
1.24938e-15
1.10758e-15
1.07365e-15
7.89203e-16
5.27332e-16
4.63678e-16
5.5537e-17
-1.69346e-16
-9.08217e-17
1.93829e-16
3.94845e-16
6.83652e-16
8.44637e-16
1.00174e-15
1.51594e-15
1.98793e-15
2.45841e-15
2.61592e-15
2.83228e-15
3.23466e-15
3.55514e-15
3.71811e-15
3.88774e-15
4.08168e-15
4.10845e-15
4.25806e-15
4.25402e-15
4.17645e-15
4.24363e-15
4.04918e-15
3.59967e-15
3.55984e-15
3.33969e-15
3.12149e-15
3.02769e-15
2.85636e-15
2.84037e-15
2.88179e-15
2.93876e-15
2.98301e-15
2.92421e-15
2.92572e-15
2.97011e-15
2.75136e-15
2.49505e-15
2.26763e-15
2.23568e-15
2.34929e-15
2.17638e-15
1.72108e-15
1.39143e-15
1.22666e-15
9.85553e-16
7.27487e-16
5.09284e-16
5.55164e-16
2.85553e-16
1.95078e-16
8.32167e-17
1.42319e-16
6.10966e-16
6.29581e-16
5.50974e-16
1.19879e-15
1.59683e-15
1.89199e-15
2.24282e-15
2.68725e-15
2.90293e-15
3.16668e-15
3.57085e-15
3.85787e-15
3.96571e-15
4.21844e-15
4.24679e-15
4.57816e-15
4.41865e-15
4.30536e-15
4.46345e-15
4.13474e-15
3.3053e-15
3.55529e-15
3.73176e-15
3.34976e-15
3.31268e-15
3.02342e-15
2.79698e-15
2.8993e-15
2.92085e-15
2.98653e-15
2.95558e-15
2.95535e-15
3.00837e-15
2.54897e-15
2.36264e-15
2.36177e-15
2.60451e-15
2.2063e-15
2.02946e-15
2.04735e-15
1.68828e-15
1.29319e-15
9.255e-16
6.70058e-16
9.63467e-16
7.52217e-16
1.45975e-16
1.76035e-16
8.75789e-17
1.95799e-16
2.52936e-16
6.43804e-16
8.37644e-16
1.30078e-15
1.28549e-15
1.97247e-15
2.31643e-15
2.78163e-15
2.84806e-15
3.17279e-15
3.67144e-15
3.69149e-15
4.1402e-15
4.45409e-15
4.74333e-15
4.84987e-15
4.67603e-15
4.5103e-15
4.45044e-15
4.03962e-15
3.38826e-15
3.457e-15
3.92809e-15
3.45875e-15
3.19913e-15
3.02766e-15
3.03209e-15
2.88187e-15
3.03928e-15
3.03325e-15
2.94577e-15
2.92307e-15
2.96186e-15
2.39593e-15
2.39796e-15
2.38443e-15
2.40446e-15
2.20677e-15
2.00903e-15
2.24338e-15
2.04515e-15
1.37514e-15
1.24051e-15
7.88008e-16
9.20831e-16
7.16053e-16
2.25358e-16
2.60729e-16
1.88834e-16
1.35348e-16
2.7335e-16
7.6696e-16
1.30274e-15
1.22196e-15
1.3314e-15
2.11186e-15
2.42425e-15
2.65033e-15
2.69325e-15
3.33931e-15
3.66709e-15
3.38527e-15
3.83035e-15
4.73369e-15
5.15436e-15
5.14543e-15
4.67649e-15
4.54538e-15
4.41603e-15
4.29765e-15
3.57137e-15
3.26628e-15
3.66802e-15
3.3829e-15
3.2501e-15
3.33039e-15
2.9551e-15
2.78394e-15
2.97837e-15
3.13816e-15
2.86953e-15
2.7266e-15
2.77791e-15
2.47594e-15
2.15866e-15
1.97415e-15
2.03653e-15
2.17217e-15
2.62274e-15
1.97035e-15
1.95052e-15
1.84285e-15
1.49114e-15
9.07624e-16
1.00569e-15
1.25733e-15
9.36028e-16
5.32423e-16
1.23304e-16
-2.26003e-16
3.01588e-16
9.866e-16
1.61475e-15
1.39356e-15
1.68235e-15
1.73035e-15
1.89889e-15
2.67294e-15
3.0477e-15
3.69894e-15
3.08792e-15
3.32582e-15
4.05052e-15
4.63703e-15
5.07277e-15
5.0798e-15
4.77726e-15
4.57153e-15
4.6133e-15
4.49084e-15
3.91599e-15
3.19789e-15
3.12394e-15
3.2612e-15
3.5079e-15
2.90358e-15
2.64381e-15
3.0366e-15
2.94105e-15
2.96464e-15
2.69028e-15
2.70694e-15
2.53156e-15
2.24635e-15
1.993e-15
2.52185e-15
2.21345e-15
2.21046e-15
2.3072e-15
2.09495e-15
2.1837e-15
2.23155e-15
1.91917e-15
1.40171e-15
1.52653e-15
1.56079e-15
9.92569e-16
1.094e-16
-6.15217e-17
-1.44341e-16
2.092e-16
3.7381e-16
1.4872e-15
1.78257e-15
1.83609e-15
1.66569e-15
2.01096e-15
3.16661e-15
3.33713e-15
2.82319e-15
3.0094e-15
3.46491e-15
3.86945e-15
4.40758e-15
5.05218e-15
5.21035e-15
4.6912e-15
4.41381e-15
4.30805e-15
4.12704e-15
4.09593e-15
3.66273e-15
2.60396e-15
3.19122e-15
3.17525e-15
2.45704e-15
2.9197e-15
2.60326e-15
3.15028e-15
2.49404e-15
2.87413e-15
2.54109e-15
2.44393e-15
1.94348e-15
2.31829e-15
2.65936e-15
2.11802e-15
1.83743e-15
2.08082e-15
2.89523e-15
2.41485e-15
3.03285e-15
2.30253e-15
2.27785e-15
2.05506e-15
1.87699e-15
1.05545e-15
-2.05939e-16
-3.67685e-17
2.37054e-16
-2.59524e-16
5.66125e-16
2.08134e-15
1.77208e-15
1.71896e-15
1.84246e-15
1.81479e-15
3.08407e-15
3.25542e-15
2.49628e-15
2.73687e-15
3.62153e-15
4.21575e-15
4.73678e-15
4.34044e-15
4.90921e-15
4.53014e-15
4.41868e-15
4.19893e-15
4.14418e-15
4.44439e-15
3.84242e-15
3.03586e-15
3.23524e-15
2.81231e-15
2.40931e-15
2.12769e-15
2.32449e-15
2.5396e-15
2.52729e-15
2.60999e-15
2.37352e-15
2.46229e-15
2.23935e-15
1.88607e-15
2.35299e-15
1.80532e-15
1.39141e-15
2.72119e-15
3.06883e-15
3.4305e-15
3.48182e-15
2.72066e-15
2.89809e-15
2.10747e-15
9.10641e-16
9.53108e-16
1.22599e-16
6.65726e-17
-3.29698e-16
-4.87113e-16
6.02829e-16
1.73386e-15
2.47585e-15
2.48049e-15
1.81243e-15
2.63607e-15
2.85391e-15
2.81406e-15
2.28004e-15
3.02925e-15
4.10581e-15
4.19925e-15
4.27421e-15
3.83127e-15
4.34357e-15
4.22257e-15
3.75722e-15
4.0766e-15
4.25902e-15
4.57002e-15
5.02166e-15
3.74298e-15
3.256e-15
2.79228e-15
2.30612e-15
1.70443e-15
2.15416e-15
2.41319e-15
2.53069e-15
2.65199e-15
2.82033e-15
1.96361e-15
2.07387e-15
1.99885e-15
2.05011e-15
1.76225e-15
1.42616e-15
2.65431e-15
3.80758e-15
4.26265e-15
4.12409e-15
3.17932e-15
2.74807e-15
2.14884e-15
1.59594e-15
2.84996e-16
-2.48663e-16
2.77633e-16
)
;

boundaryField
{
    movingWall
    {
        type            zeroGradient;
    }
    Inlet
    {
        type            fixedValue;
        value           uniform 0;
    }
    Outlet
    {
        type            fixedValue;
        value           uniform 0;
    }
    Bottom
    {
        type            zeroGradient;
    }
    frontAndBack
    {
        type            empty;
    }
}


// ************************************************************************* //
