/*--------------------------------*- C++ -*----------------------------------*\
| =========                 |                                                 |
| \\      /  F ield         | OpenFOAM: The Open Source CFD Toolbox           |
|  \\    /   O peration     | Version:  2.4.0                                 |
|   \\  /    A nd           | Web:      www.OpenFOAM.org                      |
|    \\/     M anipulation  |                                                 |
\*---------------------------------------------------------------------------*/
FoamFile
{
    version     2.0;
    format      ascii;
    class       volScalarField;
    location    "0.03";
    object      p;
}
// * * * * * * * * * * * * * * * * * * * * * * * * * * * * * * * * * * * * * //

dimensions      [0 2 -2 0 0 0 0];

internalField   nonuniform List<scalar> 
7200
(
5.11678e-05
-0.0819355
-0.0208912
0.310904
0.722829
1.07564
1.37488
1.64066
1.85423
1.96895
1.94007
1.74396
1.38572
0.894496
0.317641
-0.28834
-0.863376
-1.3516
-1.70659
-1.89988
-1.92679
-1.81104
-1.59731
-1.33189
-1.03304
-0.68026
-0.268038
0.064041
0.124987
0.0428721
-0.015112
-0.0914649
0.0469308
0.429357
0.821905
1.13133
1.39042
1.61685
1.78925
1.8665
1.81307
1.61248
1.27192
0.817724
0.290772
-0.260872
-0.786199
-1.23771
-1.57531
-1.77332
-1.82484
-1.74647
-1.57371
-1.34746
-1.0887
-0.779364
-0.386574
-0.00383227
0.134572
0.058098
-0.0343938
-0.0859669
0.1352
0.545275
0.902109
1.16738
1.38918
1.57876
1.71378
1.75904
1.6868
1.48583
1.1644
0.74597
0.265791
-0.235311
-0.714021
-1.13001
-1.44875
-1.64734
-1.71779
-1.67138
-1.53585
-1.34629
-1.12473
-0.859579
-0.502561
-0.0921736
0.129096
0.0774417
-0.0564856
-0.0612086
0.238455
0.652299
0.964426
1.18861
1.37698
1.53374
1.63711
1.65701
1.57154
1.37304
1.07009
0.683591
0.244168
-0.213162
-0.651236
-1.03549
-1.33595
-1.53227
-1.61607
-1.59503
-1.49107
-1.33417
-1.14596
-0.921895
-0.609633
-0.1955
0.104329
0.0995845
-0.0792687
-0.0136236
0.353874
0.749257
1.01163
1.19791
1.35554
1.48261
1.55871
1.55812
1.46341
1.26937
0.984526
0.627433
0.224779
-0.193273
-0.594675
-0.949682
-1.23222
-1.42424
-1.51741
-1.51692
-1.44017
-1.31285
-1.15528
-0.969094
-0.706625
-0.310982
0.0567145
0.122398
-0.0990922
0.0591715
0.47594
0.832893
1.04441
1.19645
1.32579
1.42614
1.47885
1.46177
1.36095
1.17289
0.9058
0.57611
0.207126
-0.17513
-0.542947
-0.870686
-1.13562
-1.32181
-1.42123
-1.4373
-1.38393
-1.28325
-1.15386
-1.00188
-0.790284
-0.433099
-0.0161164
0.142233
-0.110939
0.157558
0.59762
0.90006
1.06324
1.18499
1.2886
1.36537
1.39842
1.36844
1.26414
1.08321
0.833391
0.529206
0.191051
-0.158572
-0.49563
-0.797982
-1.04578
-1.22499
-1.328
-1.35707
-1.32338
-1.24621
-1.14247
-1.02072
-0.857471
-0.554821
-0.114536
0.154082
-0.108677
0.279404
0.711476
0.948987
1.06916
1.16445
1.24493
1.30137
1.31827
1.27855
1.17297
0.999989
0.76685
0.486356
0.176419
-0.14346
-0.45236
-0.73112
-0.962359
-1.13373
-1.23816
-1.27707
-1.25958
-1.20272
-1.12202
-1.02667
-0.906423
-0.668713
-0.236407
0.151818
-0.0853862
0.419908
0.810433
0.979363
1.06356
1.13577
1.19584
1.23515
1.23909
1.19235
1.08728
0.922817
0.705686
0.447184
0.163092
-0.129652
-0.41276
-0.669613
-0.884942
-1.0479
-1.15194
-1.19798
-1.19352
-1.1538
-1.09346
-1.02113
-0.936834
-0.767708
-0.376932
0.128528
-0.0338077
0.571704
0.888468
0.992162
1.04791
1.09989
1.14235
1.16761
1.16145
1.11001
1.00687
0.851274
0.649441
0.411344
0.15094
-0.117017
-0.376481
-0.613002
-0.813117
-0.967308
-1.06952
-1.12039
-1.12611
-1.10047
-1.05772
-1.00556
-0.949683
-0.845789
-0.528751
0.076956
0.0531121
0.725229
0.941227
0.989394
1.02357
1.05774
1.08547
1.09956
1.08582
1.03162
0.931531
0.78497
0.597699
0.378527
0.139854
-0.105443
-0.343216
-0.560874
-0.746498
-0.891733
-0.991004
-1.04474
-1.05816
-1.04374
-1.01571
-0.981322
-0.946982
-0.898606
-0.682309
-0.00995531
0.18163
0.869338
0.966494
0.973758
0.991734
1.01025
1.02621
1.03173
1.01257
0.95723
0.861039
0.723541
0.550085
0.348458
0.129731
-0.0948294
-0.312689
-0.512856
-0.684723
-0.820962
-0.916421
-0.971427
-0.99038
-0.984604
-0.968359
-0.949598
-0.931433
-0.923949
-0.826467
-0.138467
0.356622
0.992126
0.964448
0.948238
0.95333
0.958397
0.96549
0.964733
0.942003
0.886823
0.795167
0.666647
0.506257
0.320889
0.120483
-0.0850854
-0.284654
-0.468606
-0.627455
-0.75477
-0.845772
-0.900732
-0.923376
-0.923977
-0.916639
-0.911321
-0.906017
-0.921996
-0.949326
-0.313463
0.58107
1.08187
0.937666
0.915691
0.909091
0.903188
0.904156
0.89907
0.874333
0.820357
0.733685
0.613967
0.465903
0.2956
0.11203
-0.0761316
-0.25889
-0.427817
-0.574377
-0.692929
-0.779015
-0.832878
-0.857659
-0.862701
-0.861549
-0.867212
-0.873586
-0.895325
-1.03917
-0.537933
0.855667
1.12801
0.890875
0.878483
0.859611
0.845671
0.842955
0.835165
0.809714
0.757758
0.676361
0.565202
0.42874
0.272389
0.1043
-0.0678967
-0.235198
-0.390206
-0.525193
-0.635215
-0.716079
-0.768021
-0.793647
-0.801516
-0.804129
-0.817859
-0.836502
-0.848658
-1.08543
-0.812575
1.1786
1.12205
0.830479
0.838219
0.805456
0.786904
0.782516
0.773358
0.748248
0.698927
0.622971
0.520075
0.394511
0.251077
0.0972289
-0.0603168
-0.213399
-0.355519
-0.479629
-0.581406
-0.656868
-0.706262
-0.731677
-0.741048
-0.74543
-0.76382
-0.796365
-0.788395
-1.07962
-1.13558
1.54551
1.05832
0.76391
0.795606
0.747286
0.727913
0.72335
0.713915
0.689988
0.643747
0.573294
0.478327
0.36298
0.231501
0.0907584
-0.0533349
-0.193331
-0.323521
-0.437429
-0.531283
-0.601268
-0.647658
-0.672015
-0.681802
-0.686472
-0.70575
-0.753876
-0.721962
-1.01606
-1.50259
1.94967
0.934464
0.698891
0.750457
0.685961
0.66964
0.665851
0.657042
0.634947
0.592086
0.527116
0.439716
0.333933
0.213515
0.0848365
-0.0468997
-0.17485
-0.294002
-0.398355
-0.484639
-0.549153
-0.592223
-0.614867
-0.624172
-0.628193
-0.6445
-0.708841
-0.657076
-0.89238
-1.90689
2.38237
0.751655
0.642676
0.701821
0.622605
0.612884
0.610314
0.602893
0.583104
0.543805
0.484231
0.40402
0.307174
0.196985
0.0794162
-0.040965
-0.157823
-0.266766
-0.362187
-0.441271
-0.500386
-0.53994
-0.560386
-0.56845
-0.571387
-0.581191
-0.660304
-0.600984
-0.709754
-2.33975
2.8334
0.514498
0.601377
0.648239
0.558627
0.55825
0.556958
0.551576
0.53441
0.498758
0.44444
0.371029
0.282524
0.181792
0.074455
-0.0354895
-0.142133
-0.241638
-0.32872
-0.400985
-0.454826
-0.490762
-0.508683
-0.514853
-0.516655
-0.517226
-0.6068
-0.559794
-0.472775
-2.79096
3.29165
0.230631
0.579435
0.588055
0.495677
0.506112
0.505951
0.503156
0.488792
0.456795
0.407555
0.34055
0.25982
0.167826
0.0699145
-0.0304357
-0.127669
-0.218456
-0.297764
-0.363596
-0.412328
-0.444622
-0.459823
-0.463546
-0.464368
-0.45425
-0.546669
-0.537942
-0.189076
-3.24941
3.74585
-0.0899048
0.579296
0.519759
0.43555
0.456597
0.457434
0.45766
0.44616
0.417763
0.373395
0.312404
0.238912
0.154987
0.0657596
-0.0257696
-0.114336
-0.197072
-0.269141
-0.328928
-0.372746
-0.401433
-0.413835
-0.414671
-0.41465
-0.394054
-0.478396
-0.537868
0.131312
-3.7038
4.18512
-0.435477
0.601308
0.442297
0.380049
0.409603
0.411546
0.41507
0.406413
0.381513
0.341789
0.286424
0.219663
0.143186
0.0619589
-0.0214608
-0.102042
-0.177349
-0.242688
-0.296814
-0.335934
-0.361099
-0.370705
-0.368367
-0.367397
-0.338438
-0.400923
-0.559918
0.476761
-4.14326
4.5996
-0.793738
0.643851
0.355313
0.330831
0.364833
0.368438
0.375329
0.369441
0.347894
0.312573
0.262454
0.201946
0.132339
0.0584834
-0.0174813
-0.090707
-0.159165
-0.218252
-0.267096
-0.301747
-0.323515
-0.330378
-0.324784
-0.322307
-0.289054
-0.313891
-0.602468
0.834929
-4.5579
4.98084
-1.15249
0.703646
0.259289
0.28925
0.321858
0.328277
0.338339
0.335132
0.316756
0.285595
0.240351
0.185647
0.122371
0.055307
-0.0138059
-0.0802564
-0.142404
-0.19569
-0.239622
-0.270043
-0.288577
-0.292762
-0.284092
-0.278952
-0.247253
-0.217776
-0.662239
1.19362
-4.93929
5.32217
-1.50046
0.776213
0.155566
0.256227
0.280192
0.291243
0.303964
0.303376
0.287954
0.26071
0.219981
0.170659
0.113213
0.0524058
-0.0104116
-0.070622
-0.126962
-0.17487
-0.214253
-0.240678
-0.25618
-0.257725
-0.246471
-0.236843
-0.213952
-0.113917
-0.734748
1.54157
-5.28073
5.61877
-1.82789
0.856393
0.046263
0.232164
0.239372
0.257509
0.272035
0.274067
0.261342
0.237781
0.201217
0.156884
0.104802
0.0497578
-0.00727734
-0.0617415
-0.112741
-0.155669
-0.190855
-0.213515
-0.226226
-0.225105
-0.212098
-0.195517
-0.189551
-0.00442681
-0.814833
1.86901
-5.5774
5.86772
-2.12694
0.938875
-0.0659101
0.216914
0.199029
0.227226
0.242361
0.247104
0.236777
0.216682
0.183944
0.144232
0.0970795
0.0473432
-0.00438396
-0.0535577
-0.0996534
-0.137973
-0.169303
-0.188416
-0.198621
-0.194718
-0.181129
-0.154604
-0.173901
0.107989
-0.897182
2.16812
-5.82638
6.06785
-2.3919
1.01867
-0.17789
0.209808
0.158941
0.200495
0.214736
0.222394
0.214121
0.197292
0.168054
0.132621
0.0899928
0.0451436
-0.00171385
-0.046018
-0.0876163
-0.121672
-0.149481
-0.165246
-0.17328
-0.166367
-0.153671
-0.113885
-0.166328
0.220271
-0.976804
2.43317
-6.02649
6.21951
-2.61917
1.09149
-0.286531
0.209729
0.119074
0.17735
0.188957
0.199845
0.193237
0.179501
0.153445
0.121974
0.0834928
0.0431423
0.000749154
-0.0390739
-0.076554
-0.106668
-0.131279
-0.143872
-0.150117
-0.139857
-0.129766
-0.0733278
-0.165717
0.329279
-1.0494
2.66057
-6.17809
6.32431
-2.80707
1.15397
-0.388865
0.215235
0.0795808
0.157736
0.16483
0.179368
0.173995
0.163205
0.140023
0.112221
0.0775342
0.0413238
0.00301989
-0.032681
-0.0663963
-0.0928656
-0.114594
-0.124168
-0.129053
-0.115006
-0.109366
-0.0330907
-0.170623
0.432048
-1.11161
2.84867
-6.28277
6.38484
-2.95564
1.20382
-0.482317
0.224695
0.0407904
0.141501
0.142189
0.160875
0.156268
0.148308
0.1277
0.103296
0.0720756
0.0396739
0.00511206
-0.0267981
-0.0570784
-0.0801773
-0.0993296
-0.106011
-0.110003
-0.0916547
-0.0923314
0.00649138
-0.179419
0.526008
-1.16114
2.99746
-6.34314
6.40436
-3.06621
1.23977
-0.564868
0.236439
0.00316623
0.128402
0.120899
0.144271
0.139938
0.134717
0.116394
0.0951396
0.0670786
0.0381796
0.0070383
-0.0213871
-0.0485399
-0.0685211
-0.0853956
-0.0892835
-0.0928788
-0.0696787
-0.0784283
0.0449462
-0.190438
0.609141
-1.19671
3.10832
-6.36243
6.38655
-3.14111
1.26151
-0.635138
0.248886
-0.0327446
0.118106
0.100863
0.129455
0.124896
0.122348
0.10603
0.0876952
0.0625078
0.0368288
0.00881032
-0.0164131
-0.0407251
-0.0578208
-0.0727055
-0.0738776
-0.0775835
-0.0489905
-0.0673387
0.0817162
-0.202104
0.680069
-1.21801
3.18358
-6.34436
6.33534
-3.18334
1.2695
-0.692407
0.260651
-0.0663698
0.11022
0.0820251
0.116316
0.111043
0.111119
0.0965354
0.0809111
0.0583306
0.0356102
0.010439
-0.0118438
-0.0335821
-0.0480051
-0.0611774
-0.0596935
-0.0640098
-0.0295417
-0.0586789
0.116217
-0.213042
0.738068
-1.2255
3.22622
-6.29283
6.25471
-3.19624
1.26478
-0.736568
0.27062
-0.0971681
0.104305
0.064365
0.104733
0.0982888
0.100952
0.0878464
0.0747388
0.0545171
0.0345136
0.0119345
-0.00764908
-0.0270623
-0.0390084
-0.0507325
-0.0466416
-0.0520392
-0.0113197
-0.0520232
0.147894
-0.222148
0.783027
-1.22021
3.23961
-6.21181
6.14857
-3.18333
1.24877
-0.768042
0.277988
-0.124678
0.0999082
0.0478944
0.0945783
0.086556
0.0917735
0.0799026
0.0691332
0.0510394
0.0335293
0.0133062
-0.00380152
-0.0211206
-0.0307698
-0.041295
-0.0346425
-0.0415429
0.00565862
-0.0469309
0.17627
-0.22863
0.81536
-1.20356
3.22725
-6.10524
6.02072
-3.14808
1.22311
-0.787666
0.28226
-0.148553
0.0965903
0.0326467
0.0857133
0.0757776
0.0835109
0.0726486
0.0640521
0.0478721
0.0326483
0.0145629
-0.00027565
-0.0157146
-0.0232336
-0.0327912
-0.0236271
-0.032383
0.0213561
-0.0429717
0.200985
-0.232005
0.835893
-1.1772
3.19263
-5.97688
5.87473
-3.09388
1.18948
-0.796566
0.283225
-0.168581
0.0939467
0.0186678
0.0779967
0.0658967
0.0760942
0.0660339
0.0594559
0.0449917
0.0318623
0.0157131
0.002952
-0.0108045
-0.0163484
-0.0251495
-0.0135361
-0.024416
0.0357249
-0.0397496
0.221813
-0.232081
0.845741
-1.14281
3.13913
-5.83033
5.71396
-3.02388
1.14952
-0.796047
0.280921
-0.184693
0.0916271
0.00600551
0.0712861
0.0568657
0.0694555
0.0600126
0.0553073
0.0423765
0.0311633
0.0167645
0.00590303
-0.00635307
-0.0100676
-0.0183004
-0.00431901
-0.0174965
0.0487175
-0.0369202
0.238671
-0.22891
0.846189
-1.10205
3.0699
-5.66893
5.5415
-2.94104
1.10478
-0.787482
0.275572
-0.196953
0.0893475
-0.00529973
0.065442
0.0486445
0.0635289
0.0545426
0.0515715
0.0400068
0.030544
0.0177244
0.00859732
-0.00232501
-0.00434867
-0.0121764
0.00406708
-0.0114812
0.0602948
-0.0342031
0.25161
-0.222735
0.838596
-1.05647
2.98789
-5.49578
5.36016
-2.84803
1.05663
-0.77224
0.26754
-0.205541
0.0868957
-0.0152222
0.060332
0.0411986
0.0582506
0.0495858
0.0482154
0.0378642
0.0299976
0.0185997
0.0110532
0.00131271
0.000847024
-0.00671237
0.0116595
-0.00623356
0.0704347
-0.0313874
0.260804
-0.21393
0.82431
-1.00745
2.89578
-5.3137
5.17249
-2.74729
1.00627
-0.751619
0.257266
-0.210729
0.0841309
-0.0237564
0.055834
0.0344977
0.0535595
0.0451074
0.0452082
0.0359322
0.0295175
0.0193971
0.0132874
0.00459131
0.00555466
-0.00184594
0.0184914
-0.00162697
0.0791362
-0.0283309
0.266518
-0.202951
0.804612
-0.956227
2.79597
-5.12523
4.98072
-2.64097
0.954751
-0.726813
0.245226
-0.212859
0.080978
-0.03092
0.0518393
0.0285135
0.0493977
0.041076
0.0425205
0.0341952
0.0290977
0.0201228
0.0153154
0.00754012
0.0098063
0.0024821
0.0245938
0.00245204
0.0864225
-0.0249546
0.269089
-0.190285
0.780677
-0.903844
2.69062
-4.93263
4.78682
-2.531
0.902932
-0.698884
0.231896
-0.212309
0.0774188
-0.0367543
0.0482542
0.023218
0.0457105
0.0374623
0.0401251
0.0326393
0.0287324
0.0207825
0.0171515
0.0101866
0.0136313
0.0063273
0.0299967
0.00610167
0.0923408
-0.0212351
0.268898
-0.176414
0.753552
-0.851194
2.58161
-4.73786
4.59244
-2.41902
0.851537
-0.66876
0.217727
-0.209475
0.0734805
-0.0413224
0.0450006
0.0185828
0.0424471
0.0342397
0.0379965
0.0312515
0.0284164
0.0213817
0.0188088
0.0125566
0.0170568
0.00974121
0.0347306
0.00940399
0.0969609
-0.0171925
0.266342
-0.161792
0.724152
-0.799014
2.47059
-4.5426
4.399
-2.30643
0.801151
-0.637231
0.203121
-0.20475
0.0692238
-0.044707
0.0420167
0.0145774
0.0395611
0.0313831
0.0361109
0.0300197
0.0281446
0.0219256
0.0202994
0.0146741
0.020108
0.012771
0.0388274
0.0124247
0.100371
-0.0128799
0.261819
-0.146823
0.693258
-0.747903
2.35894
-4.34829
4.20766
-2.19442
0.752234
-0.604959
0.18843
-0.198506
0.0647314
-0.0470055
0.0392552
0.0111693
0.0370103
0.0288692
0.0344461
0.0289331
0.0279126
0.0224189
0.0216345
0.0165613
0.0228085
0.0154591
0.0423212
0.0152141
0.102675
-0.00837163
0.25571
-0.131855
0.661525
-0.698335
2.24781
-4.15608
4.01933
-2.08393
0.70514
-0.572485
0.173945
-0.191087
0.0600974
-0.0483256
0.0366828
0.00832325
0.0347573
0.0266757
0.0329819
0.0279813
0.0277161
0.0228661
0.0228247
0.0182387
0.0251808
0.0178436
0.0452479
0.0178081
0.103985
-0.00375391
0.248367
-0.117174
0.629495
-0.65067
2.13815
-3.96693
3.83473
-1.97572
0.660123
-0.540244
0.159901
-0.182799
0.0554187
-0.0487812
0.0342775
0.00600204
0.0327691
0.0247815
0.0316997
0.0271548
0.0275511
0.0232713
0.0238795
0.0197253
0.0272462
0.0199576
0.0476455
0.0202309
0.10442
0.000884033
0.240105
-0.103006
0.597604
-0.605169
2.0307
-3.78157
3.6544
-1.87037
0.617358
-0.508576
0.14648
-0.173909
0.050788
-0.0484873
0.0320267
0.00416633
0.0310173
0.0231662
0.0305825
0.0264449
0.0274143
0.0236382
0.0248082
0.0210381
0.0290254
0.0218299
0.0495539
0.0224965
0.104098
0.00545625
0.2312
-0.0895234
0.566199
-0.562007
1.92602
-3.60053
3.47871
-1.76831
0.576945
-0.47774
0.133813
-0.164644
0.0462891
-0.0475566
0.0299253
0.0027756
0.0294774
0.0218101
0.029615
0.0258432
0.0273024
0.0239703
0.0256192
0.0221928
0.0305381
0.0234851
0.0510138
0.0246111
0.103134
0.00988492
0.221887
-0.0768468
0.535545
-0.521283
1.82453
-3.42423
3.30792
-1.66981
0.538925
-0.447924
0.121989
-0.155191
0.0419936
-0.0460964
0.0279733
0.00178873
0.0281289
0.0206942
0.0287836
0.025342
0.0272126
0.0242707
0.0263205
0.0232031
0.0318036
0.0249439
0.0520667
0.0265756
0.101639
0.0141033
0.212364
-0.0650549
0.50584
-0.483029
1.72652
-3.2529
3.14216
-1.57504
0.503286
-0.419256
0.11106
-0.145703
0.0379594
-0.0442062
0.0261739
0.00116475
0.0269548
0.0198001
0.0280759
0.024934
0.0271424
0.0245421
0.0269197
0.0240817
0.0328403
0.0262234
0.0527537
0.0283872
0.0997133
0.0180573
0.202789
-0.0541899
0.477225
-0.44723
1.63215
-3.08668
2.98146
-1.48408
0.469978
-0.391819
0.101047
-0.1363
0.0342299
-0.0419764
0.0245321
0.000863668
0.025941
0.0191103
0.0274813
0.0246122
0.0270897
0.0247869
0.0274239
0.0248395
0.0336663
0.0273379
0.0531147
0.0300412
0.0974481
0.0217063
0.193288
-0.0442642
0.44979
-0.413824
1.5415
-2.92562
2.8258
-1.39693
0.438919
-0.365653
0.0919467
-0.127074
0.0308353
-0.0394868
0.023053
0.000847061
0.0250758
0.0186076
0.0269903
0.0243704
0.0270527
0.0250073
0.0278397
0.0254861
0.0342986
0.0282991
0.0531884
0.0315325
0.0949242
0.0250226
0.183958
-0.0352662
0.423588
-0.382718
1.45458
-2.76967
2.67508
-1.31352
0.409998
-0.340766
0.0837356
-0.118094
0.0277927
-0.0368071
0.0217414
0.00107862
0.02435
0.0182761
0.0265947
0.0242025
0.0270298
0.0252051
0.0281735
0.02603
0.0347535
0.0291164
0.053011
0.0328563
0.0922116
0.0279899
0.174873
-0.027166
0.398635
-0.353793
1.37133
-2.61873
2.52914
-1.23373
0.383092
-0.317145
0.0763749
-0.109409
0.0251087
-0.0339965
0.0206009
0.00152476
0.023756
0.0181005
0.0262875
0.0241029
0.0270197
0.0253817
0.0284312
0.0264786
0.0350464
0.0297977
0.0526163
0.0340092
0.0893695
0.0306029
0.166082
-0.0199197
0.374927
-0.326915
1.29164
-2.47265
2.38782
-1.15741
0.358059
-0.294756
0.0698143
-0.10105
0.0227801
-0.0311045
0.0196331
0.00215479
0.0232874
0.0180666
0.0260627
0.0240663
0.0270215
0.0255386
0.0286182
0.026838
0.0351917
0.0303493
0.0520348
0.0349892
0.0864476
0.0328651
0.15762
-0.0134731
0.352435
-0.301935
1.21537
-2.33124
2.25089
-1.08438
0.334754
-0.273551
0.0639958
-0.0930375
0.0207964
-0.0281714
0.0188382
0.00294122
0.0229392
0.0181614
0.0259152
0.0240881
0.0270343
0.0256767
0.0287395
0.0271135
0.0352027
0.0307764
0.0512943
0.0357963
0.0834862
0.0347871
0.149508
-0.00776543
0.331118
-0.278698
1.14235
-2.19428
2.11813
-1.01446
0.313023
-0.253474
0.058856
-0.0853806
0.0191411
-0.0252295
0.0182144
0.00385989
0.0227073
0.0183729
0.0258408
0.0241637
0.0270577
0.025797
0.0287999
0.0273095
0.0350915
0.0310833
0.0504188
0.036432
0.0805175
0.0363853
0.141756
-0.00273133
0.310923
-0.257045
1.07239
-2.06152
1.98929
-0.947416
0.292714
-0.234464
0.0543287
-0.0780808
0.0177935
-0.0223039
0.0177585
0.00488991
0.0225881
0.0186906
0.0258362
0.0242892
0.0270912
0.0258999
0.0288035
0.0274297
0.034869
0.0312735
0.0494295
0.0368994
0.0775663
0.0376804
0.134365
0.00169665
0.291793
-0.236819
1.00529
-1.93272
1.86411
-0.883049
0.273673
-0.216454
0.0503463
-0.0711343
0.0167298
-0.0194135
0.017466
0.00601368
0.0225788
0.0191049
0.0258987
0.0244612
0.0271348
0.025986
0.0287542
0.0274769
0.0345447
0.0313501
0.0483439
0.0372032
0.0746516
0.0386956
0.127333
0.00558668
0.273664
-0.217861
0.940839
-1.8076
1.74235
-0.821139
0.255749
-0.199382
0.0468415
-0.0645332
0.0159248
-0.0165719
0.0173314
0.00721676
0.0226772
0.0196078
0.0260262
0.0246767
0.0271883
0.0260555
0.0286551
0.0274534
0.034127
0.0313155
0.0471765
0.0373485
0.0717866
0.0394561
0.12065
0.00900619
0.256472
-0.200019
0.878833
-1.6859
1.62373
-0.761476
0.238798
-0.183183
0.0437486
-0.0582674
0.0153526
-0.0137882
0.0173488
0.00848769
0.0228816
0.0201927
0.0262175
0.0249329
0.0272519
0.0261086
0.0285092
0.0273607
0.0336226
0.0311713
0.0459389
0.0373411
0.0689804
0.0399872
0.114307
0.0120209
0.240156
-0.183143
0.81906
-1.56737
1.50803
-0.703856
0.222677
-0.167799
0.0410041
-0.0523256
0.0149877
-0.0110679
0.0175123
0.00981784
0.0231909
0.0208541
0.0264716
0.0252278
0.0273259
0.0261452
0.0283187
0.0271999
0.0330371
0.0309188
0.0446398
0.037187
0.0662383
0.0403141
0.108292
0.0146941
0.224658
-0.167092
0.761324
-1.45175
1.39499
-0.648093
0.207254
-0.153178
0.0385477
-0.0466964
0.0148058
-0.00841327
0.0178162
0.0112013
0.0236044
0.0215882
0.0267885
0.0255598
0.0274106
0.0261654
0.0280857
0.0269713
0.0323747
0.0305587
0.043285
0.0368918
0.0635625
0.0404607
0.102593
0.0170856
0.209926
-0.151731
0.705438
-1.3388
1.2844
-0.59402
0.192404
-0.139275
0.0363232
-0.041369
0.0147844
-0.00582408
0.0182556
0.0126346
0.0241227
0.022392
0.0271685
0.0259277
0.0275065
0.0261687
0.0278113
0.0266748
0.0316383
0.0300906
0.0418782
0.03646
0.0609523
0.0404489
0.0971985
0.0192511
0.195914
-0.136934
0.651238
-1.2283
1.17608
-0.541496
0.178013
-0.126057
0.0342791
-0.0363342
0.0149039
-0.00329793
0.0188269
0.0141166
0.0247467
0.0232645
0.0276126
0.026331
0.0276142
0.026155
0.0274966
0.0263095
0.0308293
0.0295136
0.0404204
0.0358953
0.0584054
0.0402982
0.0920993
0.0212415
0.182591
-0.122589
0.598587
-1.12005
1.06987
-0.490423
0.163983
-0.113505
0.03237
-0.0315846
0.0151476
-0.000830484
0.0195281
0.0156484
0.0254784
0.0242054
0.0281223
0.0267694
0.0277343
0.0261237
0.0271418
0.0258743
0.0299479
0.0288257
0.0389107
0.0351996
0.0559171
0.0400247
0.0872876
0.0231016
0.169935
-0.108596
0.547386
-1.01391
0.965671
-0.440754
0.150234
-0.101616
0.0305576
-0.0271155
0.0155028
0.00158423
0.0203589
0.0172331
0.0263212
0.0252161
0.0286997
0.0272433
0.0278677
0.0260744
0.0267469
0.025367
0.0289931
0.0280238
0.0373457
0.0343729
0.0534813
0.0396407
0.082758
0.0248691
0.157946
-0.0948753
0.497589
-0.909783
0.863481
-0.392515
0.136712
-0.0904087
0.0288119
-0.022925
0.0159612
0.00395374
0.0213217
0.018876
0.0272793
0.026299
0.0293477
0.0277537
0.0280152
0.0260064
0.0263111
0.0247851
0.0279625
0.0271035
0.0357205
0.0334128
0.0510902
0.0391539
0.0785085
0.0265731
0.14664
-0.0813741
0.449225
-0.807648
0.763401
-0.345835
0.123396
-0.0799265
0.0271135
-0.0190145
0.0165197
0.00628722
0.0224212
0.0205843
0.0283584
0.0274579
0.0300696
0.0283018
0.0281779
0.0259189
0.0258335
0.0241253
0.0268525
0.0260593
0.0340277
0.0323143
0.0487344
0.038567
0.0745399
0.0282323
0.136063
-0.0680717
0.402424
-0.707615
0.66571
-0.300983
0.110307
-0.0702431
0.0254547
-0.0153881
0.0171809
0.00859559
0.0236653
0.022367
0.029566
0.0286979
0.0308699
0.0288896
0.0283568
0.0258112
0.0253123
0.0233836
0.0256582
0.0248838
0.0322581
0.0310693
0.0464028
0.0378767
0.0708561
0.0298535
0.126287
-0.054991
0.357456
-0.609962
0.570939
-0.258423
0.0975222
-0.0614658
0.0238419
-0.0120527
0.0179539
0.0108915
0.0250651
0.0242352
0.0309106
0.0300251
0.0317532
0.0295194
0.0285531
0.0256822
0.0247454
0.0225554
0.0243736
0.0235683
0.0304009
0.0296665
0.0440824
0.0370735
0.0674636
0.031429
0.11742
-0.0422114
0.314787
-0.515219
0.479978
-0.21886
0.0851845
-0.0537332
0.0222952
-0.00901651
0.0188524
0.0131884
0.026633
0.0261999
0.0324011
0.0314454
0.032724
0.0301933
0.028768
0.0255311
0.024131
0.0216363
0.022993
0.0221044
0.0284449
0.0280935
0.0417596
0.0361431
0.0643704
0.0329376
0.109601
-0.0298769
0.275124
-0.424279
0.394153
-0.183243
0.0734518
-0.0471875
0.0208336
-0.00627944
0.0198913
0.0155044
0.0283824
0.028275
0.0340468
0.0329662
0.0337873
0.0309142
0.0290023
0.0253572
0.0234664
0.0206217
0.021509
0.0204824
0.0263763
0.0263365
0.0394161
0.0350701
0.0615759
0.0343595
0.102973
-0.0181479
0.239421
-0.338466
0.315313
-0.152954
0.0624298
-0.0419682
0.0194713
-0.00381669
0.0211086
0.0178896
0.0303584
0.0305055
0.0358848
0.0346182
0.0349651
0.0316958
0.0292608
0.0251565
0.0227385
0.0194901
0.0198916
0.0186658
0.0241501
0.0243505
0.0370011
0.0338154
0.0590542
0.0356786
0.0976755
-0.00713263
0.209062
-0.25963
0.247723
-0.131499
0.052841
-0.0385628
0.0184166
-0.00165923
0.022657
0.0204262
0.032695
0.0329866
0.0380175
0.0364721
0.0363172
0.0325699
0.0295579
0.0249167
0.0219175
0.0181833
0.0180713
0.0165529
0.0216714
0.0220003
0.0344315
0.0322241
0.0568346
0.0366821
0.0941941
0.00243973
0.187561
-0.192037
0.204002
-0.128496
0.0497585
-0.0391933
0.0189621
-0.000425804
0.0248385
0.0228338
0.0353955
0.0355227
0.040368
0.0383895
0.0377795
0.0334678
0.0298868
0.0246431
0.021071
0.0167646
0.0161865
0.0142201
0.0191374
0.019283
0.0319913
0.0299924
0.0555428
0.0360702
0.0947649
0.00547814
0.184548
-0.148312
-0.000170701
-0.0822727
-0.0213621
0.310493
0.722456
1.07528
1.37453
1.64032
1.8539
1.96864
1.93979
1.74373
1.38553
0.894339
0.317496
-0.288487
-0.863538
-1.35179
-1.70681
-1.90015
-1.92709
-1.81137
-1.59765
-1.33225
-1.0334
-0.680623
-0.2684
0.0636797
0.124626
0.0425093
-0.0153982
-0.0918627
0.0464705
0.428963
0.821539
1.13097
1.39007
1.61651
1.78892
1.86618
1.81279
1.61225
1.27174
0.817568
0.290628
-0.261019
-0.78636
-1.2379
-1.57553
-1.77358
-1.82514
-1.7468
-1.57406
-1.34782
-1.08906
-0.779726
-0.386937
-0.00419418
0.13421
0.0577358
-0.034746
-0.0863988
0.134765
0.544894
0.901749
1.16702
1.38883
1.57841
1.71344
1.75873
1.68653
1.48561
1.16422
0.745817
0.265648
-0.235456
-0.714179
-1.13019
-1.44896
-1.64759
-1.71808
-1.6717
-1.53619
-1.34664
-1.12509
-0.859941
-0.502923
-0.0925361
0.128734
0.0770802
-0.0568951
-0.0616496
0.238045
0.651925
0.964069
1.18826
1.37662
1.53339
1.63677
1.6567
1.57128
1.37282
1.06991
0.683441
0.244027
-0.213306
-0.651392
-1.03566
-1.33616
-1.53252
-1.61635
-1.59535
-1.49141
-1.33452
-1.14632
-0.922257
-0.609996
-0.195862
0.103967
0.0992235
-0.0797146
-0.0140533
0.353486
0.748888
1.01127
1.19756
1.35518
1.48226
1.55837
1.55782
1.46315
1.26916
0.984356
0.627286
0.22464
-0.193415
-0.594829
-0.949857
-1.23242
-1.42448
-1.51769
-1.51723
-1.44051
-1.3132
-1.15564
-0.969455
-0.706988
-0.311345
0.0563524
0.122037
-0.0995539
0.0587614
0.475568
0.832526
1.04405
1.19609
1.32544
1.42579
1.47852
1.46148
1.3607
1.17268
0.905635
0.575967
0.206989
-0.17527
-0.543098
-0.870858
-1.13582
-1.32205
-1.42151
-1.43761
-1.38427
-1.2836
-1.15422
-1.00224
-0.790647
-0.433462
-0.0164785
0.141872
-0.111401
0.157168
0.597259
0.899693
1.06288
1.18463
1.28824
1.36502
1.39809
1.36815
1.2639
1.08301
0.833233
0.529066
0.190918
-0.158709
-0.495778
-0.79815
-1.04598
-1.22522
-1.32827
-1.35738
-1.32371
-1.24656
-1.14282
-1.02108
-0.857833
-0.555184
-0.114898
0.153721
-0.10913
0.279028
0.711121
0.948622
1.0688
1.16409
1.24457
1.30102
1.31794
1.27826
1.17274
0.999803
0.766697
0.486221
0.176289
-0.143594
-0.452506
-0.731285
-0.96255
-1.13396
-1.23842
-1.27737
-1.2599
-1.20307
-1.12238
-1.02703
-0.906784
-0.669075
-0.236769
0.151457
-0.0858271
0.419541
0.810081
0.978998
1.0632
1.13541
1.19548
1.2348
1.23876
1.19207
1.08705
0.922639
0.70554
0.447054
0.162965
-0.129783
-0.412902
-0.669774
-0.885129
-1.04813
-1.1522
-1.19828
-1.19384
-1.15414
-1.09381
-1.02149
-0.937194
-0.768069
-0.377293
0.128167
-0.0342374
0.571342
0.888118
0.991797
1.04754
1.09953
1.14198
1.16725
1.16113
1.10974
1.00665
0.851103
0.649301
0.411218
0.150818
-0.117145
-0.37662
-0.613159
-0.813299
-0.967523
-1.06978
-1.12068
-1.12643
-1.10081
-1.05807
-1.00591
-0.950042
-0.846149
-0.529112
0.0765948
0.0526904
0.724869
0.940878
0.989029
1.02321
1.05737
1.08511
1.09921
1.0855
1.03136
0.931323
0.784808
0.597565
0.378406
0.139735
-0.105568
-0.343351
-0.561027
-0.746675
-0.891943
-0.991251
-1.04503
-1.05848
-1.04408
-1.01606
-0.981679
-0.947341
-0.898966
-0.682669
-0.0103163
0.181212
0.868979
0.966145
0.973393
0.991366
1.00988
1.02585
1.03139
1.01226
0.956977
0.860842
0.723388
0.549958
0.348342
0.129616
-0.0949501
-0.312821
-0.513005
-0.684896
-0.821166
-0.916662
-0.971706
-0.990691
-0.984938
-0.968708
-0.949954
-0.931791
-0.924308
-0.826827
-0.138828
0.356206
0.991769
0.964099
0.947873
0.952961
0.958026
0.965125
0.96439
0.941704
0.886579
0.79498
0.666502
0.506136
0.320779
0.120372
-0.0852023
-0.284782
-0.468751
-0.627623
-0.754968
-0.846007
-0.901006
-0.923682
-0.924308
-0.916986
-0.911675
-0.906374
-0.922355
-0.949685
-0.313824
0.580653
1.08152
0.937317
0.915326
0.908721
0.902816
0.903792
0.898731
0.874041
0.820124
0.733508
0.613831
0.465789
0.295494
0.111924
-0.0762447
-0.259014
-0.427957
-0.57454
-0.693122
-0.779244
-0.833146
-0.857961
-0.863029
-0.861894
-0.867566
-0.873943
-0.895682
-1.03953
-0.538292
0.855248
1.12766
0.890525
0.878117
0.859239
0.845298
0.842593
0.834833
0.809432
0.757537
0.676195
0.565075
0.428634
0.272289
0.104198
-0.0680058
-0.235318
-0.390343
-0.525351
-0.635403
-0.716302
-0.768282
-0.793944
-0.801841
-0.804472
-0.818211
-0.836858
-0.849015
-1.08579
-0.812934
1.17818
1.12171
0.830127
0.837852
0.805083
0.786531
0.782158
0.773034
0.747977
0.698718
0.622817
0.519957
0.394412
0.250982
0.0971314
-0.0604219
-0.213515
-0.355651
-0.479782
-0.581587
-0.657085
-0.706518
-0.731969
-0.741369
-0.74577
-0.764172
-0.796721
-0.788752
-1.07998
-1.13594
1.54508
1.05798
0.763555
0.795238
0.746913
0.727541
0.722996
0.713599
0.689728
0.64355
0.573151
0.478218
0.362888
0.231412
0.0906654
-0.0534359
-0.193444
-0.323649
-0.437577
-0.53146
-0.601479
-0.647907
-0.672301
-0.68212
-0.68681
-0.7061
-0.754231
-0.722319
-1.01641
-1.50295
1.94925
0.934133
0.698532
0.750088
0.685587
0.669269
0.665502
0.656736
0.6347
0.591903
0.526985
0.439617
0.333847
0.213431
0.0847481
-0.0469965
-0.174958
-0.294125
-0.398499
-0.48481
-0.549357
-0.592466
-0.615148
-0.624485
-0.628529
-0.644849
-0.709195
-0.657432
-0.892737
-1.90725
2.38196
0.75133
0.642313
0.701452
0.622231
0.612516
0.609972
0.602598
0.582871
0.543636
0.484111
0.403929
0.307095
0.196907
0.0793323
-0.0410578
-0.157928
-0.266886
-0.362326
-0.441435
-0.500584
-0.540176
-0.560661
-0.568759
-0.57172
-0.581538
-0.660658
-0.601341
-0.710111
-2.34011
2.83298
0.514177
0.601009
0.647869
0.558253
0.557886
0.556625
0.551293
0.534192
0.498604
0.444332
0.370947
0.282452
0.181719
0.0743757
-0.0355781
-0.142233
-0.241753
-0.328855
-0.401144
-0.455017
-0.490992
-0.508952
-0.515157
-0.516985
-0.517572
-0.607153
-0.56015
-0.473132
-2.79131
3.29125
0.230313
0.579063
0.587685
0.495304
0.505752
0.505627
0.502888
0.48859
0.456654
0.407459
0.340477
0.259754
0.167758
0.0698396
-0.0305201
-0.127766
-0.218567
-0.297893
-0.363749
-0.412513
-0.444845
-0.460086
-0.463845
-0.464694
-0.454594
-0.547021
-0.538298
-0.189433
-3.24976
3.74545
-0.0902227
0.578919
0.51939
0.435178
0.456244
0.457121
0.457406
0.445975
0.417638
0.373311
0.312339
0.238853
0.154924
0.0656891
-0.02585
-0.114428
-0.197178
-0.269266
-0.329076
-0.372925
-0.401649
-0.414091
-0.414964
-0.414973
-0.394395
-0.478747
-0.538223
0.130955
-3.70416
4.18473
-0.435796
0.600928
0.44193
0.37968
0.409257
0.411245
0.414832
0.406245
0.381402
0.341716
0.286368
0.219609
0.143128
0.0618927
-0.0215371
-0.102131
-0.177452
-0.242808
-0.296957
-0.336106
-0.361308
-0.370954
-0.368654
-0.367714
-0.338776
-0.401273
-0.560273
0.476404
-4.14361
4.59921
-0.79406
0.643468
0.354948
0.330466
0.364496
0.368152
0.375109
0.36929
0.347798
0.312511
0.262406
0.201898
0.132285
0.0584215
-0.0175537
-0.0907917
-0.159264
-0.218367
-0.267233
-0.301913
-0.323717
-0.33062
-0.325065
-0.32262
-0.28939
-0.31424
-0.602823
0.834572
-4.55826
4.98047
-1.15282
0.703261
0.258926
0.28889
0.321532
0.328007
0.338137
0.334998
0.316674
0.285544
0.24031
0.185605
0.122322
0.0552493
-0.0138744
-0.0803373
-0.142499
-0.195801
-0.239754
-0.270202
-0.288771
-0.292996
-0.284366
-0.27926
-0.247585
-0.218123
-0.662593
1.19327
-4.93965
5.3218
-1.50079
0.775829
0.155208
0.255873
0.27988
0.290989
0.303781
0.30326
0.287886
0.260668
0.219946
0.170622
0.113169
0.0523521
-0.0104763
-0.0706992
-0.127053
-0.174977
-0.21438
-0.240832
-0.256367
-0.257951
-0.246738
-0.237146
-0.21428
-0.114262
-0.735101
1.54121
-5.28108
5.61842
-1.82822
0.85601
0.0459088
0.231818
0.239074
0.257273
0.271872
0.273968
0.261287
0.237749
0.201189
0.156852
0.104762
0.0497081
-0.00733835
-0.0618151
-0.112829
-0.155773
-0.190977
-0.213663
-0.226405
-0.225324
-0.212357
-0.195813
-0.189875
-0.00476855
-0.815185
1.86865
-5.57776
5.86738
-2.12728
0.938496
-0.0662588
0.216578
0.198747
0.227009
0.242218
0.247023
0.236736
0.216658
0.183923
0.144205
0.0970438
0.0472973
-0.00444137
-0.0536278
-0.0997374
-0.138072
-0.169421
-0.188558
-0.198794
-0.194929
-0.18138
-0.154893
-0.17422
0.10765
-0.897532
2.16776
-5.82674
6.06751
-2.39225
1.0183
-0.178232
0.209484
0.158677
0.2003
0.214613
0.222329
0.214092
0.197277
0.168038
0.132599
0.0899612
0.0451014
-0.00176776
-0.0460847
-0.0876969
-0.121768
-0.149595
-0.165382
-0.173446
-0.16657
-0.153915
-0.114167
-0.166642
0.219936
-0.977151
2.43282
-6.02685
6.21918
-2.61951
1.09112
-0.286865
0.209419
0.118829
0.177176
0.188854
0.199796
0.193219
0.179493
0.153435
0.121956
0.083465
0.0431036
0.000698626
-0.0391373
-0.0766313
-0.10676
-0.131388
-0.144004
-0.150277
-0.140052
-0.130001
-0.0736021
-0.166024
0.328948
-1.04975
2.66022
-6.17844
6.32399
-2.80742
1.15361
-0.389189
0.214941
0.079357
0.157583
0.164747
0.179335
0.173987
0.163204
0.140018
0.112207
0.07751
0.0412885
0.00297262
-0.0327413
-0.0664704
-0.0929546
-0.114699
-0.124295
-0.129206
-0.115193
-0.109592
-0.0333569
-0.170923
0.431722
-1.11196
2.84831
-6.28313
6.38453
-2.95598
1.20347
-0.482629
0.22442
0.0405884
0.141371
0.142125
0.160856
0.156269
0.148312
0.127699
0.103286
0.0720548
0.0396419
0.00506792
-0.0268552
-0.0571494
-0.0802631
-0.0994317
-0.106133
-0.11015
-0.0918343
-0.0925493
0.00623368
-0.179713
0.525687
-1.16148
2.99712
-6.34349
6.40405
-3.06655
1.23943
-0.565167
0.236184
0.002987
0.128293
0.120854
0.144265
0.139948
0.134727
0.116397
0.0951328
0.0670611
0.0381507
0.00699716
-0.0214414
-0.0486081
-0.0686039
-0.0854943
-0.0894009
-0.0930201
-0.0698508
-0.0786376
0.0446973
-0.190724
0.608826
-1.19705
3.10798
-6.36279
6.38625
-3.14145
1.26119
-0.635422
0.248652
-0.0329005
0.118019
0.100835
0.12946
0.124913
0.122362
0.106036
0.0876916
0.0624934
0.0368028
0.00877206
-0.0164646
-0.0407905
-0.0579007
-0.072801
-0.073991
-0.0777194
-0.0491555
-0.0675395
0.0814763
-0.202382
0.679761
-1.21834
3.18324
-6.34471
6.33505
-3.18367
1.2692
-0.692673
0.26044
-0.0665023
0.110154
0.0820124
0.116331
0.111066
0.111137
0.0965452
0.0809105
0.0583192
0.0355871
0.0104035
-0.0118925
-0.0336448
-0.0480824
-0.06127
-0.0598033
-0.0641408
-0.0297001
-0.0588714
0.115986
-0.213311
0.737767
-1.22582
3.22588
-6.29317
6.25443
-3.19656
1.26449
-0.736815
0.270434
-0.0972773
0.104258
0.0643666
0.104757
0.0983173
0.100974
0.0878592
0.074741
0.0545083
0.0344932
0.0119015
-0.00769531
-0.0271225
-0.0390831
-0.0508224
-0.0467481
-0.0521657
-0.0114719
-0.0522077
0.147672
-0.222408
0.782734
-1.22053
3.23927
-6.21216
6.1483
-3.18364
1.2485
-0.768268
0.277828
-0.124764
0.0998804
0.0479086
0.0946097
0.0865889
0.0917989
0.079918
0.069138
0.0510332
0.0335114
0.0132757
-0.00384534
-0.0211784
-0.0308422
-0.0413823
-0.034746
-0.0416653
0.00551223
-0.0471078
0.176058
-0.22888
0.815076
-1.20388
3.22692
-6.10558
6.02046
-3.14838
1.22286
-0.787869
0.282124
-0.148617
0.0965795
0.0326719
0.0857508
0.0758141
0.0835389
0.0726664
0.0640592
0.0478683
0.0326328
0.0145348
-0.000317174
-0.0157702
-0.0233036
-0.0328761
-0.0237278
-0.0325017
0.0212149
-0.0431414
0.200781
-0.232245
0.835618
-1.1775
3.19231
-5.97722
5.87448
-3.09415
1.18925
-0.796745
0.283115
-0.168625
0.0939512
0.0187023
0.0780393
0.065936
0.0761243
0.0660538
0.0594652
0.0449901
0.031849
0.0156872
0.00291265
-0.010858
-0.0164163
-0.0252323
-0.0136343
-0.0245314
0.0355885
-0.0399126
0.221617
-0.232312
0.845474
-1.14311
3.13881
-5.83066
5.71372
-3.02414
1.14932
-0.796201
0.280835
-0.184718
0.091645
0.00604751
0.0713325
0.0569072
0.0694874
0.0600344
0.0553187
0.042377
0.0311521
0.0167406
0.00586572
-0.00640449
-0.0101336
-0.0183812
-0.00441499
-0.017609
0.0485853
-0.0370772
0.238483
-0.229132
0.845932
-1.10234
3.06959
-5.66926
5.54127
-2.94127
1.1046
-0.787611
0.27551
-0.19696
0.0893769
-0.00525169
0.0654913
0.0486876
0.0635623
0.0545661
0.0515847
0.0400092
0.0305348
0.0177024
0.00856193
-0.00237454
-0.00441279
-0.0122553
0.00397311
-0.0115912
0.0601663
-0.0343547
0.25143
-0.222948
0.838348
-1.05675
2.98759
-5.4961
5.35996
-2.84824
1.05648
-0.772344
0.267499
-0.205532
0.0869346
-0.0151696
0.0603833
0.041243
0.0582852
0.0496107
0.0482303
0.0378684
0.0299901
0.0185796
0.0110196
0.00126496
0.000784653
-0.00678956
0.0115674
-0.00634126
0.0703094
-0.0315341
0.26063
-0.214135
0.824072
-1.00772
2.89548
-5.31401
5.1723
-2.74747
1.00615
-0.7517
0.257245
-0.210708
0.0841776
-0.0237005
0.0558868
0.0345429
0.0535953
0.0451338
0.0452246
0.035938
0.0295117
0.0193787
0.0132555
0.00454522
0.00549392
-0.00192152
0.018401
-0.0017327
0.0790137
-0.0284733
0.266351
-0.203148
0.804383
-0.956487
2.79568
-5.12554
4.98055
-2.64113
0.954649
-0.72687
0.245223
-0.212826
0.0810306
-0.0308619
0.0518929
0.0285593
0.0494343
0.0411035
0.0425383
0.0342026
0.0290934
0.020106
0.0152851
0.00749559
0.00974708
0.00240801
0.0245048
0.00234803
0.0863024
-0.0250934
0.268927
-0.190474
0.780456
-0.904095
2.69034
-4.93293
4.78667
-2.53113
0.902853
-0.69892
0.231909
-0.212267
0.0774759
-0.0366948
0.0483081
0.0232642
0.0457479
0.0374909
0.0401443
0.0326481
0.0287296
0.0207671
0.0171226
0.0101436
0.0135735
0.00625459
0.0299091
0.00599917
0.0922227
-0.0213708
0.268741
-0.176597
0.75334
-0.851436
2.58134
-4.73814
4.59231
-2.41912
0.851481
-0.668776
0.217753
-0.209426
0.0735406
-0.0412624
0.0450546
0.0186292
0.0424852
0.0342693
0.0380168
0.0312615
0.0284149
0.0213677
0.0187812
0.0125149
0.0170003
0.00966978
0.0346442
0.00930283
0.0968445
-0.0173256
0.266189
-0.161969
0.723947
-0.799247
2.47033
-4.54288
4.3989
-2.30651
0.801116
-0.63723
0.203158
-0.204695
0.0692859
-0.0446469
0.0420705
0.014624
0.0395997
0.0314136
0.0361322
0.0300309
0.0281444
0.0219128
0.0202731
0.0146336
0.0200528
0.0127007
0.0387423
0.0123247
0.100256
-0.0130108
0.26167
-0.146995
0.69306
-0.748128
2.35869
-4.34856
4.20757
-2.19447
0.752219
-0.604943
0.188476
-0.198447
0.0647945
-0.0469456
0.0393088
0.0112159
0.0370495
0.0289005
0.0344684
0.0289453
0.0279135
0.0224072
0.0216094
0.0165219
0.0227544
0.01539
0.0422371
0.0151151
0.102561
-0.00850072
0.255564
-0.132022
0.661334
-0.698552
2.24757
-4.15635
4.01926
-2.08395
0.705141
-0.572456
0.173998
-0.191025
0.0601609
-0.0482663
0.036736
0.00836995
0.0347969
0.0267077
0.0330051
0.0279945
0.0277179
0.0228555
0.0228006
0.0182005
0.0251278
0.0177755
0.0451647
0.0177102
0.103873
-0.00388151
0.248223
-0.117337
0.62931
-0.65088
2.13792
-3.96719
3.83468
-1.97573
0.66014
-0.540204
0.159959
-0.182735
0.0554821
-0.0487225
0.0343303
0.0060488
0.0328092
0.0248142
0.0317237
0.0271689
0.0275539
0.0232616
0.0238565
0.019688
0.0271942
0.0198905
0.0475633
0.0201339
0.104308
0.000757675
0.239962
-0.103166
0.597424
-0.605373
2.03047
-3.78181
3.65437
-1.87036
0.617387
-0.508528
0.146542
-0.173845
0.050851
-0.0484292
0.0320793
0.00421316
0.0310577
0.0231994
0.0306072
0.0264598
0.0274179
0.0236294
0.024786
0.0210017
0.0289742
0.0217637
0.0494725
0.0224002
0.103987
0.00533092
0.231059
-0.0896808
0.566022
-0.562206
1.9258
-3.60077
3.4787
-1.76828
0.576985
-0.477685
0.133877
-0.164579
0.0463515
-0.0474991
0.0299777
0.00282252
0.0295182
0.0218439
0.0296403
0.0258588
0.0273067
0.0239624
0.0255978
0.0221572
0.0304877
0.0234197
0.0509333
0.0245156
0.103024
0.00976047
0.221748
-0.077002
0.535371
-0.521476
1.82432
-3.42446
3.30793
-1.66976
0.538972
-0.447864
0.122054
-0.155126
0.0420554
-0.0460394
0.0280255
0.00183579
0.0281701
0.0207284
0.0288095
0.0253582
0.0272176
0.0242635
0.0262998
0.0231683
0.031754
0.0248792
0.0519869
0.0264808
0.10153
0.0139796
0.212226
-0.0652083
0.50567
-0.483219
1.72631
-3.25312
3.14218
-1.57499
0.50334
-0.419193
0.111126
-0.145638
0.0380204
-0.0441497
0.026226
0.00121196
0.0269963
0.0198348
0.0281023
0.0249507
0.0271481
0.0245355
0.0268997
0.0240476
0.0327914
0.0261594
0.0526745
0.028293
0.0996045
0.0179343
0.202652
-0.0543419
0.477057
-0.447415
1.63195
-3.0869
2.98149
-1.48402
0.470038
-0.391753
0.101113
-0.136236
0.0342904
-0.0419202
0.0245841
0.000911056
0.0259828
0.0191453
0.0275082
0.0246295
0.0270959
0.0247809
0.0274045
0.024806
0.033618
0.0272745
0.0530362
0.0299477
0.0973399
0.0215839
0.193151
-0.0444149
0.449624
-0.414006
1.5413
-2.92583
2.82584
-1.39686
0.438982
-0.365585
0.0920132
-0.12701
0.0308953
-0.0394309
0.023105
0.00089465
0.025118
0.0186431
0.0270176
0.0243881
0.0270594
0.0250018
0.0278209
0.0254532
0.0342509
0.0282363
0.0531105
0.0314395
0.0948166
0.0249007
0.183823
-0.035416
0.423423
-0.382897
1.45439
-2.76988
2.67512
-1.31344
0.410064
-0.340698
0.0838019
-0.118031
0.0278524
-0.0367512
0.0217936
0.00112644
0.0243925
0.0183119
0.0266224
0.0242206
0.0270369
0.0252
0.0281552
0.0259976
0.0347063
0.0290542
0.0529336
0.0327639
0.0921044
0.0278685
0.174737
-0.0273149
0.398473
-0.35397
1.37114
-2.61893
2.5292
-1.23364
0.38316
-0.317076
0.0764408
-0.109346
0.0251681
-0.0339406
0.0206532
0.00157282
0.0237987
0.0181366
0.0263155
0.0241213
0.0270272
0.0253771
0.0284133
0.0264466
0.0349997
0.0297361
0.0525394
0.0339173
0.0892629
0.0304821
0.165947
-0.0200678
0.374765
-0.32709
1.29145
-2.47285
2.38788
-1.15732
0.358128
-0.294686
0.0698799
-0.100987
0.0228393
-0.0310485
0.0196857
0.00220311
0.0233304
0.018103
0.026091
0.0240851
0.0270293
0.0255343
0.0286007
0.0268064
0.0351455
0.0302881
0.0519585
0.0348978
0.0863415
0.0327447
0.157486
-0.0136206
0.352274
-0.302108
1.21518
-2.33144
2.25095
-1.08429
0.334824
-0.273481
0.0640612
-0.0929749
0.0208556
-0.0281152
0.018891
0.00298982
0.0229825
0.0181981
0.0259438
0.0241071
0.0270425
0.0256728
0.0287224
0.0270823
0.035157
0.0307156
0.0512184
0.0357053
0.0833805
0.0346672
0.149374
-0.00791225
0.330958
-0.27887
1.14216
-2.19448
2.1182
-1.01436
0.313094
-0.253404
0.0589212
-0.085318
0.0192005
-0.025173
0.0182675
0.00390878
0.0227508
0.0184099
0.0258697
0.024183
0.0270661
0.0257933
0.0287831
0.0272787
0.0350462
0.0310229
0.0503434
0.0363415
0.0804122
0.0362658
0.141623
-0.00287757
0.310765
-0.257216
1.0722
-2.06172
1.98936
-0.947324
0.292785
-0.234394
0.0543938
-0.0780181
0.0178531
-0.0222471
0.0178119
0.00493911
0.0226319
0.0187277
0.0258653
0.0243088
0.0270999
0.0258965
0.0287871
0.0273992
0.034824
0.0312136
0.0493545
0.0368094
0.0774615
0.0375613
0.134233
0.00155097
0.291635
-0.236989
1.00511
-1.93291
1.86418
-0.882957
0.273744
-0.216384
0.0504114
-0.0710714
0.0167897
-0.0193564
0.0175197
0.00606318
0.022623
0.0191423
0.025928
0.024481
0.0271437
0.0259829
0.028738
0.0274468
0.0345001
0.0312906
0.0482693
0.0371136
0.0745472
0.0385771
0.127201
0.00544154
0.273506
-0.21803
0.94066
-1.80779
1.74242
-0.821048
0.25582
-0.199312
0.0469068
-0.06447
0.015985
-0.0165143
0.0173855
0.00726658
0.0227216
0.0196455
0.0260557
0.0246966
0.0271974
0.0260526
0.0286392
0.0274236
0.0340827
0.0312563
0.0471023
0.0372593
0.0716827
0.039338
0.120519
0.00886159
0.256315
-0.200187
0.878654
-1.68609
1.62381
-0.761385
0.238869
-0.183113
0.0438141
-0.0582038
0.0154133
-0.0137302
0.0174033
0.00853784
0.0229263
0.0202305
0.0262471
0.024953
0.0272612
0.0261059
0.0284935
0.0273312
0.0335786
0.0311125
0.0458651
0.0372523
0.068877
0.0398695
0.114176
0.0118769
0.24
-0.183311
0.818882
-1.56756
1.5081
-0.703766
0.222748
-0.167729
0.0410699
-0.0522616
0.0150488
-0.0110095
0.0175672
0.00986832
0.0232358
0.0208922
0.0265015
0.0252481
0.0273354
0.0261428
0.0283033
0.0271707
0.0329934
0.0308604
0.0445663
0.0370987
0.0661353
0.0401969
0.108161
0.0145506
0.224503
-0.167259
0.761147
-1.45194
1.39506
-0.648005
0.207325
-0.153108
0.038614
-0.0466319
0.0148674
-0.00835435
0.0178715
0.0112521
0.0236496
0.0216264
0.0268185
0.0255802
0.0274202
0.0261631
0.0280705
0.0269423
0.0323314
0.0305006
0.043212
0.0368038
0.0634599
0.040344
0.102463
0.0169426
0.209771
-0.151897
0.705262
-1.33899
1.28448
-0.593933
0.192475
-0.139205
0.0363899
-0.041304
0.0148467
-0.00576465
0.0183113
0.0126858
0.0241681
0.0224305
0.0271987
0.0259483
0.0275163
0.0261666
0.0277963
0.0266461
0.0315952
0.0300328
0.0418055
0.0363725
0.0608503
0.0403327
0.0970688
0.0191086
0.19576
-0.1371
0.651063
-1.22848
1.17615
-0.541411
0.178084
-0.125987
0.0343464
-0.0362685
0.0149668
-0.00323794
0.0188831
0.0141681
0.0247923
0.0233031
0.0276429
0.0263517
0.0276241
0.0261531
0.0274818
0.0262811
0.0307865
0.0294562
0.0403482
0.0358083
0.0583038
0.0401825
0.0919701
0.0210996
0.182437
-0.122753
0.598412
-1.12024
1.06994
-0.490339
0.164055
-0.113434
0.032438
-0.0315183
0.0152112
-0.000769926
0.0195847
0.0157002
0.0255244
0.0242442
0.0281527
0.0267903
0.0277444
0.026122
0.0271272
0.0258461
0.0299055
0.0287687
0.0388388
0.035113
0.055816
0.0399095
0.0871588
0.0229602
0.169782
-0.10876
0.547212
-1.0141
0.965746
-0.440671
0.150306
-0.101545
0.0306263
-0.0270484
0.015567
0.00164537
0.020416
0.0172853
0.0263674
0.0252551
0.0287303
0.0272644
0.027878
0.0260728
0.0267325
0.025339
0.028951
0.0279671
0.0372743
0.0342868
0.0533806
0.039526
0.0826298
0.0247283
0.157793
-0.0950388
0.497416
-0.909965
0.863555
-0.392433
0.136785
-0.0903365
0.0288815
-0.0228572
0.0160262
0.00401549
0.0213792
0.0189286
0.0273257
0.0263382
0.0293784
0.0277748
0.0280256
0.026005
0.026297
0.0247574
0.0279207
0.0270472
0.0356495
0.0333271
0.05099
0.0390397
0.0783809
0.0264328
0.146488
-0.0815371
0.449052
-0.80783
0.763476
-0.345755
0.123469
-0.0798537
0.027184
-0.0189458
0.0165854
0.00634959
0.0224792
0.0206371
0.0284051
0.0274973
0.0301005
0.0283231
0.0281884
0.0259177
0.0258196
0.0240979
0.026811
0.0260034
0.0339571
0.0322291
0.0486348
0.0384533
0.0744128
0.0280926
0.135911
-0.0682341
0.402252
-0.707796
0.665785
-0.300904
0.11038
-0.0701695
0.0255261
-0.0153185
0.0172475
0.00865861
0.0237239
0.0224202
0.0296129
0.0287375
0.0309009
0.028911
0.0283675
0.0258101
0.0252986
0.0233565
0.025617
0.0248283
0.032188
0.0309846
0.0463037
0.0377636
0.0707296
0.0297143
0.126136
-0.0551529
0.357285
-0.610142
0.571013
-0.258344
0.0975969
-0.0613912
0.0239145
-0.0119821
0.0180213
0.0109552
0.0251242
0.0242888
0.0309578
0.0300648
0.0317843
0.0295409
0.0285639
0.0256813
0.0247319
0.0225285
0.0243329
0.0235133
0.0303313
0.0295824
0.0439839
0.036961
0.0673377
0.0312903
0.117269
-0.0423728
0.314615
-0.5154
0.480053
-0.218781
0.0852603
-0.0536575
0.022369
-0.0089449
0.0189207
0.0132528
0.0266925
0.0262539
0.0324485
0.0314852
0.0327553
0.0302149
0.0287789
0.0255304
0.0241177
0.0216098
0.0229526
0.0220497
0.0283758
0.0280099
0.0416617
0.0360312
0.064245
0.0327996
0.109451
-0.0300378
0.274953
-0.424459
0.394228
-0.183165
0.0735289
-0.0471104
0.0209087
-0.00620673
0.0199604
0.0155694
0.0284425
0.0283293
0.0340944
0.0330063
0.0338187
0.030936
0.0290134
0.0253566
0.0234533
0.0205954
0.021469
0.0204283
0.0263077
0.0262535
0.0393187
0.0349588
0.0614512
0.034222
0.102824
-0.0183083
0.239251
-0.338645
0.315388
-0.152875
0.0625085
-0.0418896
0.0195478
-0.0037428
0.0211787
0.0179553
0.0304189
0.0305602
0.0359327
0.0346585
0.0349966
0.0317177
0.029272
0.0251561
0.0227257
0.0194642
0.019852
0.0186122
0.0240821
0.024268
0.0369044
0.0337048
0.0589301
0.0355417
0.0975266
-0.00729264
0.208892
-0.259809
0.247798
-0.131419
0.0529218
-0.0384822
0.0184949
-0.00158397
0.0227281
0.0204927
0.0327562
0.0330417
0.0380657
0.0365125
0.0363489
0.0325919
0.0295693
0.0249165
0.021905
0.0181578
0.0180322
0.0164997
0.021604
0.0219186
0.0343355
0.0321142
0.0567112
0.0365458
0.0940458
0.00228017
0.187391
-0.192216
0.204078
-0.128413
0.049842
-0.0391104
0.0190422
-0.000349039
0.0249108
0.0229012
0.0354573
0.0355782
0.0404165
0.0384301
0.0378113
0.03349
0.0298983
0.0246432
0.0210588
0.0167394
0.0161478
0.0141675
0.0190705
0.0192019
0.031896
0.0298832
0.05542
0.0359345
0.094617
0.00531896
0.184379
-0.148491
-0.000529962
-0.0826333
-0.0217224
0.310133
0.722097
1.07492
1.37417
1.63996
1.85355
1.9683
1.93947
1.74344
1.38527
0.894116
0.317314
-0.288616
-0.863591
-1.35173
-1.70661
-1.89977
-1.92656
-1.8107
-1.5969
-1.33144
-1.03257
-0.679777
-0.26753
0.0645798
0.125487
0.0432098
-0.015758
-0.0922231
0.0461107
0.428604
0.82118
1.13061
1.38971
1.61615
1.78857
1.86585
1.81248
1.61197
1.27148
0.817347
0.290446
-0.26115
-0.786418
-1.23785
-1.57535
-1.77323
-1.82462
-1.74615
-1.57331
-1.34702
-1.08824
-0.77889
-0.386081
-0.00330547
0.135097
0.0584984
-0.0351066
-0.0867591
0.134405
0.544534
0.901389
1.16666
1.38847
1.57805
1.7131
1.75839
1.68622
1.48532
1.16397
0.745597
0.265466
-0.235589
-0.714244
-1.13016
-1.4488
-1.64727
-1.71759
-1.67108
-1.53547
-1.34586
-1.12427
-0.859113
-0.502081
-0.0916613
0.129627
0.0778926
-0.0572563
-0.0620098
0.237686
0.651565
0.963708
1.1879
1.37626
1.53304
1.63642
1.65637
1.57097
1.37254
1.06966
0.683222
0.243844
-0.213443
-0.651464
-1.03564
-1.33601
-1.53222
-1.61589
-1.59475
-1.4907
-1.33375
-1.14552
-0.921438
-0.609165
-0.195004
0.104851
0.10007
-0.080076
-0.0144136
0.353126
0.748528
1.01091
1.1972
1.35482
1.48191
1.55803
1.55749
1.46285
1.26888
0.984108
0.627067
0.224456
-0.193555
-0.594909
-0.94985
-1.2323
-1.4242
-1.51725
-1.51665
-1.43982
-1.31244
-1.15484
-0.968644
-0.706166
-0.310503
0.0572184
0.122898
-0.0999155
0.0584009
0.475208
0.832166
1.04369
1.19573
1.32508
1.42544
1.47817
1.46115
1.3604
1.17241
0.905389
0.575749
0.206804
-0.175414
-0.543185
-0.870863
-1.13571
-1.3218
-1.42109
-1.43705
-1.38359
-1.28285
-1.15343
-1.00144
-0.789832
-0.432636
-0.0156351
0.142732
-0.111763
0.156807
0.596899
0.899333
1.06252
1.18427
1.28788
1.36467
1.39775
1.36783
1.2636
1.08274
0.832988
0.528848
0.19073
-0.158858
-0.495873
-0.798168
-1.04588
-1.22499
-1.32789
-1.35684
-1.32306
-1.24583
-1.14205
-1.02028
-0.857023
-0.55437
-0.114077
0.154568
-0.109492
0.278667
0.710761
0.948261
1.06843
1.16372
1.24421
1.30067
1.3176
1.27795
1.17244
0.999535
0.766453
0.486002
0.176099
-0.143748
-0.452609
-0.731315
-0.962477
-1.13375
-1.23806
-1.27686
-1.25927
-1.20235
-1.12161
-1.02624
-0.905979
-0.668272
-0.235968
0.152285
-0.0861886
0.41918
0.809721
0.978637
1.06283
1.13504
1.19512
1.23444
1.23843
1.19176
1.08676
0.922372
0.705296
0.446834
0.162772
-0.129941
-0.413013
-0.669816
-0.885074
-1.04794
-1.15186
-1.19779
-1.19323
-1.15343
-1.09306
-1.0207
-0.936393
-0.767273
-0.376508
0.128973
-0.0345987
0.570981
0.887757
0.991436
1.04718
1.09917
1.14162
1.16691
1.16079
1.10943
1.00637
0.850839
0.649058
0.410997
0.150621
-0.117309
-0.37674
-0.613214
-0.813261
-0.967359
-1.06946
-1.12021
-1.12583
-1.10011
-1.05732
-1.00513
-0.949245
-0.845357
-0.528337
0.0773785
0.0523293
0.724508
0.940516
0.988667
1.02284
1.05701
1.08475
1.09887
1.08517
1.03105
0.931039
0.784545
0.597323
0.378183
0.139535
-0.105737
-0.343479
-0.561095
-0.746655
-0.891801
-0.990961
-1.04458
-1.0579
-1.0434
-1.01532
-0.980904
-0.946547
-0.898177
-0.6819
-0.00955322
0.180851
0.868618
0.965784
0.973031
0.991004
1.00952
1.02549
1.03104
1.01194
0.956672
0.860559
0.723126
0.549715
0.348117
0.129413
-0.0951253
-0.312958
-0.513085
-0.684892
-0.821046
-0.916397
-0.971286
-0.990133
-0.984276
-0.967977
-0.949184
-0.931001
-0.923521
-0.82606
-0.138083
0.355845
0.991407
0.963737
0.947511
0.952598
0.957666
0.96477
0.964048
0.94138
0.886277
0.7947
0.666241
0.505893
0.320552
0.120166
-0.0853834
-0.284928
-0.468843
-0.627636
-0.754869
-0.845766
-0.90061
-0.923145
-0.92366
-0.916264
-0.910911
-0.905589
-0.92157
-0.948918
-0.313094
0.580292
1.08115
0.936955
0.914964
0.908359
0.902456
0.903439
0.898392
0.873721
0.819825
0.73323
0.613571
0.465545
0.295266
0.111713
-0.0764317
-0.259168
-0.428062
-0.57457
-0.693045
-0.779028
-0.832774
-0.857444
-0.862396
-0.861182
-0.866807
-0.873162
-0.8949
-1.03876
-0.537574
0.854888
1.1273
0.890162
0.877754
0.858877
0.844939
0.842242
0.834496
0.809114
0.75724
0.675919
0.564816
0.428389
0.272058
0.103983
-0.0681989
-0.235481
-0.390459
-0.525397
-0.635346
-0.71611
-0.767935
-0.793448
-0.801223
-0.803769
-0.817458
-0.836082
-0.848236
-1.08501
-0.812226
1.17782
1.12134
0.829764
0.837489
0.804721
0.786173
0.781808
0.772699
0.747662
0.698424
0.622543
0.519699
0.394165
0.250748
0.0969125
-0.060621
-0.213686
-0.355779
-0.479845
-0.581552
-0.656917
-0.706195
-0.731495
-0.740768
-0.745078
-0.763424
-0.795949
-0.787975
-1.0792
-1.13524
1.54472
1.05762
0.763193
0.794876
0.746551
0.727184
0.722648
0.713268
0.689417
0.643259
0.572879
0.47796
0.36264
0.231175
0.0904423
-0.0536411
-0.193623
-0.323789
-0.437656
-0.531445
-0.601335
-0.64761
-0.671849
-0.681535
-0.686129
-0.705359
-0.753464
-0.721547
-1.01563
-1.50225
1.94889
0.933772
0.69817
0.749725
0.685225
0.668914
0.665157
0.656407
0.634392
0.591615
0.526714
0.439358
0.333599
0.213192
0.0845207
-0.0472078
-0.175146
-0.294277
-0.398593
-0.484815
-0.549237
-0.592194
-0.614719
-0.623919
-0.627859
-0.644115
-0.708432
-0.656665
-0.891948
-1.90656
2.3816
0.750968
0.64195
0.701089
0.62187
0.612162
0.609629
0.602272
0.582566
0.543351
0.483841
0.40367
0.306845
0.196665
0.0791006
-0.041275
-0.158124
-0.267049
-0.362436
-0.441461
-0.500489
-0.539931
-0.560256
-0.568211
-0.571063
-0.580812
-0.659898
-0.600578
-0.709318
-2.33942
2.83262
0.513815
0.600646
0.647507
0.557893
0.557533
0.556285
0.550971
0.53389
0.49832
0.444064
0.370688
0.2822
0.181474
0.0741396
-0.0358013
-0.142437
-0.241927
-0.328979
-0.401189
-0.454947
-0.490773
-0.508571
-0.514629
-0.516342
-0.516854
-0.606397
-0.559392
-0.472336
-2.79062
3.29089
0.229951
0.5787
0.587323
0.494945
0.505401
0.50529
0.502569
0.488291
0.456373
0.407191
0.340217
0.259501
0.16751
0.0695992
-0.0307491
-0.127977
-0.218751
-0.298032
-0.363814
-0.412466
-0.444652
-0.459731
-0.463338
-0.464066
-0.453885
-0.546269
-0.537545
-0.188634
-3.24906
3.74509
-0.0905847
0.578556
0.519028
0.43482
0.455895
0.456786
0.457091
0.445679
0.417359
0.373043
0.312079
0.238597
0.154673
0.0654446
-0.0260847
-0.114647
-0.197373
-0.269419
-0.32916
-0.372902
-0.401484
-0.413763
-0.41448
-0.41436
-0.393698
-0.478
-0.537476
0.131754
-3.70345
4.18437
-0.436158
0.600565
0.441568
0.379324
0.408911
0.410914
0.41452
0.405952
0.381125
0.341449
0.286107
0.219352
0.142874
0.061644
-0.0217773
-0.102357
-0.177656
-0.242974
-0.297058
-0.336107
-0.361169
-0.370653
-0.368193
-0.36712
-0.338091
-0.400531
-0.55953
0.477203
-4.1429
4.59885
-0.794422
0.643105
0.354587
0.330111
0.364153
0.367824
0.374801
0.369
0.347523
0.312245
0.262144
0.201639
0.132028
0.0581688
-0.0177992
-0.091025
-0.159477
-0.218545
-0.267351
-0.301936
-0.323605
-0.330348
-0.324629
-0.322045
-0.288718
-0.313503
-0.602085
0.835368
-4.55753
4.98011
-1.15318
0.702899
0.258567
0.288537
0.321192
0.327683
0.337833
0.334712
0.316401
0.285278
0.240048
0.185343
0.122062
0.0549926
-0.014125
-0.0805771
-0.14272
-0.195991
-0.239889
-0.270247
-0.288687
-0.292752
-0.283957
-0.278706
-0.246928
-0.217394
-0.66186
1.19406
-4.93891
5.32144
-1.50115
0.775467
0.154849
0.255522
0.279542
0.290669
0.303481
0.302977
0.287615
0.260403
0.219683
0.170358
0.112906
0.0520916
-0.0107317
-0.0709452
-0.127282
-0.175178
-0.21453
-0.240898
-0.256309
-0.257737
-0.246357
-0.236614
-0.213641
-0.113542
-0.734373
1.542
-5.28034
5.61806
-1.82859
0.855649
0.0455519
0.23147
0.238741
0.256958
0.271576
0.273688
0.261018
0.237483
0.200925
0.156586
0.104496
0.049444
-0.00759838
-0.0620669
-0.113066
-0.155984
-0.191142
-0.213749
-0.226374
-0.225139
-0.212006
-0.195307
-0.189254
-0.00405925
-0.814462
1.86943
-5.57701
5.86702
-2.12764
0.938136
-0.0666137
0.216233
0.198417
0.226698
0.241925
0.246746
0.236467
0.216393
0.183657
0.143938
0.0967756
0.0470298
-0.00470571
-0.053885
-0.0999813
-0.138292
-0.169599
-0.188663
-0.198788
-0.194774
-0.18106
-0.154413
-0.17362
0.108347
-0.896814
2.16853
-5.82598
6.06716
-2.39261
1.01794
-0.178584
0.209143
0.158352
0.199993
0.214325
0.222054
0.213825
0.197011
0.167771
0.132329
0.0896904
0.0448307
-0.00203613
-0.0463469
-0.0879471
-0.121997
-0.149784
-0.165505
-0.173464
-0.166446
-0.153626
-0.113716
-0.166064
0.220617
-0.97644
2.43358
-6.02608
6.21882
-2.61987
1.09076
-0.287215
0.209082
0.118508
0.176874
0.18857
0.199524
0.192953
0.179227
0.153166
0.121685
0.0831918
0.0428299
0.000426543
-0.0394041
-0.0768872
-0.106996
-0.131589
-0.144143
-0.150319
-0.139958
-0.129745
-0.0731809
-0.165471
0.329612
-1.04904
2.66097
-6.17767
6.32364
-2.80778
1.15326
-0.389535
0.214608
0.0790413
0.157286
0.164467
0.179065
0.173721
0.162938
0.139748
0.111934
0.0772346
0.041012
0.00269715
-0.0330121
-0.0667314
-0.0931972
-0.11491
-0.124449
-0.12927
-0.115127
-0.10937
-0.0329677
-0.170398
0.432365
-1.11126
2.84906
-6.28235
6.38417
-2.95634
1.20312
-0.482972
0.224092
0.0402781
0.141079
0.141849
0.160588
0.156004
0.148046
0.127428
0.103011
0.0717773
0.0393628
0.0047894
-0.0271298
-0.0574149
-0.0805115
-0.0996505
-0.1063
-0.110234
-0.0917962
-0.0923597
0.00658953
-0.179216
0.526308
-1.1608
2.99785
-6.34271
6.4037
-3.0669
1.23908
-0.565505
0.235861
0.00268238
0.128006
0.120581
0.143999
0.139683
0.13446
0.116125
0.0948567
0.0667817
0.0378694
0.00671594
-0.0217191
-0.0488774
-0.0688574
-0.0857204
-0.08958
-0.093123
-0.0698392
-0.0784809
0.0450186
-0.190258
0.609422
-1.19638
3.1087
-6.36201
6.3859
-3.1418
1.26084
-0.635755
0.248335
-0.0331993
0.117738
0.100566
0.129196
0.124649
0.122094
0.105763
0.0874141
0.0622123
0.0365195
0.00848848
-0.0167451
-0.0410631
-0.0581583
-0.0730333
-0.0741802
-0.0778391
-0.0491689
-0.067415
0.0817624
-0.201948
0.680328
-1.21769
3.18394
-6.34394
6.3347
-3.18402
1.26886
-0.693001
0.260129
-0.0667951
0.109877
0.0817464
0.116069
0.110802
0.110869
0.0962712
0.0806317
0.0580365
0.035302
0.0101179
-0.0121754
-0.0339201
-0.0483434
-0.0615073
-0.0600012
-0.0642752
-0.0297365
-0.0587779
0.116237
-0.212911
0.738304
-1.22519
3.22657
-6.29241
6.25408
-3.19691
1.26416
-0.737137
0.27013
-0.0975641
0.103986
0.0641036
0.104496
0.0980534
0.100705
0.0875842
0.074461
0.0542244
0.0342066
0.0116143
-0.00797997
-0.0274
-0.0393469
-0.0510637
-0.046953
-0.052313
-0.0115292
-0.0521437
0.147887
-0.222044
0.783238
-1.21991
3.23994
-6.2114
6.14796
-3.18398
1.24818
-0.768583
0.27753
-0.125045
0.099613
0.0476482
0.0943497
0.0863249
0.091529
0.0796421
0.068857
0.0507482
0.0332237
0.0129872
-0.00413139
-0.0214575
-0.0311079
-0.0416266
-0.0349565
-0.0418234
0.00543625
-0.0470712
0.176238
-0.228551
0.815546
-1.20329
3.22757
-6.10484
6.02012
-3.14871
1.22254
-0.788177
0.281833
-0.148892
0.0963162
0.0324137
0.0854916
0.0755499
0.0832683
0.0723898
0.0637774
0.0475825
0.0323442
0.0142455
-0.000604159
-0.0160503
-0.0235707
-0.0331226
-0.0239425
-0.0326686
0.0211227
-0.04313
0.200929
-0.231953
0.836052
-1.17695
3.19294
-5.97649
5.87414
-3.09448
1.18893
-0.797047
0.28283
-0.168894
0.0936917
0.018446
0.0777805
0.0656716
0.0758533
0.0657766
0.0591828
0.0447036
0.0315598
0.0153973
0.00262516
-0.0111386
-0.016684
-0.02548
-0.013852
-0.0247052
0.0354825
-0.0399238
0.221733
-0.232055
0.845871
-1.14258
3.13941
-5.82996
5.71339
-3.02446
1.14901
-0.796495
0.280557
-0.184982
0.0913888
0.00579277
0.0710741
0.0566425
0.0692159
0.0597566
0.0550358
0.0420901
0.0308626
0.0164505
0.00557816
-0.0066851
-0.0104013
-0.0186294
-0.00463453
-0.0177879
0.0484679
-0.0371082
0.23857
-0.22891
0.846292
-1.10185
3.07017
-5.66858
5.54095
-2.94159
1.1043
-0.787898
0.275239
-0.197219
0.0891236
-0.00550519
0.0652331
0.0484226
0.0632903
0.0542879
0.0513015
0.0397221
0.0302452
0.0174125
0.00827471
-0.00265468
-0.00468005
-0.0125032
0.00375281
-0.0117736
0.0600399
-0.0344027
0.25149
-0.222759
0.838671
-1.05629
2.98814
-5.49545
5.35964
-2.84855
1.05618
-0.772624
0.267234
-0.205787
0.0866838
-0.0154221
0.0601252
0.0409777
0.0580129
0.0493323
0.047947
0.0375814
0.0297009
0.0182902
0.0107331
0.000985761
0.000518418
-0.00703656
0.0113472
-0.00652573
0.0701762
-0.0315962
0.260667
-0.213977
0.824359
-1.0073
2.896
-5.31339
5.17199
-2.74777
1.00586
-0.751972
0.256986
-0.210959
0.0839288
-0.0239523
0.0556286
0.0342774
0.0533227
0.0448553
0.0449413
0.0356512
0.029223
0.0190902
0.0129701
0.0042674
0.00522921
-0.00216703
0.0181818
-0.00191788
0.0788757
-0.0285467
0.266367
-0.203019
0.804636
-0.956099
2.79617
-5.12495
4.98025
-2.64142
0.95437
-0.727135
0.244969
-0.213074
0.0807836
-0.0311132
0.0516347
0.0282936
0.0491617
0.0408251
0.0422553
0.0339163
0.0288055
0.0198185
0.0150012
0.00721955
0.00948436
0.00216454
0.0242873
0.00216327
0.0861615
-0.0251755
0.268926
-0.19037
0.780676
-0.903743
2.6908
-4.93237
4.78637
-2.53141
0.902582
-0.699178
0.23166
-0.212511
0.0772301
-0.0369458
0.0480498
0.0229984
0.0454753
0.0372127
0.0398617
0.0323625
0.0284427
0.0204811
0.0168406
0.0098697
0.0133132
0.00601364
0.0296939
0.00581581
0.0920806
-0.021459
0.268725
-0.176516
0.75353
-0.851119
2.58177
-4.73763
4.59203
-2.4194
0.851218
-0.669029
0.217508
-0.209668
0.0732959
-0.0415131
0.0447963
0.0183633
0.0422127
0.0339914
0.0377348
0.0309768
0.0281293
0.0210834
0.0185014
0.0122436
0.0167429
0.00943179
0.0344319
0.00912168
0.0967025
-0.0174178
0.266163
-0.161907
0.72411
-0.798963
2.47073
-4.5424
4.39862
-2.30678
0.800859
-0.637477
0.202917
-0.204935
0.0690419
-0.0448975
0.0418121
0.0143582
0.0393275
0.0311362
0.035851
0.0297474
0.0278603
0.0216305
0.0199957
0.0143652
0.0197984
0.0124661
0.0385332
0.0121465
0.100116
-0.013105
0.261636
-0.146949
0.693199
-0.747875
2.35905
-4.34811
4.2073
-2.19473
0.751969
-0.605185
0.188238
-0.198686
0.0645511
-0.0471961
0.0390504
0.0109503
0.0367776
0.0286237
0.0341881
0.0286631
0.0276312
0.0221272
0.0213348
0.0162567
0.0225036
0.0151591
0.0420318
0.0149403
0.102423
-0.00859546
0.255524
-0.13199
0.661452
-0.698328
2.2479
-4.15594
4.019
-2.08421
0.704897
-0.572693
0.173762
-0.191262
0.0599179
-0.0485167
0.0364778
0.00810458
0.0345256
0.0264317
0.0327259
0.0277137
0.0274376
0.0225779
0.022529
0.0179387
0.0248807
0.0175486
0.0449635
0.0175392
0.103737
-0.00397536
0.248179
-0.117314
0.629411
-0.650681
2.13822
-3.96681
3.83443
-1.97597
0.659901
-0.540438
0.159726
-0.182972
0.0552393
-0.0489728
0.0340723
0.0057838
0.0325384
0.024539
0.0314457
0.0268898
0.0272757
0.0229868
0.023588
0.0194299
0.0269512
0.0196678
0.0473663
0.0199672
0.104176
0.00066578
0.239918
-0.103151
0.59751
-0.605197
2.03075
-3.78147
3.65412
-1.8706
0.617154
-0.508759
0.14631
-0.17408
0.0506085
-0.0486794
0.0318215
0.00394864
0.0307877
0.0229253
0.0303306
0.0261825
0.027142
0.0233574
0.024521
0.0207476
0.0287355
0.0215455
0.0492801
0.022238
0.103859
0.00524181
0.231014
-0.0896704
0.566098
-0.562049
1.92605
-3.60047
3.47846
-1.76851
0.576755
-0.477913
0.133647
-0.164814
0.0461092
-0.0477491
0.0297202
0.00255858
0.029249
0.0215709
0.0293652
0.0255834
0.0270333
0.0236934
0.0253364
0.0219071
0.0302535
0.0232062
0.0507456
0.0243581
0.102901
0.00967477
0.221705
-0.0769947
0.535439
-0.521335
1.82455
-3.42418
3.3077
-1.66999
0.538747
-0.44809
0.121826
-0.155361
0.0418133
-0.0462892
0.0277685
0.00157251
0.0279019
0.0204567
0.028536
0.0250849
0.0269468
0.0239976
0.0260421
0.0229225
0.0315244
0.0246705
0.0518041
0.0263282
0.101411
0.0138977
0.212184
-0.0652025
0.505731
-0.483091
1.72652
-3.25287
3.14195
-1.57521
0.503118
-0.419417
0.110898
-0.145873
0.0377786
-0.0443992
0.0259695
0.000949433
0.0267291
0.0195644
0.0278305
0.0246796
0.0268799
0.0242729
0.0266458
0.0238061
0.0325666
0.0259557
0.0524968
0.0281454
0.0994904
0.0178566
0.202613
-0.0543362
0.477114
-0.447299
1.63214
-3.08667
2.98127
-1.48424
0.469818
-0.391976
0.100886
-0.13647
0.0340489
-0.0421693
0.0243282
0.000649365
0.0257167
0.0188764
0.0272382
0.0243606
0.0268306
0.0245216
0.0271545
0.0245689
0.033398
0.0270759
0.0528636
0.0298051
0.0972306
0.0215106
0.193116
-0.0444085
0.449678
-0.413898
1.54149
-2.92562
2.82563
-1.39707
0.438764
-0.365806
0.0917865
-0.127244
0.030654
-0.0396795
0.0228498
0.000633865
0.024853
0.0183756
0.0267495
0.0241216
0.0267969
0.024746
0.0275749
0.0252206
0.0340357
0.0280428
0.052943
0.031302
0.0947121
0.0248317
0.183791
-0.035408
0.423476
-0.382796
1.45456
-2.76969
2.67491
-1.31365
0.409849
-0.340918
0.0835757
-0.118264
0.0276115
-0.0369993
0.0215391
0.000866621
0.0241288
0.0180459
0.0263563
0.0239565
0.0267773
0.0249476
0.0279132
0.0257695
0.034496
0.0288658
0.0527713
0.0326315
0.0920049
0.0278041
0.174709
-0.0273049
0.398525
-0.353874
1.3713
-2.61876
2.52899
-1.23385
0.382945
-0.317295
0.0762151
-0.109579
0.0249276
-0.0341881
0.0203995
0.00131403
0.0235363
0.0178723
0.0260514
0.0238596
0.0267705
0.0251282
0.0281753
0.026223
0.0347943
0.0295527
0.0523822
0.0337899
0.0891682
0.0304221
0.165923
-0.0200555
0.374818
-0.326998
1.2916
-2.47269
2.38767
-1.15753
0.357916
-0.294905
0.0696547
-0.10122
0.0225994
-0.0312953
0.0194328
0.00194539
0.0230693
0.0178404
0.0258289
0.0238259
0.0267756
0.0252889
0.0283667
0.0265873
0.0349448
0.0301098
0.0518064
0.0347754
0.0862516
0.0326891
0.157465
-0.0136058
0.352327
-0.302019
1.21533
-2.33129
2.25075
-1.0845
0.334612
-0.273699
0.0638364
-0.0932071
0.0206162
-0.0283613
0.018639
0.00273321
0.0227228
0.0179371
0.0256837
0.0238504
0.0267917
0.0254309
0.0284924
0.0268675
0.034961
0.0305422
0.0510713
0.0355879
0.0832953
0.0346158
0.149358
-0.00789486
0.331012
-0.278782
1.1423
-2.19433
2.118
-1.01457
0.312883
-0.253621
0.0586969
-0.0855497
0.0189616
-0.0254185
0.0180164
0.0036533
0.0224925
0.0181506
0.0256117
0.0239287
0.0268183
0.0255548
0.028557
0.0270682
0.0348548
0.0308544
0.0502012
0.0362288
0.0803316
0.0362186
0.141609
-0.0028576
0.31082
-0.25713
1.07234
-2.06158
1.98916
-0.947528
0.292575
-0.23461
0.05417
-0.0782493
0.0176148
-0.0224918
0.0175618
0.00468479
0.022375
0.0184702
0.0256094
0.024057
0.026855
0.0256613
0.0285647
0.0271929
0.0346372
0.0310498
0.049217
0.0367014
0.0773853
0.0375181
0.134223
0.00157348
0.291691
-0.236903
1.00524
-1.93278
1.86399
-0.88316
0.273534
-0.2166
0.050188
-0.0713021
0.016552
-0.0196003
0.0172705
0.00581003
0.0223675
0.0188865
0.0256741
0.0242316
0.0269016
0.0257509
0.0285193
0.0272445
0.0343176
0.0311313
0.0481364
0.03701
0.0744752
0.0385377
0.127194
0.0054665
0.273564
-0.217945
0.940791
-1.80766
1.74222
-0.821249
0.255612
-0.199527
0.0466839
-0.0647001
0.015748
-0.0167575
0.0171373
0.00701459
0.0224676
0.0193913
0.0258038
0.0244496
0.026958
0.0258238
0.028424
0.0272252
0.0339043
0.0311013
0.0469738
0.03716
0.0716148
0.0393022
0.120515
0.00888888
0.256374
-0.200102
0.878783
-1.68597
1.62361
-0.761586
0.238661
-0.183328
0.0435917
-0.0584334
0.0151769
-0.0139726
0.017156
0.00828701
0.0226736
0.0199781
0.0259972
0.0247083
0.0270245
0.0258801
0.0282817
0.0271365
0.0334042
0.0309616
0.0457408
0.0371572
0.0688129
0.0398372
0.114176
0.0119063
0.24006
-0.183225
0.819009
-1.56744
1.50791
-0.703967
0.222541
-0.167944
0.040848
-0.0524907
0.0148131
-0.0112511
0.0173208
0.00961863
0.0229845
0.0206414
0.0262535
0.0250056
0.0271012
0.0259199
0.0280948
0.0269795
0.0328228
0.0307134
0.044446
0.0370073
0.0660749
0.0401678
0.108164
0.0145821
0.224564
-0.167174
0.761271
-1.45181
1.39487
-0.648204
0.207118
-0.153322
0.0383925
-0.0468605
0.0146323
-0.0085952
0.017626
0.0110036
0.0233997
0.0213772
0.0265724
0.0253399
0.0271886
0.025943
0.027865
0.0267546
0.0321643
0.0303573
0.0430953
0.0367161
0.0634028
0.0403179
0.102467
0.016976
0.209833
-0.151811
0.705384
-1.33886
1.28428
-0.594131
0.192269
-0.139418
0.0361689
-0.041532
0.0146122
-0.00600475
0.0180668
0.0124383
0.0239195
0.0221828
0.0269544
0.0257101
0.027287
0.0259492
0.0275938
0.0264614
0.0314315
0.029893
0.0416923
0.0362881
0.0607963
0.0403094
0.097076
0.0191439
0.195823
-0.137014
0.651183
-1.22836
1.17596
-0.541609
0.177879
-0.1262
0.0341259
-0.0364961
0.0147329
-0.00347733
0.0186394
0.0139217
0.024545
0.0230569
0.0274004
0.0261155
0.0273971
0.0259381
0.0272819
0.0260993
0.0306259
0.0293195
0.0402381
0.035727
0.0582527
0.0401618
0.0919795
0.0211365
0.182501
-0.122667
0.59853
-1.12012
1.06975
-0.490537
0.163849
-0.113647
0.0322179
-0.0317454
0.0149778
-0.00100864
0.0193419
0.0154548
0.0252782
0.0239995
0.0279118
0.0265559
0.0275194
0.0259093
0.0269299
0.025667
0.0297476
0.0286349
0.0387317
0.0350345
0.0557675
0.0398911
0.0871702
0.0229986
0.169847
-0.108673
0.547328
-1.01398
0.965555
-0.440868
0.150102
-0.101757
0.0304065
-0.0272751
0.0153342
0.0014073
0.020174
0.0170409
0.0261223
0.0250117
0.0284909
0.0270317
0.0276549
0.0258623
0.0265374
0.0251624
0.0287957
0.027836
0.0371698
0.0342108
0.0533345
0.0395097
0.0826429
0.0247681
0.157859
-0.0949521
0.49753
-0.909844
0.863366
-0.39263
0.13658
-0.0905487
0.0286621
-0.0230834
0.0157938
0.00377802
0.0211379
0.018685
0.0270817
0.026096
0.0291405
0.0275438
0.0278044
0.0257964
0.026104
0.024583
0.0277677
0.0269184
0.0355473
0.0332534
0.050946
0.0390253
0.0783955
0.0264739
0.146555
-0.0814501
0.449165
-0.807709
0.763287
-0.345951
0.123265
-0.0800656
0.0269648
-0.0191717
0.0163535
0.00611265
0.0222386
0.0203944
0.0281621
0.0272563
0.0298639
0.0280936
0.0279688
0.0257109
0.0256285
0.0239254
0.0266601
0.0258766
0.033857
0.0321574
0.0485926
0.0384406
0.0744289
0.0281349
0.135978
-0.0681467
0.402363
-0.707676
0.665596
-0.3011
0.110176
-0.0703812
0.0253072
-0.0155441
0.0170159
0.00842215
0.0234838
0.0221783
0.0293708
0.0284975
0.0306655
0.0286828
0.0281493
0.0256048
0.0251091
0.0231857
0.0254678
0.0247033
0.0320896
0.0309145
0.0462631
0.0377523
0.0707469
0.0297577
0.126204
-0.0550649
0.357395
-0.610023
0.570825
-0.25854
0.0973929
-0.0616027
0.0236957
-0.0122075
0.01779
0.0107191
0.0248847
0.0240475
0.0307166
0.0298258
0.03155
0.0293139
0.0283471
0.0254774
0.0245439
0.0223592
0.0241851
0.0233897
0.0302343
0.0295137
0.0439446
0.0369509
0.0673561
0.0313348
0.117338
-0.0422843
0.314725
-0.51528
0.479865
-0.218977
0.0850565
-0.0538689
0.0221504
-0.00917012
0.0186896
0.0130171
0.0264535
0.0260132
0.032208
0.0312471
0.032522
0.029989
0.0285632
0.0253277
0.0239309
0.0214416
0.022806
0.0219273
0.0282799
0.0279423
0.0416234
0.0360221
0.0642644
0.032845
0.109521
-0.0299485
0.275062
-0.42434
0.39404
-0.183361
0.0733251
-0.0473217
0.0206902
-0.00643186
0.0197296
0.015334
0.0282038
0.0280891
0.0338546
0.0327689
0.0335863
0.030711
0.0287987
0.0251549
0.0232674
0.0204282
0.0213232
0.0203066
0.0262125
0.0261866
0.0392812
0.0349505
0.0614714
0.0342684
0.102894
-0.0182181
0.239359
-0.338526
0.3152
-0.153071
0.0623047
-0.042101
0.0193293
-0.00396789
0.020948
0.0177201
0.0301806
0.0303204
0.0356933
0.0344217
0.0347649
0.0314935
0.0290581
0.0249552
0.0225404
0.0192975
0.0197067
0.0184909
0.0239873
0.0242016
0.0368673
0.0336971
0.058951
0.035589
0.097598
-0.00720131
0.209
-0.259691
0.24761
-0.131615
0.052718
-0.0386937
0.0182762
-0.00180914
0.0224974
0.0202576
0.032518
0.0328022
0.0378267
0.0362763
0.0361178
0.0323683
0.0293559
0.0247161
0.0217202
0.0179915
0.0178871
0.0163786
0.0215093
0.0218522
0.0342986
0.0321069
0.0567327
0.0365941
0.0941185
0.00237308
0.1875
-0.192098
0.20389
-0.128609
0.049638
-0.0393221
0.0188234
-0.000574349
0.02468
0.0226661
0.0352192
0.0353388
0.0401778
0.0381943
0.0375806
0.0332668
0.0296853
0.0244431
0.0208743
0.0165732
0.0160027
0.0140463
0.0189758
0.0191355
0.0318592
0.0298761
0.0554422
0.0359839
0.0946914
0.00541398
0.18449
-0.148372
)
;

boundaryField
{
    movingWall
    {
        type            zeroGradient;
    }
    Inlet
    {
        type            cyclic;
    }
    Outlet
    {
        type            cyclic;
    }
    Bottom
    {
        type            zeroGradient;
    }
    frontAndBack
    {
        type            empty;
    }
}


// ************************************************************************* //
