/*--------------------------------*- C++ -*----------------------------------*\
| =========                 |                                                 |
| \\      /  F ield         | OpenFOAM: The Open Source CFD Toolbox           |
|  \\    /   O peration     | Version:  2.4.0                                 |
|   \\  /    A nd           | Web:      www.OpenFOAM.org                      |
|    \\/     M anipulation  |                                                 |
\*---------------------------------------------------------------------------*/
FoamFile
{
    version     2.0;
    format      ascii;
    class       volVectorField;
    location    "0.03";
    object      wallShearStress;
}
// * * * * * * * * * * * * * * * * * * * * * * * * * * * * * * * * * * * * * //

dimensions      [0 2 -2 0 0 0 0];

internalField   uniform (0 0 0);

boundaryField
{
    movingWall
    {
        type            calculated;
        value           nonuniform List<vector> 
90
(
(3.08101 -0.0138189 0)
(2.98859 0.0180255 -6.87934e-22)
(3.06591 -0.00335496 2.56477e-21)
(3.0337 0.00419164 1.52446e-21)
(3.05341 -0.00120451 -4.89844e-22)
(3.04136 0.000543647 -3.6362e-23)
(3.0425 -0.00131923 -6.18441e-22)
(3.03333 -0.000837281 8.32435e-22)
(3.02737 -0.00150044 1.44658e-22)
(3.01837 -0.00117593 5.98597e-22)
(3.011 -0.00130198 -2.89731e-22)
(3.00336 -0.000971606 -3.30433e-22)
(2.99757 -0.000821183 -4.4309e-22)
(2.99318 -0.000457435 -5.74873e-23)
(2.99106 -0.000189257 3.2735e-23)
(2.99106 0.000179402 4.47721e-23)
(2.99318 0.000418665 1.07381e-22)
(2.99701 0.000784838 -1.89765e-22)
(3.00281 0.000966559 0)
(3.01046 0.00130156 0)
(3.01785 0.00117646 -2.54726e-22)
(3.02687 0.00147989 0)
(3.03236 0.000842747 4.67577e-22)
(3.04204 0.00139859 -8.72546e-22)
(3.04136 -0.000537805 -8.68406e-22)
(3.05298 0.00123814 0)
(3.0337 -0.00414458 0)
(3.06631 0.00340667 1.28982e-21)
(2.98859 -0.018105 -1.35466e-21)
(3.08101 0.0138267 -1.48471e-22)
(3.08102 -0.0138195 7.95322e-21)
(2.98859 0.0180243 9.47385e-22)
(3.06591 -0.0033546 -2.56611e-21)
(3.0337 0.00419219 0)
(3.05341 -0.00120501 0)
(3.04136 0.000543266 -3.02252e-23)
(3.0425 -0.0013195 0)
(3.03333 -0.000837488 3.81289e-22)
(3.02737 -0.00150058 0)
(3.01837 -0.00117512 -5.99403e-22)
(3.011 -0.00130207 2.90197e-22)
(3.00336 -0.000971675 3.12918e-22)
(2.99757 -0.00082124 -1.4109e-22)
(2.99318 -0.000457199 5.10906e-24)
(2.99106 -0.000189309 0)
(2.99106 0.000179344 4.47602e-23)
(2.99318 0.000418599 1.07272e-22)
(2.99701 0.000784761 -7.32434e-23)
(3.00281 0.000966471 0)
(3.01046 0.00130146 0)
(3.01785 0.00117635 2.53684e-22)
(3.02687 0.00147978 0)
(3.03236 0.000842638 4.62246e-22)
(3.04204 0.00139848 0)
(3.04136 -0.000537901 -8.66538e-22)
(3.05298 0.00123807 0)
(3.0337 -0.00414464 -7.27121e-22)
(3.06631 0.00340667 4.83331e-22)
(2.98859 -0.018105 1.49041e-22)
(3.08101 0.0138267 -1.47205e-22)
(3.08102 -0.0138194 -8.46281e-21)
(2.98859 0.0180244 2.59282e-22)
(3.06591 -0.00335454 -1.76753e-21)
(3.0337 0.00419225 -9.71123e-23)
(3.05341 -0.00120495 0)
(3.04136 0.000543325 1.4891e-22)
(3.0425 -0.00131944 -1.83774e-22)
(3.03333 -0.000837441 -3.77667e-22)
(3.02737 -0.00150055 0)
(3.01837 -0.0011751 -5.93127e-22)
(3.011 -0.00130206 0)
(3.00336 -0.000971673 3.1766e-22)
(2.99757 -0.000821243 0)
(2.99318 -0.000457203 -1.35346e-22)
(2.99106 -0.000189307 0)
(2.99106 0.000179357 -2.36525e-23)
(2.99318 0.000418628 5.25652e-24)
(2.99701 0.000784809 7.25546e-23)
(3.00281 0.000966537 0)
(3.01046 0.00127168 0)
(3.01733 0.00117615 0)
(3.02687 0.00150912 0)
(3.03236 0.000842645 -4.65665e-22)
(3.04204 0.00139841 -1.90349e-22)
(3.04136 -0.00053811 -2.181e-22)
(3.05298 0.00123895 0)
(3.0337 -0.00417546 0)
(3.06592 0.00340538 0)
(2.98859 -0.0180768 0)
(3.08101 0.0138272 0)
)
;
    }
    Inlet
    {
        type            cyclic;
    }
    Outlet
    {
        type            cyclic;
    }
    Bottom
    {
        type            calculated;
        value           nonuniform List<vector> 
90
(
(-0.00380902 -0.00446002 3.80566e-37)
(-0.0056884 -0.00843431 -5.85317e-20)
(0.0288553 0.0495549 2.5915e-20)
(0.0858124 0.134974 4.49019e-21)
(0.105928 0.143737 -5.03749e-19)
(0.0443086 0.040557 1.47079e-18)
(-0.125395 -0.151344 1.59233e-20)
(-0.429508 -0.398176 -1.52911e-20)
(-0.88489 -0.659312 -2.72798e-18)
(-1.4799 -0.883125 4.1853e-20)
(-2.16634 -1.0151 -1.34884e-18)
(-2.86711 -1.0138 -1.31667e-18)
(-3.49339 -0.863754 -1.0435e-18)
(-3.96271 -0.580017 1.05324e-35)
(-4.21293 -0.204327 2.34796e-21)
(-4.21117 0.203845 5.31911e-37)
(-3.95788 0.578991 -2.22137e-21)
(-3.48665 0.861891 8.64825e-20)
(-2.85994 1.0112 1.27417e-18)
(-2.16011 1.01224 -9.38839e-20)
(-1.47545 0.880588 1.86804e-20)
(-0.882358 0.657541 -5.1563e-18)
(-0.428457 0.397272 -1.18901e-19)
(-0.125148 0.151062 1.88428e-18)
(0.0443126 -0.0405855 7.10293e-19)
(0.10594 -0.143748 4.79071e-19)
(0.0858446 -0.135 -4.13774e-36)
(0.028861 -0.049562 4.0271e-21)
(-0.005697 0.00843931 -4.43406e-20)
(-0.00380877 0.00446536 1.25726e-20)
(-0.00380781 -0.00446015 -1.47671e-37)
(-0.00569647 -0.00843433 -3.0341e-20)
(0.0288485 0.0495541 4.02281e-21)
(0.0858158 0.134975 -4.89006e-36)
(0.105935 0.143746 4.89953e-19)
(0.044321 0.0405731 7.55735e-19)
(-0.125377 -0.151324 1.94102e-18)
(-0.429487 -0.398156 -2.35789e-18)
(-0.884869 -0.659296 -2.52263e-18)
(-1.47989 -0.883119 -1.49591e-18)
(-2.16633 -1.01509 -9.69147e-20)
(-2.8671 -1.01379 8.81045e-21)
(-3.49339 -0.863754 7.86594e-20)
(-3.96271 -0.580017 2.30461e-21)
(-4.21293 -0.204326 -1.46937e-39)
(-4.21118 0.203846 1.40504e-36)
(-3.95788 0.57899 -1.64569e-36)
(-3.48665 0.861891 8.26469e-20)
(-2.85994 1.0112 -1.27431e-18)
(-2.16011 1.01224 1.28429e-18)
(-1.47545 0.880588 4.09786e-20)
(-0.882358 0.657541 -2.10656e-20)
(-0.428457 0.397272 -2.31563e-18)
(-0.125148 0.151062 1.54788e-20)
(0.0443125 -0.0405855 6.9582e-19)
(0.10594 -0.143748 1.52466e-20)
(0.0858446 -0.135 -1.91804e-19)
(0.028861 -0.049562 3.11654e-22)
(-0.00569712 0.00843931 -1.46937e-39)
(-0.00380905 0.00446534 8.31881e-21)
(-0.00380811 -0.00446013 -8.09989e-38)
(-0.0056966 -0.0084343 1.57957e-38)
(0.0288485 0.0495541 -7.41729e-22)
(0.0858158 0.134975 -2.17695e-19)
(0.105935 0.143746 6.54729e-21)
(0.044321 0.0405731 7.32246e-19)
(-0.125377 -0.151324 1.84689e-18)
(-0.429487 -0.398156 -1.03908e-19)
(-0.884869 -0.659296 2.15053e-20)
(-1.47989 -0.883119 -4.18394e-20)
(-2.16633 -1.01509 3.03482e-20)
(-2.8671 -1.01379 -1.31632e-18)
(-3.49338 -0.863754 8.64988e-20)
(-3.9627 -0.580017 3.0791e-19)
(-4.21293 -0.204326 -2.98458e-20)
(-4.21117 0.203845 -2.75128e-20)
(-3.95788 0.57899 2.22182e-21)
(-3.48664 0.861892 7.88144e-20)
(-2.85995 1.01121 -3.00927e-36)
(-2.16012 1.01225 1.29495e-18)
(-1.47547 0.880595 1.36922e-18)
(-0.882371 0.657559 -2.10593e-20)
(-0.428475 0.397293 -2.29978e-18)
(-0.125164 0.151083 3.67783e-18)
(0.0443016 -0.0405691 1.20324e-20)
(0.105936 -0.143739 1.52506e-20)
(0.0858456 -0.134997 -5.62028e-22)
(0.0288608 -0.049564 3.02532e-22)
(-0.00570734 0.00843753 4.45055e-20)
(-0.00381077 0.0044657 8.44658e-21)
)
;
    }
    frontAndBack
    {
        type            empty;
    }
}


// ************************************************************************* //
