/*--------------------------------*- C++ -*----------------------------------*\
| =========                 |                                                 |
| \\      /  F ield         | OpenFOAM: The Open Source CFD Toolbox           |
|  \\    /   O peration     | Version:  5.x                                   |
|   \\  /    A nd           | Web:      www.OpenFOAM.org                      |
|    \\/     M anipulation  |                                                 |
\*---------------------------------------------------------------------------*/
FoamFile
{
    version     2.0;
    format      ascii;
    class       volVectorField;
    location    "0.5";
    object      U;
}
// * * * * * * * * * * * * * * * * * * * * * * * * * * * * * * * * * * * * * //

dimensions      [0 1 -1 0 0 0 0];

internalField   nonuniform List<vector> 
500
(
(0.0415 -2.85491e-17 0)
(0.0415 -1.95301e-17 0)
(0.0415 -8.23287e-18 0)
(0.0415 -1.39314e-18 0)
(0.0415 1.86517e-18 0)
(0.0415 8.55537e-19 0)
(0.0415 -6.35679e-18 0)
(0.0415 -8.60208e-18 0)
(0.0415 5.40283e-18 0)
(0.0415 5.38372e-18 0)
(0.0415 -7.85431e-18 0)
(0.0415 1.79909e-18 0)
(0.0415 -2.0958e-18 0)
(0.0415 -1.1727e-17 0)
(0.0415 1.7038e-18 0)
(0.0415 1.77222e-17 0)
(0.0415 -3.81028e-18 0)
(0.0415 2.11779e-18 0)
(0.0415 1.40691e-17 0)
(0.0415 -9.38063e-18 0)
(0.0415 -7.97758e-18 0)
(0.0415 -7.25533e-18 0)
(0.0415 -2.04683e-18 0)
(0.0415 1.35713e-17 0)
(0.0415 -1.12716e-18 0)
(0.0415 -5.21615e-18 0)
(0.0415 5.41433e-18 0)
(0.0415 6.86722e-20 0)
(0.0415 -1.40803e-17 0)
(0.0415 1.3822e-17 0)
(0.0415 3.17209e-18 0)
(0.0415 6.07264e-18 0)
(0.0415 1.98763e-17 0)
(0.0415 -2.2942e-17 0)
(0.0415 -1.77635e-17 0)
(0.0415 3.58237e-17 0)
(0.0415 3.73603e-18 0)
(0.0415 -3.73014e-19 0)
(0.0415 -1.4873e-17 0)
(0.0415 -1.54184e-17 0)
(0.0415 2.51943e-17 0)
(0.0415 1.11244e-17 0)
(0.0415 3.2825e-18 0)
(0.0415 1.84654e-17 0)
(0.0415 -2.01645e-17 0)
(0.0415 -1.19472e-17 0)
(0.0415 2.29084e-17 0)
(0.0415 2.28015e-17 0)
(0.0415 1.54928e-17 0)
(0.0415 -1.87645e-17 0)
(0.1245 -8.81381e-17 0)
(0.1245 -7.75551e-17 0)
(0.1245 -6.37471e-17 0)
(0.1245 -4.41666e-17 0)
(0.1245 -3.86633e-17 0)
(0.1245 -3.29059e-17 0)
(0.1245 -2.9171e-17 0)
(0.1245 -2.60278e-17 0)
(0.1245 -8.05965e-18 0)
(0.1245 -2.23074e-18 0)
(0.1245 -3.33327e-17 0)
(0.1245 -9.86526e-18 0)
(0.1245 -5.18968e-18 0)
(0.1245 -1.63684e-17 0)
(0.1245 1.85697e-17 0)
(0.1245 2.93953e-17 0)
(0.1245 -1.09573e-19 0)
(0.1245 1.87304e-17 0)
(0.1245 2.77429e-17 0)
(0.1245 -5.81008e-18 0)
(0.1245 3.1347e-18 0)
(0.1245 -5.85245e-18 0)
(0.1245 -8.57768e-18 0)
(0.1245 4.9425e-17 0)
(0.1245 -3.10881e-18 0)
(0.1245 -1.5852e-17 0)
(0.1245 7.34676e-18 0)
(0.1245 -1.80698e-17 0)
(0.1245 -1.52427e-17 0)
(0.1245 3.50522e-17 0)
(0.1245 2.81879e-17 0)
(0.1245 9.32916e-18 0)
(0.1245 2.63689e-17 0)
(0.1245 -1.10994e-17 0)
(0.1245 -1.27109e-17 0)
(0.1245 6.19085e-17 0)
(0.1245 2.13216e-17 0)
(0.1245 1.20121e-17 0)
(0.1245 2.41816e-17 0)
(0.1245 3.92824e-18 0)
(0.1245 1.1361e-17 0)
(0.1245 6.04767e-17 0)
(0.1245 4.49491e-17 0)
(0.1245 -7.82822e-18 0)
(0.1245 -6.44689e-17 0)
(0.1245 -9.41243e-18 0)
(0.1245 1.69339e-17 0)
(0.1245 4.204e-17 0)
(0.1245 1.03188e-16 0)
(0.1245 3.25884e-17 0)
(0.2075 -1.2194e-16 0)
(0.2075 -1.11013e-16 0)
(0.2075 -1.10132e-16 0)
(0.2075 -1.02004e-16 0)
(0.2075 -8.18071e-17 0)
(0.2075 -6.59985e-17 0)
(0.2075 -5.81171e-17 0)
(0.2075 -5.51224e-17 0)
(0.2075 -3.4951e-17 0)
(0.2075 -2.36622e-17 0)
(0.2075 -5.06431e-17 0)
(0.2075 -2.73152e-17 0)
(0.2075 -5.27296e-18 0)
(0.2075 -4.16337e-17 0)
(0.2075 2.73931e-17 0)
(0.2075 5.87554e-17 0)
(0.2075 2.17113e-18 0)
(0.2075 1.54376e-17 0)
(0.2075 7.73063e-17 0)
(0.2075 3.88229e-17 0)
(0.2075 2.76545e-17 0)
(0.2075 -3.02352e-19 0)
(0.2075 -2.13055e-17 0)
(0.2075 5.95533e-17 0)
(0.2075 -2.95412e-18 0)
(0.2075 -3.14423e-17 0)
(0.2075 1.56334e-17 0)
(0.2075 -1.92463e-17 0)
(0.2075 -2.07684e-17 0)
(0.2075 4.81711e-17 0)
(0.2075 3.35118e-17 0)
(0.2075 2.77208e-17 0)
(0.2075 9.1952e-17 0)
(0.2075 -1.84515e-17 0)
(0.2075 -1.70675e-17 0)
(0.2075 8.80794e-17 0)
(0.2075 3.41545e-17 0)
(0.2075 5.22005e-17 0)
(0.2075 2.99616e-17 0)
(0.2075 1.00919e-17 0)
(0.2075 9.10823e-17 0)
(0.2075 7.77097e-17 0)
(0.2075 3.52851e-17 0)
(0.2075 -4.9902e-17 0)
(0.2075 -6.04033e-17 0)
(0.2075 8.71348e-18 0)
(0.2075 -3.28787e-17 0)
(0.2075 5.7297e-17 0)
(0.2075 1.24048e-16 0)
(0.2075 3.33657e-17 0)
(0.2905 -1.23292e-16 0)
(0.2905 -1.46865e-16 0)
(0.2905 -1.54284e-16 0)
(0.2905 -1.45637e-16 0)
(0.2905 -1.26881e-16 0)
(0.2905 -7.54841e-17 0)
(0.2905 -9.82038e-17 0)
(0.2905 -9.25608e-17 0)
(0.2905 -6.79859e-17 0)
(0.2905 -4.03384e-17 0)
(0.2905 -4.14577e-17 0)
(0.2905 -2.02511e-17 0)
(0.2905 -2.05688e-17 0)
(0.2905 -4.54232e-17 0)
(0.2905 4.83953e-18 0)
(0.2905 5.47632e-17 0)
(0.2905 1.69887e-17 0)
(0.2905 3.88751e-17 0)
(0.2905 9.11007e-17 0)
(0.2905 5.18153e-17 0)
(0.2905 4.29393e-17 0)
(0.2905 2.34151e-17 0)
(0.2905 -3.14721e-17 0)
(0.2905 4.2814e-17 0)
(0.2905 3.97236e-17 0)
(0.2905 -1.86056e-19 0)
(0.2905 9.1479e-18 0)
(0.2905 -4.44987e-17 0)
(0.2905 -2.92008e-17 0)
(0.2905 3.20922e-17 0)
(0.2905 2.91972e-17 0)
(0.2905 6.66724e-17 0)
(0.2905 6.95562e-17 0)
(0.2905 -7.44136e-18 0)
(0.2905 6.60776e-19 0)
(0.2905 1.19339e-16 0)
(0.2905 7.08126e-17 0)
(0.2905 3.11923e-17 0)
(0.2905 6.76454e-17 0)
(0.2905 7.17265e-17 0)
(0.2905 9.60879e-17 0)
(0.2905 8.51665e-17 0)
(0.2905 7.22733e-17 0)
(0.2905 -2.91852e-17 0)
(0.2905 -6.59378e-17 0)
(0.2905 -9.56271e-17 0)
(0.2905 -4.70157e-17 0)
(0.2905 9.74535e-17 0)
(0.2905 4.79654e-17 0)
(0.2905 -3.88808e-17 0)
(0.3735 -1.23903e-16 0)
(0.3735 -1.5179e-16 0)
(0.3735 -1.73719e-16 0)
(0.3735 -1.59981e-16 0)
(0.3735 -1.34828e-16 0)
(0.3735 -1.02929e-16 0)
(0.3735 -1.2639e-16 0)
(0.3735 -1.35274e-16 0)
(0.3735 -9.39931e-17 0)
(0.3735 -3.19782e-17 0)
(0.3735 -3.57803e-17 0)
(0.3735 -7.11718e-18 0)
(0.3735 -2.85687e-17 0)
(0.3735 -1.85492e-17 0)
(0.3735 7.65933e-18 0)
(0.3735 4.15583e-17 0)
(0.3735 1.6372e-17 0)
(0.3735 3.87846e-17 0)
(0.3735 5.6961e-17 0)
(0.3735 3.95655e-17 0)
(0.3735 2.81226e-17 0)
(0.3735 1.77609e-17 0)
(0.3735 -3.29117e-17 0)
(0.3735 3.7321e-17 0)
(0.3735 7.01922e-17 0)
(0.3735 2.78785e-17 0)
(0.3735 1.35279e-17 0)
(0.3735 -2.80915e-17 0)
(0.3735 -1.85816e-17 0)
(0.3735 9.62171e-18 0)
(0.3735 5.64561e-17 0)
(0.3735 7.08663e-17 0)
(0.3735 4.04167e-17 0)
(0.3735 -1.11666e-17 0)
(0.3735 2.40558e-17 0)
(0.3735 1.04327e-16 0)
(0.3735 1.01811e-16 0)
(0.3735 8.13166e-17 0)
(0.3735 1.04551e-16 0)
(0.3735 1.14088e-16 0)
(0.3735 7.96928e-17 0)
(0.3735 8.86877e-17 0)
(0.3735 7.56779e-17 0)
(0.3735 2.71242e-17 0)
(0.3735 -5.69122e-17 0)
(0.3735 -1.52361e-16 0)
(0.3735 -1.06061e-16 0)
(0.3735 6.33667e-17 0)
(0.3735 4.02983e-17 0)
(0.3735 -5.94334e-17 0)
(0.4565 -1.11932e-16 0)
(0.4565 -1.34664e-16 0)
(0.4565 -1.4776e-16 0)
(0.4565 -1.2295e-16 0)
(0.4565 -1.28086e-16 0)
(0.4565 -1.04863e-16 0)
(0.4565 -1.22517e-16 0)
(0.4565 -1.34958e-16 0)
(0.4565 -8.40631e-17 0)
(0.4565 -5.07239e-17 0)
(0.4565 -5.9699e-17 0)
(0.4565 -4.61402e-17 0)
(0.4565 -1.31962e-18 0)
(0.4565 -1.42321e-17 0)
(0.4565 8.46647e-18 0)
(0.4565 8.16607e-17 0)
(0.4565 2.11955e-17 0)
(0.4565 3.16457e-17 0)
(0.4565 6.51034e-17 0)
(0.4565 1.45184e-17 0)
(0.4565 5.1109e-17 0)
(0.4565 1.71397e-17 0)
(0.4565 -4.4282e-17 0)
(0.4565 -8.57532e-18 0)
(0.4565 6.06471e-17 0)
(0.4565 9.7047e-17 0)
(0.4565 6.08041e-17 0)
(0.4565 -4.62743e-17 0)
(0.4565 -4.48917e-17 0)
(0.4565 6.45121e-19 0)
(0.4565 7.3124e-17 0)
(0.4565 1.26205e-16 0)
(0.4565 4.60483e-17 0)
(0.4565 -3.36907e-17 0)
(0.4565 -1.84849e-17 0)
(0.4565 1.10192e-16 0)
(0.4565 1.42266e-16 0)
(0.4565 1.1777e-16 0)
(0.4565 1.33249e-16 0)
(0.4565 1.28259e-16 0)
(0.4565 8.36422e-17 0)
(0.4565 1.12234e-16 0)
(0.4565 1.091e-16 0)
(0.4565 -2.08586e-17 0)
(0.4565 -1.06623e-16 0)
(0.4565 -1.51337e-16 0)
(0.4565 -9.87298e-17 0)
(0.4565 6.02991e-17 0)
(0.4565 -6.72396e-17 0)
(0.4565 -2.11613e-16 0)
(0.5395 -8.45587e-17 0)
(0.5395 -4.53731e-17 0)
(0.5395 -3.71828e-17 0)
(0.5395 -5.88313e-17 0)
(0.5395 -5.90902e-17 0)
(0.5395 -8.18384e-17 0)
(0.5395 -1.4344e-16 0)
(0.5395 -1.1747e-16 0)
(0.5395 -5.82183e-17 0)
(0.5395 -5.46466e-17 0)
(0.5395 -7.35086e-17 0)
(0.5395 -6.89863e-17 0)
(0.5395 -3.6285e-17 0)
(0.5395 -6.20199e-17 0)
(0.5395 4.04479e-17 0)
(0.5395 1.30749e-16 0)
(0.5395 4.21163e-17 0)
(0.5395 3.85237e-17 0)
(0.5395 5.17721e-17 0)
(0.5395 1.94239e-17 0)
(0.5395 5.08689e-17 0)
(0.5395 -4.58372e-18 0)
(0.5395 -4.31575e-17 0)
(0.5395 1.31161e-17 0)
(0.5395 8.13053e-17 0)
(0.5395 9.98997e-17 0)
(0.5395 4.66415e-17 0)
(0.5395 -5.98603e-17 0)
(0.5395 -5.99674e-17 0)
(0.5395 3.73013e-17 0)
(0.5395 6.65081e-17 0)
(0.5395 1.33857e-16 0)
(0.5395 6.74303e-17 0)
(0.5395 -5.37899e-17 0)
(0.5395 -6.4527e-17 0)
(0.5395 1.04108e-16 0)
(0.5395 1.33304e-16 0)
(0.5395 8.68805e-17 0)
(0.5395 1.2849e-16 0)
(0.5395 1.26655e-16 0)
(0.5395 1.21904e-16 0)
(0.5395 1.14228e-16 0)
(0.5395 8.85264e-17 0)
(0.5395 -3.41776e-17 0)
(0.5395 -5.36026e-17 0)
(0.5395 -1.13918e-16 0)
(0.5395 -9.95275e-17 0)
(0.5395 6.07516e-17 0)
(0.5395 -9.08389e-17 0)
(0.5395 -2.24877e-16 0)
(0.6225 2.53485e-17 0)
(0.6225 7.36966e-17 0)
(0.6225 2.38698e-17 0)
(0.6225 -4.95452e-17 0)
(0.6225 -7.07383e-17 0)
(0.6225 -8.60544e-17 0)
(0.6225 -6.25183e-17 0)
(0.6225 -7.09308e-17 0)
(0.6225 -4.15444e-17 0)
(0.6225 -4.71411e-17 0)
(0.6225 -1.00529e-16 0)
(0.6225 -9.10278e-17 0)
(0.6225 -9.9211e-17 0)
(0.6225 -9.64092e-17 0)
(0.6225 5.92955e-17 0)
(0.6225 1.38354e-16 0)
(0.6225 7.20314e-17 0)
(0.6225 4.95063e-17 0)
(0.6225 7.03602e-17 0)
(0.6225 4.7985e-17 0)
(0.6225 1.73693e-17 0)
(0.6225 -4.10387e-17 0)
(0.6225 -9.56029e-17 0)
(0.6225 3.3908e-17 0)
(0.6225 1.25489e-16 0)
(0.6225 7.95722e-17 0)
(0.6225 7.14829e-17 0)
(0.6225 -5.14712e-17 0)
(0.6225 -6.93935e-17 0)
(0.6225 4.94717e-17 0)
(0.6225 5.76587e-17 0)
(0.6225 1.14644e-16 0)
(0.6225 3.64399e-17 0)
(0.6225 -9.68678e-17 0)
(0.6225 -6.36753e-17 0)
(0.6225 4.99417e-17 0)
(0.6225 8.79502e-17 0)
(0.6225 7.71371e-17 0)
(0.6225 1.33004e-16 0)
(0.6225 6.85465e-17 0)
(0.6225 2.95828e-17 0)
(0.6225 7.4481e-17 0)
(0.6225 1.09743e-16 0)
(0.6225 -3.37508e-17 0)
(0.6225 -7.25486e-17 0)
(0.6225 -7.45884e-17 0)
(0.6225 -3.93245e-17 0)
(0.6225 3.63468e-17 0)
(0.6225 -1.35961e-16 0)
(0.6225 -2.17827e-16 0)
(0.7055 7.0657e-17 0)
(0.7055 9.48706e-17 0)
(0.7055 8.47383e-17 0)
(0.7055 -3.98117e-17 0)
(0.7055 -5.37341e-17 0)
(0.7055 -4.25515e-17 0)
(0.7055 -4.78519e-17 0)
(0.7055 -4.20517e-17 0)
(0.7055 -2.26536e-17 0)
(0.7055 -2.21056e-17 0)
(0.7055 -8.03094e-17 0)
(0.7055 -1.03461e-16 0)
(0.7055 -8.52158e-17 0)
(0.7055 -3.90583e-17 0)
(0.7055 -2.98317e-17 0)
(0.7055 7.58241e-17 0)
(0.7055 1.31187e-16 0)
(0.7055 7.95828e-17 0)
(0.7055 7.23129e-17 0)
(0.7055 1.57464e-17 0)
(0.7055 2.60806e-17 0)
(0.7055 -2.03775e-18 0)
(0.7055 -6.3277e-17 0)
(0.7055 -3.2898e-17 0)
(0.7055 4.92811e-17 0)
(0.7055 5.95023e-17 0)
(0.7055 2.6695e-17 0)
(0.7055 -2.18599e-17 0)
(0.7055 4.53077e-18 0)
(0.7055 2.71329e-17 0)
(0.7055 4.07504e-17 0)
(0.7055 7.88185e-17 0)
(0.7055 -1.83794e-17 0)
(0.7055 -1.10452e-16 0)
(0.7055 -4.58058e-17 0)
(0.7055 6.31109e-17 0)
(0.7055 2.81017e-17 0)
(0.7055 2.89016e-17 0)
(0.7055 1.21725e-16 0)
(0.7055 6.82062e-17 0)
(0.7055 -3.10555e-17 0)
(0.7055 4.49721e-17 0)
(0.7055 8.69884e-17 0)
(0.7055 -9.11402e-17 0)
(0.7055 -8.99243e-17 0)
(0.7055 -5.35774e-17 0)
(0.7055 3.06284e-17 0)
(0.7055 6.02038e-17 0)
(0.7055 -1.18016e-16 0)
(0.7055 -2.11783e-16 0)
(0.7885 5.11585e-17 0)
(0.7885 4.2625e-17 0)
(0.7885 4.77343e-17 0)
(0.7885 -2.23308e-17 0)
(0.7885 -1.49362e-17 0)
(0.7885 -1.14682e-17 0)
(0.7885 -2.14648e-17 0)
(0.7885 -1.60568e-17 0)
(0.7885 1.54189e-18 0)
(0.7885 -6.2214e-18 0)
(0.7885 -4.47399e-17 0)
(0.7885 -4.09748e-17 0)
(0.7885 -2.17673e-17 0)
(0.7885 2.05421e-17 0)
(0.7885 2.0314e-17 0)
(0.7885 4.38258e-17 0)
(0.7885 7.17896e-17 0)
(0.7885 1.94861e-17 0)
(0.7885 2.96313e-19 0)
(0.7885 -2.48476e-17 0)
(0.7885 1.71785e-17 0)
(0.7885 -2.77922e-18 0)
(0.7885 -3.45262e-17 0)
(0.7885 -2.55374e-17 0)
(0.7885 1.41509e-17 0)
(0.7885 1.28278e-17 0)
(0.7885 -2.0633e-17 0)
(0.7885 1.46193e-17 0)
(0.7885 3.00933e-17 0)
(0.7885 2.26584e-17 0)
(0.7885 -7.11185e-18 0)
(0.7885 2.89325e-17 0)
(0.7885 3.14593e-17 0)
(0.7885 -5.07239e-17 0)
(0.7885 -4.66689e-17 0)
(0.7885 3.55601e-17 0)
(0.7885 -1.75669e-19 0)
(0.7885 2.07321e-17 0)
(0.7885 3.84181e-17 0)
(0.7885 1.96728e-17 0)
(0.7885 2.52369e-17 0)
(0.7885 1.28951e-17 0)
(0.7885 7.93183e-18 0)
(0.7885 -4.79442e-17 0)
(0.7885 -3.92195e-18 0)
(0.7885 -9.93097e-18 0)
(0.7885 -9.48105e-19 0)
(0.7885 2.06544e-17 0)
(0.7885 -3.32131e-17 0)
(0.7885 -9.18143e-17 0)
)
;

boundaryField
{
    movingWall
    {
        type            fixedValue;
        value           uniform (0.83 0 0);
    }
    Inlet
    {
        type            zeroGradient;
    }
    Outlet
    {
        type            zeroGradient;
    }
    Bottom
    {
        type            fixedValue;
        value           uniform (0 0 0);
    }
    frontAndBack
    {
        type            empty;
    }
}


// ************************************************************************* //
