/*--------------------------------*- C++ -*----------------------------------*\
| =========                 |                                                 |
| \\      /  F ield         | OpenFOAM: The Open Source CFD Toolbox           |
|  \\    /   O peration     | Version:  5.x                                   |
|   \\  /    A nd           | Web:      www.OpenFOAM.org                      |
|    \\/     M anipulation  |                                                 |
\*---------------------------------------------------------------------------*/
FoamFile
{
    version     2.0;
    format      ascii;
    class       volScalarField;
    location    "0.015";
    object      p;
}
// * * * * * * * * * * * * * * * * * * * * * * * * * * * * * * * * * * * * * //

dimensions      [0 2 -2 0 0 0 0];

internalField   nonuniform List<scalar> 
7200
(
0.000220352
-0.0562134
-0.0302003
0.17778
0.453361
0.699085
0.913149
1.10982
1.27821
1.38439
1.39041
1.2709
1.02239
0.663481
0.231172
-0.226419
-0.657055
-1.01285
-1.25732
-1.37263
-1.36302
-1.25431
-1.08447
-0.88713
-0.672804
-0.426971
-0.151389
0.05639
0.0821072
0.0254918
-0.0101085
-0.0660594
0.0109905
0.257947
0.52563
0.74465
0.932963
1.10372
1.24329
1.32082
1.30537
1.17826
0.939327
0.606118
0.210778
-0.205858
-0.599662
-0.929981
-1.1651
-1.28814
-1.29999
-1.21982
-1.07865
-0.90709
-0.71844
-0.499273
-0.231547
0.0152686
0.0919824
0.035888
-0.0233066
-0.0660175
0.0660401
0.335745
0.58301
0.773487
0.936654
1.08158
1.19344
1.2454
1.21284
1.08235
0.85586
0.54945
0.190781
-0.185721
-0.542977
-0.846705
-1.06959
-1.19615
-1.22511
-1.17041
-1.0568
-0.910947
-0.747362
-0.5567
-0.309362
-0.0397444
0.092007
0.049106
-0.0388818
-0.0536648
0.131834
0.408395
0.628349
0.791757
0.932024
1.05359
1.14166
1.17309
1.12814
0.997065
0.783002
0.500521
0.173593
-0.168445
-0.494063
-0.774039
-0.984691
-1.11195
-1.15332
-1.11906
-1.02911
-0.906494
-0.765728
-0.602098
-0.382048
-0.105524
0.0797296
0.0647076
-0.0556774
-0.0266546
0.206839
0.475775
0.664383
0.802286
0.921077
1.02107
1.0882
1.10257
1.04836
0.918516
0.716852
0.456472
0.158173
-0.152972
-0.450052
-0.708085
-0.906509
-1.03265
-1.08331
-1.06603
-0.996899
-0.895736
-0.776365
-0.638206
-0.449487
-0.180538
0.0527876
0.0815457
-0.0714654
0.0170017
0.28762
0.535315
0.690996
0.805373
0.904044
0.984259
1.03306
1.03336
0.972432
0.845264
0.655967
0.416245
0.144137
-0.138908
-0.409879
-0.647396
-0.833609
-0.957194
-1.01458
-1.01131
-0.960395
-0.878902
-0.779572
-0.664904
-0.509101
-0.26135
0.00918333
0.0973869
-0.083073
0.0780222
0.369653
0.58463
0.708228
0.801373
0.881403
0.943831
0.976913
0.965871
0.900466
0.777121
0.60002
0.379551
0.131372
-0.126138
-0.373251
-0.591642
-0.765805
-0.885674
-0.947565
-0.95558
-0.920278
-0.856465
-0.775699
-0.682228
-0.558499
-0.343436
-0.0518072
0.109052
-0.086519
0.155498
0.448059
0.622313
0.716661
0.790853
0.853818
0.900574
0.920437
0.900516
0.832506
0.713856
0.548658
0.346091
0.119766
-0.114542
-0.339868
-0.540473
-0.702867
-0.818143
-0.88267
-0.899515
-0.877335
-0.82909
-0.765313
-0.690758
-0.59627
-0.42191
-0.129278
0.112555
-0.0771977
0.246769
0.518068
0.647906
0.71712
0.774411
0.821983
0.855223
0.864196
0.837547
0.768481
0.655163
0.501493
0.315556
0.1092
-0.104003
-0.309417
-0.493499
-0.64449
-0.754534
-0.820151
-0.84368
-0.832298
-0.797469
-0.749009
-0.691314
-0.62195
-0.491999
-0.22057
0.103287
-0.0501504
0.347441
0.575473
0.661801
0.710497
0.752636
0.786604
0.808453
0.808661
0.777145
0.708288
0.600744
0.45817
0.287667
0.0995727
-0.0944125
-0.281619
-0.450366
-0.590379
-0.694746
-0.760191
-0.78855
-0.785844
-0.762308
-0.727375
-0.684788
-0.635926
-0.549491
-0.321289
0.0762881
-0.00041266
0.451576
0.617057
0.665109
0.697654
0.72613
0.748395
0.760885
0.754232
0.71944
0.651809
0.550321
0.418369
0.262178
0.0907927
-0.085679
-0.256227
-0.410754
-0.540257
-0.638664
-0.702922
-0.734526
-0.738595
-0.72432
-0.701012
-0.67204
-0.63931
-0.591161
-0.425492
0.0265931
0.0765969
0.552051
0.640928
0.659459
0.679346
0.695512
0.708058
0.713072
0.701241
0.664514
0.598911
0.503631
0.381802
0.238871
0.0827798
-0.0777197
-0.23302
-0.374372
-0.493861
-0.586156
-0.64843
-0.681941
-0.691108
-0.68421
-0.67054
-0.653824
-0.633726
-0.615113
-0.526054
-0.0503794
0.184681
0.641059
0.646726
0.64673
0.656189
0.661436
0.666268
0.665501
0.649955
0.61241
0.549452
0.460425
0.348202
0.217549
0.0754624
-0.0704615
-0.2118
-0.340958
-0.450944
-0.537082
-0.596759
-0.631067
-0.64387
-0.642654
-0.636612
-0.630757
-0.621056
-0.620983
-0.615163
-0.158432
0.326501
0.710713
0.635676
0.628791
0.628663
0.624592
0.623651
0.618588
0.600585
0.563135
0.503283
0.420469
0.317332
0.198036
0.0687768
-0.0638392
-0.192392
-0.310271
-0.411273
-0.491295
-0.547918
-0.582116
-0.5973
-0.60028
-0.59992
-0.603319
-0.603169
-0.609991
-0.684928
-0.300227
0.503287
0.753684
0.610459
0.607253
0.597156
0.585708
0.580771
0.572683
0.553292
0.51667
0.460255
0.383544
0.288973
0.180175
0.0626662
-0.0577948
-0.174636
-0.282091
-0.374628
-0.448644
-0.501889
-0.53525
-0.551752
-0.557655
-0.561193
-0.571899
-0.581675
-0.584819
-0.728016
-0.476995
0.714643
0.763815
0.574952
0.583273
0.56203
0.545528
0.538115
0.528077
0.508191
0.472973
0.420213
0.349445
0.262925
0.163824
0.0570797
-0.0522763
-0.158389
-0.25622
-0.340804
-0.408978
-0.458633
-0.490588
-0.507518
-0.515267
-0.521179
-0.536863
-0.557736
-0.549338
-0.738263
-0.688344
0.958492
0.73664
0.533825
0.557448
0.523702
0.50479
0.496089
0.485007
0.46536
0.431986
0.383008
0.317979
0.239008
0.148855
0.0519719
-0.0472372
-0.143524
-0.232475
-0.309608
-0.372146
-0.418089
-0.448208
-0.464838
-0.473527
-0.480618
-0.498628
-0.53195
-0.508223
-0.711199
-0.932195
1.23113
0.669767
0.492077
0.529789
0.48271
0.464187
0.455018
0.443664
0.424843
0.393634
0.348491
0.288969
0.217056
0.135153
0.0473018
-0.0426358
-0.129923
-0.210691
-0.280861
-0.337998
-0.380185
-0.408156
-0.423904
-0.432762
-0.440206
-0.457735
-0.504332
-0.466471
-0.644426
-1.20485
1.52744
0.563073
0.454546
0.49979
0.439766
0.424331
0.415155
0.404197
0.386654
0.357833
0.316518
0.262247
0.196918
0.122613
0.0430326
-0.0384346
-0.117482
-0.190716
-0.254396
-0.30639
-0.344837
-0.370447
-0.38487
-0.393228
-0.400559
-0.414899
-0.474379
-0.428925
-0.537816
-1.50119
1.84116
0.418694
0.42545
0.466571
0.395772
0.385711
0.376691
0.36672
0.350785
0.324493
0.286947
0.237656
0.178455
0.111141
0.0391312
-0.0345996
-0.106106
-0.172411
-0.230055
-0.277179
-0.311952
-0.335072
-0.347849
-0.35512
-0.36217
-0.371027
-0.441214
-0.399807
-0.393503
-1.81495
2.16531
0.240832
0.408023
0.429073
0.351806
0.348665
0.339775
0.331315
0.317204
0.293517
0.259643
0.215052
0.161541
0.100651
0.0355674
-0.0311003
-0.0957091
-0.155648
-0.207693
-0.250229
-0.281433
-0.302
-0.312925
-0.318591
-0.325383
-0.327198
-0.40378
-0.382355
-0.215685
-2.13915
2.49256
0.0353872
0.404265
0.386274
0.309059
0.313371
0.304532
0.29803
0.285864
0.264804
0.234475
0.194297
0.146059
0.0910643
0.032314
-0.027909
-0.0862117
-0.140312
-0.187171
-0.225407
-0.253176
-0.271181
-0.280148
-0.283767
-0.290379
-0.284611
-0.361061
-0.378575
-0.0102624
-2.46646
2.81569
-0.190532
0.414839
0.337395
0.26876
0.279844
0.271074
0.266886
0.256706
0.238252
0.211317
0.175266
0.131903
0.0823108
0.0293464
-0.0250005
-0.0775426
-0.126293
-0.168363
-0.202586
-0.227079
-0.242556
-0.249537
-0.250762
-0.257177
-0.244498
-0.312281
-0.389138
0.215655
-2.78967
3.12797
-0.429162
0.439117
0.282072
0.23207
0.24796
0.239517
0.237869
0.229662
0.213759
0.190049
0.157839
0.118973
0.0743245
0.0266419
-0.0223519
-0.0696362
-0.113493
-0.151149
-0.181644
-0.203036
-0.216054
-0.221078
-0.219695
-0.225657
-0.208025
-0.257079
-0.413422
0.4543
-3.10202
3.42343
-0.672639
0.475343
0.220454
0.199983
0.217487
0.209984
0.210936
0.204658
0.191219
0.170555
0.141905
0.107178
0.067046
0.0241801
-0.0199424
-0.0624325
-0.101821
-0.135416
-0.162464
-0.180939
-0.191598
-0.194727
-0.190689
-0.195591
-0.176193
-0.195609
-0.449678
0.697803
-3.39757
3.69714
-0.913514
0.52091
0.153245
0.173236
0.188139
0.182603
0.186015
0.18162
0.17053
0.152726
0.12736
0.0964343
0.0604201
0.021942
-0.0177529
-0.0558765
-0.0911926
-0.121061
-0.144935
-0.160682
-0.169109
-0.170409
-0.163872
-0.166695
-0.149744
-0.128579
-0.495304
0.938708
-3.67136
3.94529
-1.14517
0.572674
0.0816636
0.152245
0.159619
0.157501
0.163009
0.160471
0.151587
0.136457
0.114106
0.086664
0.0543964
0.0199103
-0.0157659
-0.0499175
-0.0815293
-0.107985
-0.12895
-0.142158
-0.148509
-0.148023
-0.139371
-0.138675
-0.1291
-0.0572133
-0.547164
1.17038
-3.91961
4.16527
-1.36209
0.627296
0.00734186
0.137077
0.131673
0.134794
0.141799
0.14114
0.134288
0.12165
0.102051
0.0777948
0.0489283
0.0180693
-0.0139655
-0.0445087
-0.0727591
-0.096096
-0.114411
-0.125262
-0.12972
-0.127446
-0.117299
-0.111277
-0.11433
0.0168519
-0.601925
1.38732
-4.13968
4.35555
-1.56007
0.681552
-0.0678188
0.127452
0.104127
0.114569
0.122255
0.123556
0.118528
0.108209
0.0911095
0.0697594
0.0439726
0.0164041
-0.0123369
-0.0396072
-0.0648148
-0.0853073
-0.10122
-0.109887
-0.112669
-0.108543
-0.0977387
-0.0843281
-0.105159
0.0917096
-0.656368
1.58528
-4.33006
4.51561
-1.73619
0.732581
-0.141814
0.122789
0.0769152
0.0968709
0.104238
0.107651
0.104208
0.0960453
0.0811991
0.0624954
0.0394894
0.0149012
-0.0108665
-0.035173
-0.0576342
-0.0755377
-0.0892898
-0.0959306
-0.0972811
-0.0911698
-0.0807331
-0.0577591
-0.10101
0.165351
-0.707638
1.76135
-4.49023
4.64577
-1.88879
0.778069
-0.212703
0.122269
0.0500873
0.0816938
0.0876142
0.0933582
0.0912254
0.0850755
0.0722433
0.0559449
0.0354417
0.0135482
-0.0095418
-0.0311691
-0.0511595
-0.0667107
-0.0785345
-0.0832894
-0.0834858
-0.0751858
-0.0662687
-0.0316178
-0.101065
0.235831
-0.753423
1.91386
-4.62051
4.74701
-2.01728
0.81633
-0.278755
0.124925
0.0238063
0.0689696
0.0722603
0.0806087
0.0794845
0.075219
0.06417
0.0500535
0.031795
0.0123334
-0.00835126
-0.0275613
-0.0453367
-0.0587545
-0.0688743
-0.071865
-0.0712105
-0.060461
-0.0542714
-0.006062
-0.104357
0.301412
-0.792046
2.04221
-4.7219
4.82079
-2.12199
0.846332
-0.338553
0.129731
-0.0016731
0.0585692
0.0580695
0.0693316
0.0688904
0.0664
0.0569109
0.0447707
0.0285174
0.0112459
-0.00728414
-0.0243178
-0.0401155
-0.0516013
-0.0602336
-0.0615622
-0.0603805
-0.0468819
-0.0446042
0.0186595
-0.109857
0.360679
-0.822475
2.14671
-4.79587
4.86892
-2.20389
0.867641
-0.391067
0.135688
-0.0260336
0.050306
0.0449563
0.0594512
0.0593535
0.058546
0.0504018
0.0400491
0.0255791
0.0102756
-0.00633049
-0.0214088
-0.0354491
-0.0451876
-0.0525406
-0.0522907
-0.0509171
-0.0343567
-0.0370722
0.0422371
-0.116563
0.412599
-0.844282
2.22833
-4.84421
4.89338
-2.26444
0.880334
-0.43567
0.141894
-0.0489303
0.0439463
0.0328583
0.0508855
0.0507891
0.0515878
0.0445824
0.0358445
0.0229523
0.00941328
-0.00548104
-0.018807
-0.0312933
-0.0394538
-0.0457271
-0.0439662
-0.0427362
-0.0228171
-0.031433
0.0643348
-0.123566
0.456546
-0.857542
2.28855
-4.86895
4.89627
-2.30541
0.884878
-0.472127
0.147598
-0.0700258
0.0392231
0.0217357
0.0435457
0.0431186
0.045459
0.039396
0.0321153
0.0206111
0.00864998
-0.00472717
-0.0164866
-0.0276073
-0.0343439
-0.0397275
-0.0365105
-0.0357475
-0.0122183
-0.027411
0.0846253
-0.130107
0.492286
-0.862726
2.32909
-4.87216
4.87969
-2.32867
0.882014
-0.50054
0.152227
-0.0890218
0.0358521
0.011568
0.0373362
0.0362698
0.0400954
0.0347897
0.0288225
0.0185313
0.00797747
-0.00406082
-0.0144237
-0.0243522
-0.0298057
-0.0344791
-0.0298527
-0.0298551
-0.00253557
-0.0247134
0.102821
-0.135605
0.519928
-0.860572
2.35185
-4.85597
4.84571
-2.33618
0.872642
-0.52129
0.155398
-0.105684
0.0335479
0.00234936
0.0321555
0.0301773
0.0354351
0.030714
0.0259293
0.0166907
0.007388
-0.00347444
-0.0125962
-0.0214918
-0.0257905
-0.0299211
-0.0239289
-0.0249577
0.00623966
-0.0230476
0.118698
-0.139662
0.53986
-0.851977
2.35879
-4.82245
4.79633
-2.32984
0.857732
-0.534959
0.156903
-0.119856
0.0320398
-0.00591692
0.0278979
0.0247821
0.0314178
0.0271229
0.023401
0.0150681
0.00687429
-0.00296096
-0.0109833
-0.0189918
-0.022253
-0.0259947
-0.0186821
-0.020951
0.0141057
-0.0221363
0.13211
-0.14206
0.552674
-0.837906
2.35179
-4.77361
4.73345
-2.31146
0.838254
-0.542259
0.15669
-0.131467
0.0310832
-0.0132247
0.0244557
0.0200318
0.0279853
0.0239737
0.0212052
0.0136441
0.00642946
-0.00251375
-0.00956598
-0.01682
-0.0191512
-0.0226429
-0.0140617
-0.0177293
0.0210568
-0.02173
0.142998
-0.142734
0.559095
-0.819321
2.33269
-4.71134
4.65886
-2.28277
0.815127
-0.54397
0.154831
-0.140531
0.0304688
-0.0195703
0.0217218
0.0158792
0.0250812
0.0212267
0.0193108
0.0124006
0.00604704
-0.00212657
-0.00832623
-0.0149459
-0.0164462
-0.0198105
-0.0100227
-0.0151878
0.0270882
-0.0216163
0.151383
-0.141741
0.559914
-0.79713
2.30321
-4.63743
4.57421
-2.24536
0.789196
-0.540887
0.15149
-0.147135
0.0300272
-0.0249578
0.0195924
0.0122819
0.0226507
0.0188455
0.017689
0.0113207
0.00572092
-0.00179356
-0.00724753
-0.0133408
-0.014102
-0.0174442
-0.00652499
-0.0132256
0.0322019
-0.0216241
0.157359
-0.139233
0.555941
-0.772165
2.26496
-4.55354
4.48104
-2.20068
0.761212
-0.533779
0.146886
-0.151432
0.0296303
-0.0294017
0.0179692
0.00920126
0.0206418
0.0167964
0.016312
0.0103889
0.0054453
-0.00150916
-0.00631452
-0.0119776
-0.0120855
-0.0154926
-0.00353183
-0.0117473
0.0364095
-0.0216254
0.161083
-0.13542
0.547959
-0.745165
2.21939
-4.46119
4.38073
-2.15006
0.731835
-0.523367
0.141269
-0.153617
0.0291888
-0.0329296
0.0167614
0.00660129
0.0190043
0.0150482
0.0151542
0.00959057
0.00521476
-0.00126819
-0.00551296
-0.0108307
-0.0103661
-0.0139068
-0.00100919
-0.0106655
0.0397348
-0.0215328
0.162755
-0.130541
0.536702
-0.716775
2.16785
-4.36176
4.27454
-2.09468
0.70163
-0.510305
0.134896
-0.153921
0.0286488
-0.0355821
0.0158877
0.00444787
0.0176912
0.013572
0.0141911
0.00891229
0.00502418
-0.00106576
-0.00482964
-0.00987599
-0.00891516
-0.0126404
0.00107533
-0.00990161
0.0422145
-0.0212952
0.162603
-0.124846
0.522837
-0.687544
2.11154
-4.25648
4.16357
-2.0356
0.671078
-0.495175
0.128011
-0.152589
0.0279851
-0.0374127
0.0152765
0.00270793
0.0166582
0.0123411
0.0133998
0.00834158
0.00486875
-0.0008973
-0.00425233
-0.00909096
-0.00770652
-0.0116498
0.00275338
-0.00938692
0.0438976
-0.0208916
0.160874
-0.118577
0.506957
-0.65794
2.05153
-4.14646
4.04878
-1.97375
0.640578
-0.478488
0.120838
-0.149871
0.0271955
-0.0384854
0.0148668
0.0013488
0.0158641
0.0113307
0.0127591
0.00786689
0.00474396
-0.000758516
-0.00376973
-0.0084545
-0.00671565
-0.0108945
0.00405636
-0.00906289
0.0448442
-0.0203245
0.157812
-0.111953
0.489578
-0.628347
1.98875
-4.03265
3.93103
-1.90991
0.610457
-0.46068
0.113567
-0.146009
0.026294
-0.0388731
0.0146078
0.000337758
0.0152715
0.0105177
0.0122489
0.00747752
0.00464559
-0.000645422
-0.00337138
-0.00794696
-0.00591969
-0.0103373
0.00501601
-0.0088808
0.0451231
-0.0196129
0.153657
-0.105167
0.471143
-0.599083
1.92402
-3.91586
3.81102
-1.84476
0.580975
-0.442123
0.106361
-0.141233
0.0253051
-0.0386543
0.0144581
-0.000358019
0.0148459
0.0098803
0.0118509
0.00716354
0.00456974
-0.000554313
-0.00304756
-0.00755014
-0.00529725
-0.00994428
0.00566434
-0.00880113
0.0448094
-0.0187863
0.148631
-0.0983841
0.452027
-0.570398
1.85801
-3.7968
3.68935
-1.77886
0.552333
-0.423129
0.0993462
-0.135752
0.0242587
-0.0379105
0.0143852
-0.000771603
0.0145566
0.00939817
0.0115482
0.00691579
0.0045128
-0.000481777
-0.00278933
-0.00724733
-0.0048282
-0.00968498
0.00603381
-0.00879255
0.0439817
-0.0178795
0.14294
-0.0917353
0.43254
-0.542488
1.79132
-3.67606
3.56653
-1.71268
0.524677
-0.403956
0.0926202
-0.129754
0.0231858
-0.0367239
0.0143638
-0.000936199
0.0143764
0.00905215
0.0113251
0.00672576
0.00447145
-0.000424686
-0.00258839
-0.00702315
-0.00449363
-0.00953236
0.00615715
-0.00883096
0.0427193
-0.0169278
0.136764
-0.0853235
0.412936
-0.515496
1.7244
-3.55412
3.44297
-1.64658
0.498106
-0.384812
0.0862521
-0.123403
0.0221157
-0.0351744
0.0143749
-0.000884732
0.014281
0.00882422
0.0111675
0.0065856
0.00444267
-0.000380198
-0.00243708
-0.00686371
-0.00427573
-0.00946255
0.00606693
-0.00889803
0.0411007
-0.0159643
0.130261
-0.0792242
0.393422
-0.489521
1.65763
-3.43139
3.31899
-1.58087
0.472681
-0.365867
0.0802865
-0.11684
0.0210739
-0.0333384
0.0144042
-0.000649615
0.0142497
0.00869735
0.0110627
0.00648807
0.00442372
-0.000345748
-0.00232833
-0.00675646
-0.00415771
-0.00945484
0.00579527
-0.00898021
0.0392004
-0.0150176
0.123568
-0.0734887
0.374159
-0.464624
1.5913
-3.30818
3.19485
-1.51575
0.448422
-0.347249
0.0747476
-0.110183
0.0200807
-0.0312871
0.0144416
-0.000262406
0.0142644
0.00865562
0.0109992
0.00642648
0.00441219
-0.000319068
-0.00225564
-0.00669018
-0.00412384
-0.00949146
0.00537353
-0.00906758
0.0370886
-0.0141104
0.116797
-0.0681472
0.35527
-0.440831
1.52565
-3.18475
3.07076
-1.45138
0.425326
-0.32906
0.0696421
-0.103529
0.0191504
-0.0290852
0.0144794
0.000246754
0.0143098
0.00868412
0.0109671
0.0063947
0.00440593
-0.000298155
-0.00221301
-0.00665496
-0.0041594
-0.00955723
0.00483165
-0.0091528
0.0348293
-0.0132592
0.110043
-0.0632121
0.336849
-0.418142
1.46081
-3.0613
2.94685
-1.38789
0.403361
-0.31137
0.0649628
-0.0969591
0.018292
-0.0267908
0.0145118
0.000849392
0.0143729
0.00876899
0.0109575
0.00638717
0.00440302
-0.000281226
-0.00219503
-0.00664214
-0.00425071
-0.00963942
0.00419797
-0.00923038
0.03248
-0.0124742
0.103383
-0.0586814
0.31896
-0.396532
1.3969
-2.93797
2.82325
-1.32532
0.382477
-0.294228
0.0606917
-0.090535
0.0175089
-0.0244548
0.0145347
0.00151899
0.0144432
0.00889746
0.0109627
0.0063988
0.00440188
-0.00026681
-0.00219675
-0.00664422
-0.00438518
-0.00972755
0.00349885
-0.00929607
0.0300913
-0.0117599
0.096876
-0.0545412
0.301647
-0.375956
1.33398
-2.81488
2.70001
-1.26372
0.36261
-0.277665
0.0568022
-0.084306
0.0167995
-0.0221212
0.0145441
0.00223143
0.0145119
0.00905795
0.0109762
0.00642504
0.00440117
-0.000253674
-0.00221374
-0.00665486
-0.00455138
-0.00981298
0.00275824
-0.00934631
0.0277069
-0.0111155
0.09057
-0.0507681
0.284935
-0.356355
1.27207
-2.69209
2.57718
-1.20307
0.343681
-0.261696
0.0532614
-0.0783091
0.0161586
-0.0198269
0.0145371
0.00296508
0.0145718
0.00923998
0.0109928
0.00646182
0.00439978
-0.000240817
-0.00224202
-0.00666881
-0.00473898
-0.00988889
0.00199767
-0.00937805
0.0253637
-0.0105359
0.0845007
-0.047332
0.268834
-0.337656
1.21116
-2.56965
2.45478
-1.14336
0.325604
-0.246322
0.0500319
-0.0725712
0.0155773
-0.0176025
0.0145106
0.00370091
0.0146178
0.00943434
0.0110079
0.00650561
0.00439686
-0.00022746
-0.00227816
-0.0066818
-0.00493892
-0.00995005
0.00123598
-0.00938851
0.0230922
-0.010013
0.0786941
-0.0441971
0.253342
-0.319778
1.15122
-2.44758
2.33278
-1.08453
0.308286
-0.231534
0.0470731
-0.0671111
0.0150448
-0.0154726
0.014462
0.00442276
0.0146456
0.00963311
0.0110183
0.00655335
0.00439178
-0.000213046
-0.0023192
-0.00669056
-0.00514338
-0.00999255
0.000489244
-0.00937513
0.0209169
-0.0095358
0.0731683
-0.0413246
0.238447
-0.302632
1.0922
-2.32588
2.21119
-1.02654
0.291631
-0.217318
0.044343
-0.0619408
0.0145484
-0.0134563
0.014389
0.00511714
0.0146527
0.00982961
0.0110215
0.00660253
0.00438411
-0.000197212
-0.00236269
-0.00669273
-0.00534581
-0.0100139
-0.000229224
-0.00933569
0.0188567
-0.00909192
0.0679349
-0.0386731
0.224132
-0.286122
1.03404
-2.20454
2.08997
-0.9693
0.275537
-0.203651
0.0417983
-0.0570668
0.0140748
-0.0115679
0.0142896
0.00577338
0.0146377
0.0100185
0.0110158
0.00665112
0.00437363
-0.000179791
-0.00240666
-0.0066868
-0.005541
-0.0100127
-0.000908865
-0.00926836
0.0169259
-0.00866809
0.0630002
-0.0362002
0.210375
-0.270152
0.976654
-2.08354
1.96908
-0.91274
0.259905
-0.19051
0.0393961
-0.0524915
0.0136106
-0.00981693
0.0141623
0.0063836
0.0146001
0.0101959
0.0110006
0.00669763
0.0043603
-0.000160796
-0.00244968
-0.00667213
-0.00572507
-0.00998894
-0.00154193
-0.00917189
0.015134
-0.00825099
0.0583665
-0.0338632
0.197148
-0.254623
0.919966
-1.96284
1.84849
-0.856781
0.244632
-0.177868
0.0370943
-0.0482141
0.0131428
-0.00820932
0.0140068
0.00694249
0.0145409
0.010359
0.0109759
0.00674105
0.00434428
-0.000140408
-0.00249078
-0.00664887
-0.00589544
-0.00994347
-0.00212322
-0.00904588
0.0134866
-0.00782784
0.0540327
-0.0316203
0.184426
-0.239435
0.863892
-1.8424
1.72816
-0.801344
0.229621
-0.1657
0.0348522
-0.0442312
0.0126598
-0.00674724
0.0138233
0.00744735
0.0144622
0.0105067
0.0109427
0.00678094
0.00432586
-0.000118963
-0.00252955
-0.00661793
-0.00605092
-0.0098785
-0.00265017
-0.0088909
0.0119861
-0.00738704
0.0499954
-0.0294311
0.172181
-0.224491
0.808352
-1.7222
1.60807
-0.746361
0.214776
-0.153984
0.0326314
-0.0405381
0.0121516
-0.00542974
0.0136137
0.00789802
0.014367
0.010639
0.0109024
0.00681731
0.00430552
-9.69699e-05
-0.00256605
-0.00658098
-0.00619163
-0.00979726
-0.00312269
-0.00870883
0.0106312
-0.00691874
0.0462496
-0.0272574
0.160392
-0.209697
0.753276
-1.60221
1.4882
-0.69178
0.200009
-0.142702
0.0303969
-0.0371289
0.0116105
-0.004253
0.0133811
0.00829667
0.0142599
0.0107572
0.0108577
0.00685072
0.00428391
-7.50786e-05
-0.00260085
-0.00654049
-0.00631899
-0.00970425
-0.00354306
-0.0085031
0.00941799
-0.00641538
0.0427894
-0.0250642
0.14904
-0.194965
0.698607
-1.48243
1.36856
-0.63757
0.18524
-0.131845
0.0281174
-0.0339974
0.0110318
-0.00321057
0.0131308
0.00864776
0.0141464
0.010864
0.0108114
0.00688226
0.00426173
-5.40237e-05
-0.00263508
-0.00649956
-0.00643575
-0.00960519
-0.00391583
-0.0082789
0.00834
-0.00587224
0.0396087
-0.0228207
0.138114
-0.180216
0.644317
-1.36286
1.24922
-0.583741
0.170403
-0.121414
0.0257675
-0.0311377
0.0104138
-0.00229349
0.0128698
0.00895801
0.0140334
0.0109636
0.0107675
0.00691352
0.00423991
-3.47408e-05
-0.00267034
-0.00646206
-0.00654599
-0.00950707
-0.00424778
-0.00804346
0.00738814
-0.00528801
0.0367012
-0.0205016
0.127617
-0.165386
0.590412
-1.24356
1.13028
-0.530357
0.155453
-0.111424
0.0233284
-0.0285447
0.00975913
-0.00149047
0.0126076
0.00923626
0.0139293
0.011061
0.0107305
0.00694656
0.00421947
-1.8279e-05
-0.00270869
-0.00643262
-0.00665496
-0.00941823
-0.00454782
-0.00780634
0.00655103
-0.00466537
0.0340617
-0.0180886
0.117563
-0.150429
0.536955
-1.12465
1.01196
-0.477559
0.14037
-0.101913
0.0207902
-0.0262139
0.00907493
-0.000787944
0.0123561
0.00949348
0.0138437
0.0111628
0.0107058
0.00698395
0.0042016
-5.81595e-06
-0.00275273
-0.00641658
-0.00676917
-0.00934843
-0.00482697
-0.00757961
0.00581503
-0.00401172
0.0316858
-0.0155722
0.107989
-0.135328
0.48409
-1.00634
0.894578
-0.425604
0.125173
-0.092938
0.0181538
-0.0241425
0.00837364
-0.000169986
0.01213
0.00974266
0.0137878
0.0112768
0.0106994
0.00702875
0.00418757
1.34585e-06
-0.00280554
-0.00641996
-0.00689643
-0.00930886
-0.00509828
-0.00737812
0.00516414
-0.00333973
0.0295704
-0.012954
0.0989529
-0.120103
0.432071
-0.888955
0.778694
-0.374905
0.10993
-0.084589
0.0154333
-0.0223283
0.00767364
0.000381829
0.0119471
0.0099989
0.0137742
0.0114119
0.010718
0.00708451
0.00417882
1.76392e-06
-0.00287068
-0.00644958
-0.00704567
-0.00931228
-0.00537688
-0.00721973
0.00457987
-0.00266805
0.0277136
-0.0102488
0.0905449
-0.104824
0.381312
-0.773052
0.665145
-0.326102
0.094776
-0.0769882
0.0126586
-0.0207701
0.00700002
0.000888543
0.0118283
0.0102793
0.0138173
0.0115781
0.0107692
0.00715524
0.00417688
-6.11579e-06
-0.00295216
-0.00651301
-0.00722695
-0.00937303
-0.0056799
-0.0071255
0.00404113
-0.00202208
0.0261138
-0.00748745
0.0828876
-0.0896271
0.332456
-0.659471
0.555214
-0.280137
0.07993
-0.0702921
0.00987783
-0.0194656
0.00638462
0.00137353
0.0117973
0.0106021
0.0139323
0.0117861
0.0108608
0.00724517
0.00418336
-2.38967e-05
-0.00305423
-0.00661807
-0.00745105
-0.00950637
-0.00602565
-0.00711915
0.00352453
-0.00143397
0.0247688
-0.0047191
0.076138
-0.0747356
0.286446
-0.549495
0.450763
-0.238249
0.0656568
-0.0646608
0.00714488
-0.0184031
0.00586219
0.00186468
0.0118791
0.010988
0.0141353
0.0120479
0.0110012
0.00735908
0.0041999
-5.31954e-05
-0.00318165
-0.00677309
-0.00772978
-0.00972834
-0.00643467
-0.00722567
0.00300217
-0.000938698
0.0236671
-0.00199866
0.0704569
-0.060417
0.244524
-0.444988
0.354225
-0.201985
0.0520741
-0.0602057
0.00447685
-0.017544
0.00546854
0.00240852
0.0121091
0.0114719
0.0144523
0.0123849
0.0112048
0.00750605
0.00422912
-9.68472e-05
-0.0033437
-0.00699281
-0.00808498
-0.0100653
-0.0069423
-0.0074808
0.00242713
-0.000572519
0.0227693
0.000655682
0.0659557
-0.0467922
0.208242
-0.348384
0.270066
-0.175243
0.0398327
-0.0573737
0.00203815
-0.016913
0.00530993
0.00305668
0.0125673
0.0121054
0.0149362
0.0128308
0.011499
0.00769952
0.00427665
-0.000161224
-0.0035546
-0.00730536
-0.00855113
-0.0105712
-0.00760123
-0.00796602
0.00174638
-0.000443925
0.0220986
0.00307585
0.0630804
-0.0345183
0.181504
-0.264149
0.212995
-0.169976
0.0353521
-0.0585945
0.00135075
-0.0170856
0.00572376
0.00357227
0.0132655
0.0127276
0.0155209
0.013275
0.0118297
0.0078872
0.0043366
-0.000238216
-0.0037598
-0.00765471
-0.00901531
-0.0111784
-0.00824798
-0.00869259
0.00120079
-0.000891951
0.0222384
0.00373074
0.0642764
-0.0300395
0.17627
-0.207005
0.000481289
-0.0561297
-0.030401
0.177361
0.452925
0.698773
0.913029
1.10991
1.27847
1.38478
1.39086
1.27136
1.02283
0.663899
0.231571
-0.226031
-0.656669
-1.01245
-1.25691
-1.3722
-1.36258
-1.25385
-1.084
-0.886652
-0.672323
-0.42649
-0.15091
0.0568603
0.08257
0.0259671
-0.00991265
-0.066
0.0107194
0.257512
0.525222
0.744389
0.932897
1.10385
1.24358
1.32122
1.30581
1.17871
0.93976
0.606531
0.211174
-0.205471
-0.599276
-0.929589
-1.16469
-1.28771
-1.29955
-1.21936
-1.07818
-0.906612
-0.717959
-0.498791
-0.231067
0.0157424
0.0924447
0.0363556
-0.0231277
-0.0660202
0.0657293
0.335317
0.58264
0.773276
0.936634
1.08174
1.19375
1.2458
1.21328
1.08279
0.856285
0.549858
0.191175
-0.185334
-0.542591
-0.846313
-1.06919
-1.19573
-1.22467
-1.16995
-1.05633
-0.91047
-0.74688
-0.556217
-0.308881
-0.0392689
0.0924696
0.0495699
-0.0387259
-0.0537407
0.131501
0.407991
0.628022
0.791593
0.932045
1.05378
1.14198
1.17348
1.12857
0.997495
0.78342
0.500924
0.173985
-0.168059
-0.493677
-0.773648
-0.984288
-1.11153
-1.15288
-1.11861
-1.02864
-0.906018
-0.765246
-0.601615
-0.381567
-0.105048
0.080193
0.06517
-0.0555618
-0.0268012
0.2065
0.47541
0.664106
0.802167
0.921134
1.02129
1.08853
1.10297
1.04878
0.918937
0.717263
0.456871
0.158563
-0.152587
-0.449667
-0.707694
-0.906107
-1.03224
-1.08287
-1.06558
-0.996433
-0.895261
-0.775884
-0.637723
-0.449006
-0.180063
0.0532521
0.0820084
-0.0714037
0.0167938
0.28729
0.535
0.690773
0.8053
0.904134
0.984492
1.0334
1.03375
0.972845
0.845677
0.656372
0.416639
0.144524
-0.138525
-0.409495
-0.647006
-0.833209
-0.956779
-1.01414
-1.01086
-0.959931
-0.878427
-0.779092
-0.664421
-0.508621
-0.260876
0.00964919
0.0978504
-0.083074
0.0777673
0.369347
0.58437
0.708061
0.801342
0.881523
0.94408
0.977253
0.96626
0.900873
0.777526
0.600418
0.379941
0.131756
-0.125756
-0.372868
-0.591254
-0.765406
-0.885261
-0.947135
-0.955133
-0.919816
-0.855993
-0.77522
-0.681747
-0.55802
-0.342962
-0.0513402
0.109516
-0.0865885
0.155214
0.447788
0.622113
0.716549
0.790865
0.853965
0.900838
0.920781
0.900902
0.832906
0.714254
0.54905
0.346477
0.120147
-0.114162
-0.339486
-0.540085
-0.702469
-0.817732
-0.882243
-0.89907
-0.876875
-0.828619
-0.764835
-0.690278
-0.595793
-0.421436
-0.12881
0.113021
-0.0773384
0.246475
0.517843
0.647763
0.717062
0.774463
0.822155
0.855499
0.864541
0.837929
0.768874
0.655554
0.501879
0.315937
0.109578
-0.103624
-0.309036
-0.493113
-0.644094
-0.754125
-0.819726
-0.843238
-0.83184
-0.796999
-0.748532
-0.690835
-0.621473
-0.491526
-0.220102
0.103754
-0.0503631
0.347159
0.575302
0.661712
0.710489
0.752726
0.786799
0.808739
0.809007
0.777522
0.708674
0.601129
0.45855
0.288044
0.0999481
-0.0940363
-0.28124
-0.449981
-0.589984
-0.69434
-0.759768
-0.78811
-0.785389
-0.76184
-0.7269
-0.684311
-0.635451
-0.549019
-0.32082
0.0767556
-0.000696236
0.451327
0.616942
0.665071
0.697693
0.726255
0.74861
0.761179
0.754578
0.719812
0.652188
0.550699
0.418744
0.262551
0.0911651
-0.0853049
-0.255849
-0.41037
-0.539864
-0.638259
-0.702502
-0.734088
-0.738142
-0.723854
-0.700539
-0.671564
-0.638836
-0.59069
-0.425023
0.0270612
0.0762455
0.551853
0.640868
0.659465
0.679428
0.69567
0.708292
0.713374
0.701587
0.664881
0.599283
0.504003
0.382171
0.239239
0.0831491
-0.0773478
-0.232643
-0.37399
-0.49347
-0.585753
-0.648013
-0.681507
-0.690657
-0.683746
-0.670069
-0.65335
-0.633253
-0.614642
-0.525584
-0.0499109
0.184267
0.640929
0.646719
0.646776
0.656309
0.661623
0.666519
0.665809
0.650299
0.612771
0.549818
0.46079
0.348567
0.217913
0.0758286
-0.0700918
-0.211426
-0.340577
-0.450555
-0.536681
-0.596343
-0.630635
-0.643422
-0.642192
-0.636142
-0.630284
-0.620584
-0.620513
-0.614693
-0.157963
0.326032
0.710666
0.635714
0.628873
0.628818
0.624806
0.623918
0.618901
0.600928
0.563491
0.503643
0.420828
0.317692
0.198397
0.0691399
-0.0634719
-0.192019
-0.309891
-0.410885
-0.490896
-0.547505
-0.581686
-0.596854
-0.599821
-0.599453
-0.602847
-0.602697
-0.609521
-0.684459
-0.299758
0.502772
0.753729
0.610535
0.607366
0.597342
0.585945
0.581052
0.573
0.553632
0.51702
0.460607
0.383897
0.289327
0.180532
0.0630263
-0.0574299
-0.174265
-0.281713
-0.374242
-0.448247
-0.501478
-0.534823
-0.551308
-0.557198
-0.560728
-0.571429
-0.581204
-0.584349
-0.727546
-0.476526
0.714096
0.763958
0.575055
0.583415
0.562244
0.545785
0.538408
0.528398
0.508528
0.473318
0.420559
0.349792
0.263275
0.164177
0.0574367
-0.0519138
-0.158021
-0.255843
-0.340419
-0.408583
-0.458224
-0.490163
-0.507077
-0.514813
-0.520715
-0.536395
-0.557266
-0.548869
-0.737793
-0.687875
0.957928
0.736882
0.533944
0.557617
0.523941
0.505064
0.496392
0.485331
0.465694
0.432324
0.383348
0.318321
0.239353
0.149204
0.0523258
-0.0468771
-0.143157
-0.232101
-0.309225
-0.371752
-0.417683
-0.447786
-0.4644
-0.473075
-0.480156
-0.498161
-0.531481
-0.507753
-0.710729
-0.931726
1.23057
0.670104
0.492204
0.529984
0.482969
0.464476
0.45533
0.443989
0.425173
0.393966
0.348825
0.289305
0.217396
0.135498
0.0476526
-0.0422782
-0.129558
-0.210318
-0.28048
-0.337607
-0.379781
-0.407737
-0.423469
-0.432313
-0.439747
-0.457269
-0.503864
-0.466003
-0.643957
-1.20438
1.52689
0.563494
0.454671
0.500011
0.440041
0.424632
0.415473
0.404523
0.386981
0.35816
0.316846
0.262578
0.197253
0.122954
0.0433804
-0.0380794
-0.117119
-0.190345
-0.254017
-0.306
-0.344435
-0.370031
-0.384437
-0.392782
-0.400102
-0.414435
-0.473911
-0.428456
-0.537347
-1.50072
1.84065
0.419188
0.425567
0.466819
0.396061
0.386021
0.377014
0.367046
0.351108
0.324815
0.287269
0.237982
0.178786
0.111478
0.0394758
-0.0342469
-0.105746
-0.172042
-0.229678
-0.276792
-0.311553
-0.334658
-0.34742
-0.354677
-0.361715
-0.370564
-0.440747
-0.399338
-0.393034
-1.81448
2.16486
0.241382
0.408128
0.429347
0.352103
0.348983
0.340103
0.33164
0.317523
0.293833
0.25996
0.215372
0.161868
0.100984
0.035909
-0.0307501
-0.0953504
-0.155281
-0.207317
-0.249844
-0.281035
-0.301588
-0.312499
-0.31815
-0.32493
-0.326737
-0.403314
-0.381887
-0.215216
-2.13868
2.49218
0.0359751
0.404357
0.386573
0.309362
0.313695
0.304861
0.298354
0.286179
0.265114
0.234786
0.194613
0.146382
0.0913945
0.0326528
-0.0275612
-0.085855
-0.139946
-0.186797
-0.225024
-0.252781
-0.270773
-0.279725
-0.283328
-0.289928
-0.284151
-0.360596
-0.378108
-0.00979379
-2.466
2.8154
-0.189925
0.41492
0.337719
0.269064
0.280173
0.271404
0.267207
0.257017
0.238558
0.211623
0.175577
0.132221
0.0826375
0.0296822
-0.0246552
-0.0771879
-0.125929
-0.16799
-0.202204
-0.226686
-0.24215
-0.249116
-0.250327
-0.256729
-0.24404
-0.311817
-0.388671
0.216124
-2.7892
3.12777
-0.428554
0.43919
0.282417
0.232373
0.248291
0.239846
0.238187
0.229969
0.214059
0.19035
0.158146
0.119287
0.0746479
0.0269749
-0.022009
-0.0692836
-0.113131
-0.150778
-0.181264
-0.202645
-0.21565
-0.22066
-0.219263
-0.225211
-0.207569
-0.256616
-0.412955
0.454768
-3.10156
3.42333
-0.672047
0.475414
0.220817
0.200281
0.217821
0.21031
0.21125
0.20496
0.191515
0.170852
0.142207
0.107489
0.0673661
0.0245103
-0.0196019
-0.0620819
-0.101461
-0.135047
-0.162086
-0.18055
-0.191197
-0.194312
-0.190259
-0.195148
-0.175739
-0.195147
-0.449212
0.698271
-3.3971
3.69715
-0.912951
0.520984
0.153621
0.173528
0.188473
0.182925
0.186325
0.181917
0.170821
0.153019
0.127658
0.0967414
0.0607371
0.0222695
-0.0174147
-0.0555279
-0.0908343
-0.120694
-0.144558
-0.160295
-0.16871
-0.169996
-0.163445
-0.166254
-0.149292
-0.128119
-0.494839
0.939175
-3.6709
3.94541
-1.14464
0.572757
0.0820483
0.15253
0.159953
0.157818
0.163315
0.160764
0.151874
0.136746
0.114401
0.0869676
0.0547104
0.0202352
-0.01543
-0.0495709
-0.0811727
-0.107619
-0.128575
-0.141774
-0.148113
-0.147613
-0.138947
-0.138237
-0.12865
-0.0567544
-0.5467
1.17085
-3.91914
4.16549
-1.36161
0.627394
0.0077293
0.137353
0.132006
0.135105
0.142101
0.141428
0.134571
0.121934
0.102343
0.0780951
0.0492394
0.0183916
-0.0136317
-0.0441641
-0.0724042
-0.0957317
-0.114037
-0.124879
-0.129326
-0.127039
-0.116877
-0.110842
-0.113882
0.0173092
-0.601462
1.38778
-4.13921
4.35586
-1.55964
0.681668
-0.067434
0.127719
0.104458
0.114872
0.122551
0.123839
0.118808
0.108489
0.0913974
0.0700566
0.0442809
0.016724
-0.0120052
-0.0392644
-0.0644616
-0.0849445
-0.100848
-0.109506
-0.112277
-0.108139
-0.0973202
-0.0838952
-0.104714
0.0921653
-0.655906
1.58575
-4.32959
4.516
-1.73581
0.732721
-0.141437
0.123047
0.0772426
0.0971668
0.10453
0.10793
0.104483
0.0963228
0.0814838
0.0627898
0.0397951
0.0152188
-0.0105369
-0.034832
-0.0572827
-0.0751764
-0.0889195
-0.0955511
-0.0968914
-0.090768
-0.0803174
-0.057329
-0.100567
0.165805
-0.707177
1.76182
-4.48976
4.64623
-1.88846
0.778232
-0.212339
0.12252
0.0504096
0.0819814
0.087901
0.0936323
0.0914978
0.0853498
0.0725252
0.0562365
0.035745
0.0138636
-0.00921419
-0.0308299
-0.0508095
-0.0663509
-0.0781656
-0.0829116
-0.0830981
-0.0747864
-0.0658558
-0.0311904
-0.100624
0.236282
-0.752964
1.91432
-4.62005
4.74753
-2.017
0.816517
-0.278406
0.125169
0.0241221
0.0692489
0.0725422
0.0808783
0.0797536
0.0754904
0.0644492
0.0503426
0.032096
0.0126467
-0.00802553
-0.0272238
-0.0449883
-0.0583961
-0.0685068
-0.0714887
-0.0708246
-0.0600639
-0.0538611
-0.00563743
-0.103918
0.301862
-0.791588
2.04267
-4.72144
4.82136
-2.12174
0.846542
-0.338223
0.12997
-0.00136505
0.0588401
0.0583464
0.0695969
0.0691566
0.0666686
0.0571875
0.0450574
0.0288163
0.0115572
-0.00696021
-0.0239819
-0.0397686
-0.0512443
-0.0598675
-0.0611874
-0.0599964
-0.0464869
-0.0441965
0.0190813
-0.109422
0.361127
-0.822019
2.14717
-4.7954
4.86952
-2.20367
0.867873
-0.390758
0.135922
-0.0257345
0.0505687
0.0452281
0.0597122
0.0596168
0.0588121
0.0506762
0.0403337
0.025876
0.0105851
-0.00600825
-0.0210745
-0.0351036
-0.044832
-0.0521758
-0.0519173
-0.0505347
-0.0339638
-0.036667
0.0426561
-0.11613
0.413044
-0.843827
2.22879
-4.84375
4.894
-2.26425
0.880583
-0.435382
0.142125
-0.048641
0.0442012
0.0331251
0.0511425
0.0510497
0.0518515
0.0448547
0.0361271
0.0232473
0.00972108
-0.0051604
-0.0184742
-0.0309492
-0.0390995
-0.0453635
-0.043594
-0.0423552
-0.0224261
-0.0310302
0.0647511
-0.123136
0.456988
-0.85709
2.289
-4.86848
4.8969
-2.30523
0.885141
-0.47186
0.147825
-0.069747
0.0394707
0.0219975
0.0437988
0.0433767
0.0457205
0.0396665
0.0323962
0.0209045
0.00895621
-0.00440801
-0.0161552
-0.0272645
-0.0339908
-0.0393651
-0.0361395
-0.0353679
-0.0118291
-0.0270104
0.0850389
-0.12968
0.492726
-0.862276
2.32954
-4.8717
4.88032
-2.32851
0.882287
-0.500292
0.152452
-0.0887541
0.0360928
0.0118247
0.0375855
0.0365254
0.0403549
0.0350585
0.0291018
0.0188233
0.00828228
-0.00374304
-0.0140936
-0.0240107
-0.0294537
-0.0341178
-0.0294828
-0.0294767
-0.00214798
-0.0243149
0.103232
-0.13518
0.520366
-0.860124
2.35231
-4.85551
4.84633
-2.33602
0.872921
-0.52106
0.15562
-0.105427
0.0337824
0.00260096
0.0324012
0.0304306
0.0356927
0.0309814
0.0262072
0.0169813
0.00769153
-0.00315792
-0.0122673
-0.0211514
-0.0254397
-0.0295608
-0.02356
-0.0245806
0.00662579
-0.0226511
0.119106
-0.139241
0.540295
-0.851531
2.35924
-4.822
4.79693
-2.32967
0.858014
-0.534744
0.157122
-0.11961
0.0322685
-0.00567036
0.0281402
0.0250333
0.0316737
0.0273889
0.0236778
0.0153576
0.00717668
-0.00264559
-0.0106557
-0.0186525
-0.0219032
-0.0256354
-0.0183142
-0.0205749
0.0144905
-0.0217415
0.132517
-0.141641
0.553106
-0.837463
2.35224
-4.77315
4.73403
-2.31129
0.838536
-0.542058
0.156906
-0.131232
0.0313066
-0.0129831
0.0246948
0.0202808
0.0282398
0.0242386
0.0214809
0.0139326
0.00673085
-0.00219941
-0.00923934
-0.0164818
-0.0188024
-0.0222846
-0.0136947
-0.0173541
0.0214404
-0.0213369
0.143402
-0.142317
0.559524
-0.81888
2.33314
-4.71088
4.65941
-2.28259
0.815407
-0.543781
0.155044
-0.140306
0.0306875
-0.0193337
0.0219579
0.0161262
0.0253342
0.0214907
0.0195858
0.0126883
0.00634758
-0.00181314
-0.00800055
-0.0146087
-0.0160983
-0.019453
-0.00965656
-0.0148135
0.0274708
-0.0212246
0.151785
-0.141327
0.560341
-0.796691
2.30366
-4.63697
4.57473
-2.24516
0.78947
-0.540707
0.151699
-0.14692
0.0302415
-0.0247259
0.0198257
0.012527
0.0229027
0.0191088
0.0179633
0.0116079
0.00602076
-0.00148091
-0.00692269
-0.0130045
-0.013755
-0.0170875
-0.00615957
-0.012852
0.0325836
-0.0212337
0.15776
-0.138822
0.556365
-0.771729
2.2654
-4.55308
4.48152
-2.20047
0.76148
-0.533606
0.147091
-0.151224
0.0298405
-0.0291745
0.0181999
0.00944462
0.0208927
0.0170591
0.0165859
0.0106756
0.00574458
-0.00119718
-0.00599043
-0.011642
-0.0117394
-0.0151367
-0.00316711
-0.0113745
0.0367904
-0.0212361
0.161482
-0.13501
0.54838
-0.744732
2.21983
-4.46074
4.38118
-2.14983
0.732095
-0.5232
0.14147
-0.153418
0.0293953
-0.0327067
0.0169898
0.00684303
0.0192545
0.0153105
0.0154278
0.00987695
0.00551363
-0.000956744
-0.00518952
-0.0104958
-0.0100206
-0.0135516
-0.000645122
-0.0102933
0.040115
-0.0211445
0.163152
-0.130133
0.537121
-0.716344
2.16829
-4.36131
4.27495
-2.09444
0.701881
-0.510142
0.135093
-0.153728
0.0288519
-0.0353633
0.0161139
0.00468817
0.0179408
0.013834
0.0144646
0.00919853
0.00532277
-0.000754735
-0.00450674
-0.00954174
-0.00857035
-0.0122859
0.00143881
-0.00952992
0.042594
-0.0209078
0.163
-0.12444
0.523254
-0.687117
2.11198
-4.25604
4.16393
-2.03534
0.67132
-0.495015
0.128204
-0.152402
0.028185
-0.0371976
0.0155008
0.00294696
0.0169073
0.0126031
0.0136734
0.00862783
0.00516721
-0.000586574
-0.00392988
-0.00875724
-0.00736229
-0.0112958
0.00311631
-0.00901575
0.0442766
-0.0205049
0.161269
-0.118172
0.507371
-0.657514
2.05196
-4.14602
4.04911
-1.97347
0.64081
-0.478329
0.121026
-0.149688
0.0273924
-0.0382737
0.0150895
0.00158678
0.0161131
0.0115929
0.0130329
0.0081533
0.00504242
-0.00044797
-0.00344761
-0.00812124
-0.00637193
-0.0105411
0.0044188
-0.00869218
0.0452227
-0.0199384
0.158206
-0.11155
0.489991
-0.627924
1.98918
-4.03221
3.93132
-1.90962
0.610679
-0.460523
0.113751
-0.145831
0.0264883
-0.0386644
0.0148291
0.000574898
0.0155204
0.0107801
0.0125232
0.00776424
0.00494419
-0.000334938
-0.00304948
-0.00761405
-0.00557641
-0.0099843
0.005378
-0.00851051
0.0455012
-0.0192273
0.15405
-0.104765
0.471554
-0.598662
1.92445
-3.91542
3.81127
-1.84445
0.581187
-0.441967
0.10654
-0.141058
0.025497
-0.038448
0.0146785
-0.00012146
0.015095
0.0101432
0.0121258
0.00745071
0.0048686
-0.000243775
-0.0027258
-0.00721751
-0.00495433
-0.00959168
0.00602592
-0.00843122
0.0451871
-0.0184012
0.149024
-0.0979832
0.452437
-0.569979
1.85844
-3.79637
3.68957
-1.77854
0.552535
-0.422973
0.0995209
-0.13558
0.0244485
-0.0377063
0.0146048
-0.000535374
0.0148062
0.00966164
0.0118237
0.00720353
0.00481205
-0.000171073
-0.0024676
-0.00691488
-0.00448557
-0.00933273
0.00639504
-0.00842299
0.044359
-0.0174947
0.143332
-0.0913352
0.432948
-0.542071
1.79174
-3.67563
3.56672
-1.71235
0.52487
-0.4038
0.0927907
-0.129584
0.0233738
-0.0365211
0.014583
-0.000700011
0.0146265
0.00931641
0.0116014
0.00701422
0.00477121
-0.000113704
-0.00226659
-0.00669081
-0.00415122
-0.00918039
0.00651806
-0.0084617
0.0430964
-0.0165433
0.137155
-0.0849242
0.413344
-0.51508
1.72482
-3.55369
3.44313
-1.64625
0.49829
-0.384658
0.0864187
-0.123235
0.0223024
-0.0349727
0.014594
-0.000648305
0.014532
0.00908942
0.0114448
0.0068749
0.00474305
-6.88317e-05
-0.00211511
-0.00653137
-0.00393346
-0.00911081
0.00642757
-0.00852904
0.0414775
-0.0155801
0.130652
-0.0788256
0.393829
-0.489106
1.65805
-3.43096
3.31912
-1.58053
0.472855
-0.365712
0.0804496
-0.116673
0.0212595
-0.0331372
0.0146236
-0.000412638
0.0145017
0.00896367
0.0113412
0.00677832
0.00472484
-3.38941e-05
-0.0020061
-0.00642406
-0.00381552
-0.00910328
0.00615569
-0.00861147
0.0395769
-0.0146337
0.123959
-0.0730906
0.374564
-0.464211
1.59173
-3.30776
3.19496
-1.5154
0.448589
-0.347096
0.0749074
-0.110017
0.0202657
-0.0310859
0.0146616
-2.45801e-05
0.0145176
0.00892322
0.011279
0.00671781
0.00471416
-6.62568e-06
-0.00193305
-0.00635763
-0.00378165
-0.00914001
0.00573378
-0.00869904
0.0374649
-0.0137267
0.117188
-0.0677495
0.355675
-0.440419
1.52607
-3.18433
3.07084
-1.45104
0.425484
-0.328907
0.0697991
-0.103363
0.0193353
-0.0288835
0.0147003
0.000485745
0.0145644
0.00895317
0.0112483
0.00668722
0.00470885
1.49716e-05
-0.00188999
-0.00632218
-0.00381715
-0.00920583
0.00519178
-0.00878443
0.0352054
-0.0128757
0.110434
-0.0628148
0.337253
-0.417731
1.46123
-3.06088
2.94692
-1.38755
0.403511
-0.311217
0.0651175
-0.0967928
0.0184772
-0.0265881
0.0147342
0.00108985
0.0146293
0.00903963
0.0112402
0.00668099
0.004707
3.26769e-05
-0.00187149
-0.00630906
-0.00390833
-0.00928802
0.00455801
-0.00886214
0.0328559
-0.0120909
0.103773
-0.0582845
0.319363
-0.396122
1.39732
-2.93755
2.8233
-1.32498
0.38262
-0.294077
0.0608445
-0.090368
0.0176948
-0.0242506
0.0147587
0.00176123
0.0147015
0.00916988
0.011247
0.00669403
0.004707
4.79563e-05
-0.0018726
-0.00631076
-0.00404261
-0.00937609
0.00385884
-0.00892793
0.0304671
-0.0113768
0.097266
-0.0541445
0.30205
-0.375547
1.33439
-2.81446
2.70005
-1.26339
0.362746
-0.277515
0.0569535
-0.0841378
0.0169866
-0.021915
0.0147702
0.00247577
0.0147722
0.00933229
0.0112623
0.00672178
0.00470752
6.20405e-05
-0.00188891
-0.00632095
-0.00420855
-0.00946141
0.00311824
-0.00897824
0.0280827
-0.0107325
0.0909599
-0.0503717
0.285338
-0.355946
1.27248
-2.69167
2.57721
-1.20275
0.34381
-0.261547
0.0534118
-0.0781394
0.0163474
-0.0196183
0.0147656
0.0032118
0.0148345
0.00951642
0.0112808
0.00676016
0.00470746
7.59242e-05
-0.00191643
-0.00633439
-0.00439584
-0.00953717
0.00235771
-0.00901002
0.0257394
-0.0101531
0.0848904
-0.0469358
0.269236
-0.337248
1.21157
-2.56923
2.45479
-1.14304
0.325728
-0.246173
0.0501818
-0.0723996
0.0157683
-0.0173911
0.014742
0.00395033
0.0148829
0.00971303
0.0112979
0.00680564
0.00470595
9.03838e-05
-0.00195175
-0.00634681
-0.0045954
-0.00959812
0.00159611
-0.00902048
0.0234678
-0.00963023
0.0790836
-0.0438012
0.253744
-0.319371
1.15163
-2.44716
2.33279
-1.08423
0.308405
-0.231387
0.0472232
-0.0669372
0.0152385
-0.0152579
0.0146965
0.00467515
0.0149135
0.0099142
0.0113104
0.00685518
0.00470235
0.00010597
-0.0019919
-0.00635493
-0.00479944
-0.00964037
0.000849495
-0.00900707
0.0212924
-0.00915313
0.0735577
-0.0409289
0.238849
-0.302224
1.09262
-2.32547
2.21119
-1.02625
0.291745
-0.217171
0.0444937
-0.0617642
0.0147453
-0.013238
0.014627
0.0053728
0.0149235
0.0101133
0.0113158
0.00690623
0.00469624
0.000123043
-0.00203443
-0.00635641
-0.0050014
-0.00966141
0.000131188
-0.00896757
0.0192323
-0.00870933
0.0683242
-0.0382776
0.224534
-0.285715
1.03445
-2.20413
2.08996
-0.969023
0.275647
-0.203505
0.0419503
-0.0568871
0.0142753
-0.0113455
0.0145314
0.00603257
0.0149116
0.0103049
0.0113124
0.00695679
0.00468738
0.000141765
-0.0020774
-0.00634974
-0.00519607
-0.00965993
-0.000548259
-0.00890015
0.0173014
-0.00828555
0.0633894
-0.0358048
0.210776
-0.269746
0.977066
-2.08312
1.96907
-0.912478
0.260011
-0.190364
0.0395499
-0.0523082
0.0138151
-0.00959005
0.0144084
0.00664658
0.0148773
0.0104851
0.0112997
0.00700534
0.00467575
0.000162117
-0.00211936
-0.00633428
-0.00537958
-0.00963575
-0.00118109
-0.00880357
0.0155095
-0.00786849
0.0587556
-0.033468
0.197549
-0.254217
0.920377
-1.96242
1.84848
-0.856534
0.244735
-0.177722
0.0372506
-0.0480267
0.013352
-0.00797759
0.0142573
0.00720953
0.0148216
0.0106512
0.0112775
0.00705089
0.00466147
0.000183916
-0.00215935
-0.00631019
-0.00554935
-0.00958987
-0.00176213
-0.00867742
0.0138623
-0.00744537
0.0544216
-0.0312253
0.184826
-0.239029
0.864303
-1.84199
1.72815
-0.801113
0.229722
-0.165554
0.0350116
-0.0440393
0.0128741
-0.00651028
0.0140787
0.00771868
0.0147466
0.010802
0.0112469
0.00709296
0.00464486
0.000206818
-0.00219698
-0.00627837
-0.00570418
-0.00952446
-0.00228879
-0.00852228
0.0123618
-0.00700458
0.0503842
-0.0290362
0.172582
-0.224086
0.808762
-1.72179
1.60805
-0.746146
0.214876
-0.153837
0.0327947
-0.040341
0.0123715
-0.00518718
0.0138741
0.00817388
0.0146553
0.0109375
0.0112094
0.00713159
0.00462639
0.000230311
-0.0022323
-0.00624052
-0.00584423
-0.00944276
-0.00276101
-0.00834003
0.0110069
-0.00653628
0.0466384
-0.0268626
0.160792
-0.209292
0.753686
-1.6018
1.48818
-0.691581
0.200108
-0.142553
0.0305648
-0.0369262
0.0118366
-0.00400447
0.0136471
0.00857729
0.0145522
0.0110591
0.0111674
0.00716732
0.00460668
0.00025374
-0.00226588
-0.00619909
-0.0059709
-0.00934925
-0.00318105
-0.0081341
0.00979385
-0.0060329
0.0431782
-0.0246696
0.14944
-0.19456
0.699017
-1.48201
1.36855
-0.637387
0.185339
-0.131694
0.0282908
-0.0337884
0.0112644
-0.00295568
0.0134025
0.00893336
0.0144429
0.0111695
0.0111241
0.00720124
0.00458645
0.000276365
-0.00229887
-0.00615721
-0.00608694
-0.00924968
-0.00355347
-0.00790968
0.00871597
-0.00548974
0.0399974
-0.0224262
0.138514
-0.179811
0.644726
-1.36245
1.24921
-0.583574
0.170504
-0.121259
0.0259472
-0.0309219
0.0106536
-0.00203186
0.0131475
0.00924881
0.0143343
0.0112726
0.0110831
0.00723494
0.00456661
0.000297244
-0.00233286
-0.00611873
-0.00619645
-0.00915103
-0.00388506
-0.00767402
0.00776422
-0.00490548
0.0370899
-0.0201072
0.128016
-0.164982
0.590821
-1.24315
1.13027
-0.530204
0.155556
-0.111266
0.0235153
-0.0283211
0.0100066
-0.00122172
0.0128916
0.00953246
0.0142347
0.0113738
0.0110492
0.00727045
0.00454819
0.000315324
-0.00236993
-0.0060883
-0.00630468
-0.00906166
-0.00418474
-0.00743667
0.00692724
-0.0042828
0.0344503
-0.0176942
0.117963
-0.150025
0.537364
-1.12424
1.01194
-0.477421
0.140477
-0.101749
0.0209854
-0.025982
0.00933069
-0.000511677
0.0126466
0.00979527
0.0141537
0.0114794
0.0110276
0.00731035
0.00453235
0.00032942
-0.00241268
-0.00607126
-0.00641814
-0.00899131
-0.00446352
-0.00720971
0.00619136
-0.00362911
0.0320744
-0.0151779
0.108388
-0.134924
0.484498
-1.00592
0.894565
-0.425478
0.125285
-0.0927669
0.0183584
-0.0239014
0.00863826
0.000114199
0.0124274
0.0100502
0.0141026
0.0115973
0.0110243
0.0073577
0.00452037
0.000338224
-0.00246419
-0.00607364
-0.00654465
-0.0089512
-0.00473446
-0.00700798
0.00554059
-0.00295708
0.029959
-0.0125598
0.0993523
-0.119699
0.432479
-0.888543
0.778681
-0.374789
0.11005
-0.0844094
0.0156486
-0.0220771
0.00794774
0.000674341
0.0122516
0.0103124
0.0140939
0.0117363
0.0110461
0.00741603
0.00451368
0.000340286
-0.00252804
-0.00610226
-0.00669313
-0.00895409
-0.00501269
-0.00684936
0.00495645
-0.00228536
0.0281021
-0.0098547
0.0909442
-0.10442
0.381721
-0.77264
0.665132
-0.325993
0.0949049
-0.0767984
0.0128858
-0.0205079
0.00728424
0.0011898
0.0121403
0.0105989
0.014142
0.0119065
0.0111006
0.00748933
0.00451381
0.000334047
-0.00260823
-0.0061647
-0.00687368
-0.0090143
-0.00531535
-0.00675491
0.00441783
-0.00163936
0.0265023
-0.00709339
0.0832868
-0.0892233
0.332864
-0.659059
0.555201
-0.280032
0.0800705
-0.0700898
0.0101184
-0.0191913
0.00667962
0.00168395
0.012117
0.0109281
0.0142621
0.0121186
0.0111954
0.00758184
0.00452234
0.000317894
-0.00270903
-0.00626878
-0.00709705
-0.00914713
-0.00566076
-0.00674836
0.00390132
-0.00105122
0.0251573
-0.00432511
0.0765371
-0.0743319
0.286854
-0.549084
0.45075
-0.238143
0.0658116
-0.0644438
0.00740035
-0.0181157
0.00616862
0.00218465
0.0122067
0.0113203
0.0144701
0.0123844
0.011339
0.00769832
0.00454092
0.000290201
-0.00283519
-0.00642285
-0.00737509
-0.00936861
-0.00606946
-0.00685469
0.00337905
-0.000555939
0.0240555
-0.00160474
0.0708559
-0.0600134
0.244932
-0.444577
0.354212
-0.201874
0.0522467
-0.0599712
0.00474906
-0.0172422
0.00578718
0.00273852
0.0124448
0.0118107
0.0147924
0.0127256
0.0115459
0.00784786
0.00457217
0.000248141
-0.00299601
-0.00664164
-0.00772961
-0.00970513
-0.00657679
-0.00710966
0.00280407
-0.000189764
0.0231577
0.00104952
0.0663545
-0.0463887
0.20865
-0.347973
0.270055
-0.175118
0.0400288
-0.057117
0.0023302
-0.0165947
0.00564225
0.0033977
0.0129118
0.0124512
0.0152817
0.0131758
0.0118435
0.00804396
0.00462176
0.000185375
-0.00320568
-0.00695327
-0.0081951
-0.0102105
-0.00723545
-0.00759473
0.00212336
-6.12017e-05
0.0224869
0.0034696
0.0634792
-0.0341148
0.181911
-0.263738
0.212988
-0.169828
0.0355753
-0.0583133
0.00166352
-0.0167504
0.00606971
0.00392412
0.0136186
0.0130801
0.0158716
0.0136239
0.0121773
0.00823408
0.00468361
0.000109858
-0.00340975
-0.00730178
-0.00865868
-0.0108173
-0.00788195
-0.00832118
0.00157781
-0.000509251
0.0226267
0.00412441
0.0646751
-0.0296361
0.176678
-0.206594
0.000944672
-0.0556538
-0.0299334
0.177819
0.45338
0.699228
0.913485
1.11036
1.27893
1.38524
1.39132
1.27181
1.02328
0.66434
0.232005
-0.225605
-0.656255
-1.01207
-1.25658
-1.37196
-1.36248
-1.25394
-1.08432
-0.887211
-0.673098
-0.427418
-0.151887
0.0559866
0.0819938
0.0254036
-0.0094416
-0.0655237
0.0111835
0.257969
0.525676
0.744843
0.933353
1.10431
1.24404
1.32168
1.30627
1.17916
0.940208
0.606971
0.211607
-0.205046
-0.598864
-0.929203
-1.16436
-1.28747
-1.29944
-1.21942
-1.07845
-0.90711
-0.718675
-0.49968
-0.232039
0.0148209
0.0917904
0.0358187
-0.0226531
-0.0655444
0.0661916
0.335773
0.583094
0.77373
0.93709
1.0822
1.19421
1.24626
1.21374
1.08324
0.856733
0.550299
0.191608
-0.18491
-0.542181
-0.845929
-1.06886
-1.19548
-1.22455
-1.16999
-1.05656
-0.910914
-0.74754
-0.55706
-0.309826
-0.0401983
0.0917638
0.0490287
-0.0382501
-0.0532658
0.131963
0.408446
0.628475
0.792046
0.9325
1.05424
1.14244
1.17394
1.12902
0.997948
0.783867
0.501365
0.174418
-0.167636
-0.493268
-0.773265
-0.983954
-1.11128
-1.15274
-1.11862
-1.02884
-0.906416
-0.765854
-0.602408
-0.382477
-0.105967
0.0794539
0.0646144
-0.0550864
-0.0263276
0.206962
0.475866
0.664559
0.802621
0.92159
1.02174
1.08899
1.10343
1.04923
0.91939
0.71771
0.457311
0.158995
-0.152164
-0.449259
-0.707313
-0.905772
-1.03198
-1.08272
-1.06557
-0.996596
-0.895617
-0.776442
-0.638464
-0.449869
-0.180956
0.0524916
0.0814337
-0.0709291
0.0172661
0.287753
0.535457
0.691226
0.805754
0.90459
0.98495
1.03386
1.03421
0.973303
0.84613
0.656819
0.41708
0.144956
-0.138103
-0.409087
-0.646625
-0.832872
-0.956514
-1.01398
-1.01084
-0.960065
-0.878745
-0.779601
-0.665107
-0.509429
-0.261733
0.0088753
0.0972559
-0.0826006
0.0782386
0.369811
0.584829
0.708515
0.801797
0.88198
0.944539
0.977714
0.96672
0.90133
0.777979
0.600865
0.380381
0.132189
-0.125334
-0.372461
-0.590872
-0.765067
-0.88499
-0.946962
-0.955088
-0.919926
-0.856275
-0.775683
-0.682377
-0.558768
-0.343775
-0.0521206
0.1089
-0.086116
0.155684
0.448253
0.622572
0.717005
0.79132
0.854422
0.901297
0.921241
0.901362
0.833362
0.714707
0.549496
0.346917
0.120579
-0.11374
-0.339079
-0.539703
-0.702128
-0.817456
-0.882061
-0.89901
-0.876962
-0.828869
-0.765254
-0.690852
-0.596478
-0.422199
-0.12959
0.112377
-0.0768668
0.246945
0.518309
0.648224
0.717518
0.774919
0.822612
0.855958
0.865001
0.838388
0.76933
0.656006
0.502326
0.316377
0.110011
-0.103203
-0.30863
-0.49273
-0.64375
-0.753844
-0.819534
-0.843163
-0.831905
-0.797219
-0.748909
-0.691355
-0.622096
-0.492232
-0.220871
0.103076
-0.0498923
0.347629
0.575768
0.662174
0.710947
0.753183
0.787257
0.809198
0.809467
0.777981
0.70913
0.60158
0.458997
0.288484
0.10038
-0.0936146
-0.280833
-0.449597
-0.589639
-0.694053
-0.759568
-0.788022
-0.785434
-0.762032
-0.727237
-0.684779
-0.636013
-0.549664
-0.321566
0.0760365
-0.000225919
0.451796
0.617408
0.665534
0.698152
0.726713
0.749069
0.761639
0.755038
0.720271
0.652643
0.551151
0.419191
0.262991
0.0915975
-0.084883
-0.255442
-0.409985
-0.539516
-0.637967
-0.702293
-0.733987
-0.738169
-0.724019
-0.700837
-0.671982
-0.639342
-0.591272
-0.425732
0.0262933
0.0767154
0.552321
0.641335
0.659929
0.679888
0.696129
0.708751
0.713833
0.702046
0.665339
0.599738
0.504454
0.382617
0.23968
0.0835817
-0.0769257
-0.232236
-0.373605
-0.493119
-0.585456
-0.647795
-0.681394
-0.690667
-0.683886
-0.67033
-0.65372
-0.633707
-0.615163
-0.52624
-0.050732
0.184736
0.641397
0.647186
0.647241
0.65677
0.662083
0.666979
0.666269
0.650759
0.613229
0.550272
0.461241
0.349013
0.218354
0.0762613
-0.0696696
-0.211018
-0.340191
-0.450202
-0.53638
-0.596118
-0.63051
-0.643414
-0.642308
-0.636369
-0.63061
-0.620991
-0.620976
-0.615281
-0.158839
0.326501
0.711134
0.636181
0.629338
0.62928
0.625267
0.624379
0.619361
0.601387
0.563948
0.504097
0.421279
0.318138
0.198837
0.0695728
-0.0630493
-0.191611
-0.309504
-0.41053
-0.49059
-0.547272
-0.58155
-0.59683
-0.599913
-0.599647
-0.603133
-0.603063
-0.609933
-0.684963
-0.300684
0.503241
0.754197
0.611002
0.607831
0.597805
0.586407
0.581513
0.573461
0.554091
0.517477
0.461061
0.384347
0.289773
0.180972
0.0634593
-0.057007
-0.173856
-0.281325
-0.373884
-0.447937
-0.501238
-0.534676
-0.551268
-0.557267
-0.560892
-0.571676
-0.581532
-0.584719
-0.727957
-0.477495
0.714565
0.764426
0.575522
0.58388
0.562708
0.546248
0.53887
0.528859
0.508987
0.473774
0.421013
0.350242
0.263721
0.164617
0.05787
-0.0514907
-0.157611
-0.255454
-0.340059
-0.408269
-0.457977
-0.490005
-0.507021
-0.514859
-0.520851
-0.536606
-0.557559
-0.549207
-0.738102
-0.688875
0.958397
0.737349
0.534412
0.558082
0.524405
0.505528
0.496855
0.485792
0.466152
0.43278
0.383801
0.318771
0.239799
0.149644
0.0527592
-0.0464537
-0.142747
-0.23171
-0.308863
-0.371435
-0.417429
-0.447617
-0.464328
-0.4731
-0.480265
-0.498341
-0.531741
-0.50807
-0.710936
-0.932742
1.23104
0.670571
0.492671
0.53045
0.483434
0.464941
0.455793
0.44445
0.425632
0.394422
0.349278
0.289755
0.217842
0.135938
0.0480862
-0.0418545
-0.129148
-0.209927
-0.280117
-0.337285
-0.379521
-0.407557
-0.423381
-0.432317
-0.439832
-0.45742
-0.504092
-0.466308
-0.644065
-1.2054
1.52736
0.563962
0.455138
0.500478
0.440507
0.425097
0.415936
0.404984
0.387439
0.358615
0.317298
0.263027
0.197699
0.123395
0.0438142
-0.0376555
-0.116709
-0.189953
-0.253652
-0.305675
-0.344168
-0.369841
-0.384334
-0.392766
-0.400165
-0.41456
-0.474108
-0.42876
-0.537365
-1.50171
1.84112
0.419655
0.426034
0.467285
0.396527
0.386486
0.377478
0.367507
0.351566
0.325269
0.287721
0.238431
0.179232
0.111919
0.0399098
-0.0338227
-0.105335
-0.171649
-0.229311
-0.276464
-0.31128
-0.334458
-0.347302
-0.354642
-0.361757
-0.370667
-0.440912
-0.399646
-0.392974
-1.81543
2.16532
0.24185
0.408596
0.429814
0.35257
0.349448
0.340566
0.332101
0.31798
0.294287
0.260411
0.215821
0.162313
0.101425
0.0363431
-0.0303257
-0.0949391
-0.154888
-0.206949
-0.249512
-0.280757
-0.301378
-0.312366
-0.318097
-0.324953
-0.326822
-0.403447
-0.382202
-0.215096
-2.13957
2.49265
0.0364427
0.404825
0.38704
0.309829
0.314161
0.305325
0.298815
0.286636
0.265569
0.235238
0.195062
0.146827
0.0918355
0.0330869
-0.0271367
-0.0854435
-0.139552
-0.186428
-0.22469
-0.252497
-0.270553
-0.279579
-0.283258
-0.289932
-0.284222
-0.360697
-0.378431
-0.00963044
-2.46681
2.81587
-0.189458
0.415388
0.338186
0.269531
0.280639
0.271868
0.267667
0.257474
0.239011
0.212074
0.176026
0.132667
0.0830785
0.0301164
-0.0242305
-0.0767763
-0.125535
-0.16762
-0.201868
-0.226397
-0.241922
-0.248957
-0.250241
-0.256714
-0.244099
-0.311888
-0.389002
0.216311
-2.78993
3.12824
-0.428086
0.439657
0.282884
0.23284
0.248757
0.24031
0.238647
0.230425
0.214512
0.190801
0.158594
0.119733
0.0750889
0.0274091
-0.0215843
-0.0688718
-0.112737
-0.150407
-0.180926
-0.202351
-0.215413
-0.220489
-0.219162
-0.225179
-0.207619
-0.256657
-0.413289
0.454962
-3.10219
3.4238
-0.671579
0.475881
0.221284
0.200748
0.218286
0.210773
0.21171
0.205416
0.191968
0.171302
0.142656
0.107934
0.067807
0.0249445
-0.0191772
-0.0616701
-0.101067
-0.134676
-0.161746
-0.180252
-0.190952
-0.194129
-0.190145
-0.195099
-0.175782
-0.195162
-0.449543
0.698455
-3.39762
3.69761
-0.912484
0.521451
0.154089
0.173995
0.188939
0.183388
0.186785
0.182372
0.171274
0.153469
0.128107
0.0971866
0.0611779
0.0227036
-0.0169901
-0.0551162
-0.0904398
-0.120322
-0.144217
-0.159993
-0.168458
-0.169803
-0.163318
-0.166189
-0.149329
-0.128112
-0.495161
0.939337
-3.67131
3.94588
-1.14417
0.573224
0.0825156
0.152996
0.160418
0.15828
0.163773
0.161218
0.152326
0.137195
0.114849
0.0874127
0.055151
0.0206691
-0.0150056
-0.0491593
-0.0807783
-0.107247
-0.128233
-0.141468
-0.147854
-0.147409
-0.138809
-0.138157
-0.128682
-0.0567296
-0.547005
1.17098
-3.91944
4.16595
-1.36115
0.627861
0.0081964
0.137819
0.132471
0.135566
0.142559
0.141882
0.135022
0.122383
0.10279
0.0785399
0.0496798
0.0188253
-0.0132076
-0.0437528
-0.07201
-0.0953596
-0.113693
-0.124571
-0.129062
-0.126827
-0.11673
-0.110747
-0.113909
0.0173474
-0.601745
1.38787
-4.13941
4.35632
-1.55917
0.682135
-0.0669672
0.128185
0.104922
0.115333
0.123008
0.124293
0.119259
0.108939
0.0918447
0.0705012
0.044721
0.0171574
-0.0115814
-0.0388534
-0.0640678
-0.0845725
-0.100504
-0.109195
-0.112008
-0.107918
-0.0971651
-0.0837877
-0.104736
0.092212
-0.65616
1.58579
-4.32969
4.51647
-1.73535
0.733187
-0.140971
0.123513
0.0777055
0.0976265
0.104986
0.108383
0.104934
0.0967717
0.0819309
0.0632341
0.0402349
0.0156519
-0.0101135
-0.0344215
-0.0568893
-0.0748047
-0.0885749
-0.0952385
-0.096619
-0.0905407
-0.0801556
-0.0572096
-0.100583
0.165856
-0.7074
1.76182
-4.48977
4.6467
-1.88799
0.778698
-0.211873
0.122984
0.0508716
0.0824401
0.0883561
0.0940845
0.0919479
0.0857984
0.072972
0.0566804
0.0361843
0.0142962
-0.00879123
-0.0304199
-0.0504168
-0.0659797
-0.0778209
-0.0825976
-0.0828229
-0.0745534
-0.0656885
-0.0310608
-0.100633
0.236334
-0.753152
1.91429
-4.61998
4.748
-2.01653
0.816983
-0.277941
0.125633
0.0245829
0.0697064
0.0729964
0.0813298
0.0802033
0.0759387
0.0648956
0.0507861
0.0325349
0.0130788
-0.00760313
-0.0268145
-0.0445962
-0.0580255
-0.0681624
-0.071174
-0.0705474
-0.0598262
-0.0536894
-0.00549943
-0.103919
0.301911
-0.791741
2.0426
-4.7213
4.82183
-2.12127
0.847007
-0.337759
0.130433
-0.000905487
0.0592964
0.0587996
0.0700477
0.0696058
0.0671165
0.0576336
0.0455005
0.0292547
0.0119887
-0.00653846
-0.0235733
-0.0393773
-0.0508744
-0.0595236
-0.0608723
-0.0597181
-0.0462457
-0.0440213
0.0192258
-0.109413
0.36117
-0.822137
2.14707
-4.79521
4.86998
-2.20321
0.868337
-0.390294
0.136383
-0.0252763
0.0510238
0.0456804
0.0601624
0.0600656
0.0592596
0.0511219
0.0407764
0.0263138
0.011016
-0.00558723
-0.0206667
-0.0347132
-0.044463
-0.0518328
-0.0516024
-0.050256
-0.0337201
-0.0364893
0.0428052
-0.116111
0.413081
-0.843913
2.22868
-4.84352
4.89447
-2.26379
0.881046
-0.43492
0.142584
-0.0481842
0.044655
0.0335764
0.0515921
0.0514981
0.0522987
0.0453
0.0365693
0.0236846
0.0101513
-0.00474019
-0.0180673
-0.0305599
-0.0387315
-0.0450215
-0.0432797
-0.042077
-0.0221812
-0.0308508
0.0649029
-0.123107
0.457019
-0.857145
2.28887
-4.86822
4.89736
-2.30477
0.885603
-0.471399
0.148283
-0.0692918
0.0399232
0.0224478
0.0442478
0.0438246
0.0461673
0.0401113
0.0328377
0.021341
0.00938558
-0.00398871
-0.0157492
-0.0268763
-0.033624
-0.0390245
-0.0358263
-0.0350908
-0.0115839
-0.02683
0.0851917
-0.129641
0.49275
-0.862305
2.32941
-4.87142
4.88078
-2.32804
0.882748
-0.499833
0.152908
-0.0883004
0.0365441
0.0122741
0.0380339
0.036973
0.0408012
0.0355028
0.0295427
0.0192591
0.00871078
-0.00332472
-0.0136888
-0.0236237
-0.0290883
-0.0337787
-0.0291711
-0.0292013
-0.00190372
-0.0241342
0.103384
-0.135132
0.520384
-0.86013
2.35218
-4.85522
4.84679
-2.33556
0.873381
-0.520602
0.156074
-0.104975
0.0342324
0.00304956
0.032849
0.0308777
0.0361386
0.0314251
0.0266474
0.0174162
0.00811909
-0.00274066
-0.0118637
-0.0207658
-0.0250757
-0.0292235
-0.0232501
-0.0243074
0.00686822
-0.0224706
0.119257
-0.139183
0.540308
-0.851518
2.35911
-4.8217
4.79739
-2.32921
0.858472
-0.534289
0.157575
-0.119159
0.0327173
-0.00522258
0.0285874
0.0254799
0.0321192
0.0278321
0.0241172
0.0157916
0.00760323
-0.00222948
-0.0102533
-0.0182683
-0.0215408
-0.0253
-0.0180065
-0.0203044
0.0147303
-0.021562
0.132664
-0.141576
0.553116
-0.837435
2.35213
-4.77286
4.73449
-2.31083
0.838992
-0.541605
0.157357
-0.130783
0.0317544
-0.0125361
0.0251415
0.020727
0.0286846
0.0246811
0.0219196
0.0143658
0.00715633
-0.00178451
-0.00883832
-0.0160991
-0.0184417
-0.0219512
-0.0133894
-0.0170865
0.0216767
-0.0211588
0.143546
-0.142245
0.559531
-0.81884
2.33305
-4.71061
4.65987
-2.28213
0.815861
-0.543329
0.155494
-0.139858
0.0311341
-0.0188874
0.0224041
0.0165719
0.0257786
0.0219325
0.0200236
0.0131205
0.00677191
-0.00139953
-0.00760096
-0.0142276
-0.0157395
-0.0191219
-0.00935405
-0.0145492
0.0277031
-0.0210485
0.151924
-0.14125
0.560346
-0.796643
2.30359
-4.63672
4.57518
-2.24471
0.789922
-0.540257
0.152147
-0.146473
0.0306871
-0.0242804
0.0202713
0.0129722
0.0233464
0.0195498
0.0184002
0.0120389
0.00644388
-0.00106867
-0.00652462
-0.0126251
-0.0133981
-0.0167588
-0.00586001
-0.0125912
0.0328114
-0.02106
0.157894
-0.138741
0.55637
-0.771675
2.26535
-4.55285
4.48198
-2.20002
0.76193
-0.533159
0.147537
-0.150779
0.0302853
-0.0287295
0.0186449
0.0098892
0.0213358
0.0174993
0.0170219
0.0111055
0.00616645
-0.000786355
-0.00559394
-0.0112645
-0.0113845
-0.0148104
-0.00287067
-0.0111173
0.0370133
-0.0210652
0.161611
-0.134927
0.548386
-0.744675
2.2198
-4.46053
4.38163
-2.14938
0.732542
-0.522754
0.141915
-0.152974
0.0298392
-0.0322624
0.0174343
0.00728702
0.0196968
0.0157498
0.0158628
0.0103058
0.00593418
-0.000547399
-0.00479468
-0.0101201
-0.00966784
-0.0132279
-0.000351929
-0.0100398
0.0403329
-0.0209767
0.163276
-0.13005
0.537128
-0.716287
2.16829
-4.36113
4.27539
-2.09399
0.702327
-0.509698
0.135536
-0.153286
0.0292949
-0.0349196
0.0165578
0.00513153
0.0183824
0.0142725
0.0148985
0.00962616
0.00574197
-0.000346919
-0.00411361
-0.00916796
-0.00821978
-0.0119647
0.00172868
-0.00928021
0.0428068
-0.0207434
0.163118
-0.124358
0.523263
-0.68706
2.112
-4.25589
4.16438
-2.0349
0.671763
-0.494573
0.128645
-0.15196
0.0286273
-0.0367545
0.0159442
0.00338966
0.0173482
0.0130407
0.0141063
0.00905424
0.00558501
-0.000180328
-0.00353849
-0.00838542
-0.00701397
-0.0109773
0.00340281
-0.00876976
0.0444843
-0.0203442
0.161383
-0.118091
0.507383
-0.65746
2.05201
-4.1459
4.04956
-1.97303
0.641251
-0.477889
0.121466
-0.149248
0.0278341
-0.0378312
0.0155322
0.00202878
0.0165531
0.0120295
0.0134647
0.00857845
0.00545879
-4.33288e-05
-0.00305801
-0.0077514
-0.00602589
-0.0102252
0.00470195
-0.00844986
0.0454255
-0.0197814
0.158315
-0.111471
0.490004
-0.627874
1.98925
-4.03212
3.93176
-1.90918
0.611119
-0.460084
0.11419
-0.145391
0.0269292
-0.0382225
0.0152712
0.00101617
0.0159596
0.0112158
0.0129538
0.0081881
0.0053591
6.80734e-05
-0.0026617
-0.00724622
-0.00523266
-0.00967105
0.00565784
-0.00827174
0.0456992
-0.0190741
0.154155
-0.104689
0.47157
-0.598617
1.92453
-3.91536
3.81171
-1.84401
0.581625
-0.441529
0.106978
-0.140619
0.0259373
-0.0380068
0.0151199
0.000319048
0.0155333
0.0105778
0.0125553
0.00787327
0.00528205
0.000157591
-0.00233985
-0.0068517
-0.00461287
-0.00928099
0.00630256
-0.00819585
0.0453807
-0.0182517
0.149125
-0.0979108
0.452453
-0.56994
1.85855
-3.79634
3.69001
-1.77811
0.552971
-0.422537
0.0999578
-0.135142
0.0248882
-0.0372657
0.0150455
-9.5658e-05
0.0152436
0.0100953
0.0122521
0.00762478
0.00522402
0.000228644
-0.00208348
-0.00655107
-0.00414636
-0.00902453
0.00666861
-0.00819083
0.0445485
-0.0173489
0.14343
-0.0912666
0.432966
-0.542037
1.79186
-3.67563
3.56716
-1.71192
0.525304
-0.403365
0.0932267
-0.129147
0.0238129
-0.0360812
0.015023
-0.000261112
0.015063
0.00974903
0.0120286
0.00743415
0.0051817
0.000284369
-0.00188429
-0.00632897
-0.00381422
-0.0088746
0.00678873
-0.00823253
0.0432822
-0.0164009
0.13725
-0.0848595
0.413363
-0.515053
1.72495
-3.55372
3.44356
-1.64582
0.498723
-0.384224
0.0868539
-0.122798
0.0227408
-0.0345334
0.0150332
-0.000210243
0.0149675
0.009521
0.0118709
0.00729352
0.00515207
0.000327615
-0.0017346
-0.00617147
-0.00359861
-0.0088073
0.00669556
-0.0083026
0.04166
-0.0154409
0.130744
-0.0787647
0.393849
-0.489086
1.6582
-3.43101
3.31955
-1.5801
0.473287
-0.36528
0.080884
-0.116237
0.0216973
-0.0326986
0.0150621
2.457e-05
0.0149363
0.0093942
0.011766
0.00719564
0.00513242
0.000360956
-0.00162734
-0.00606603
-0.00348271
-0.00880189
0.00642123
-0.00838747
0.0397566
-0.0144973
0.124048
-0.0730334
0.374585
-0.464197
1.59188
-3.30783
3.19539
-1.51497
0.449019
-0.346664
0.0753411
-0.109581
0.0207028
-0.030648
0.0150993
0.000411764
0.0149513
0.0093527
0.0117027
0.00713386
0.00512031
0.000386668
-0.00155599
-0.00600138
-0.00345076
-0.00884059
0.00599713
-0.00847716
0.0376422
-0.0135928
0.117276
-0.0676959
0.355696
-0.440412
1.52622
-3.18442
3.07127
-1.45061
0.425914
-0.328475
0.0702321
-0.102928
0.0197717
-0.0284463
0.0151373
0.00092122
0.0149971
0.00938162
0.0116709
0.00710202
0.00511362
0.000406763
-0.00151454
-0.00596763
-0.00348805
-0.00890817
0.00545324
-0.00856433
0.0353808
-0.0127439
0.11052
-0.0627644
0.337274
-0.417731
1.46139
-3.06098
2.94735
-1.38712
0.40394
-0.310787
0.0655499
-0.0963584
0.0189129
-0.0261516
0.0151703
0.00152446
0.015061
0.00946706
0.0116616
0.00709456
0.00511043
0.000423031
-0.00149758
-0.00595608
-0.00358085
-0.00899191
0.0048179
-0.00864346
0.03303
-0.0119607
0.103858
-0.0582369
0.319384
-0.396127
1.39748
-2.93767
2.82372
-1.32456
0.383048
-0.293647
0.0612763
-0.0899343
0.0181299
-0.0238149
0.015194
0.00219497
0.0151323
0.00959631
0.0116674
0.00710643
0.00510917
0.000436949
-0.00150013
-0.00595923
-0.00371657
-0.00908129
0.00411749
-0.00871027
0.0306403
-0.0112476
0.0973507
-0.0540994
0.30207
-0.375558
1.33455
-2.81459
2.70047
-1.26296
0.363173
-0.277086
0.0573847
-0.0837048
0.0174211
-0.02148
0.0152048
0.00290866
0.0152021
0.00975775
0.0116817
0.00713306
0.00510848
0.00044976
-0.00151775
-0.00597072
-0.00388376
-0.00916767
0.00337599
-0.0087612
0.0282555
-0.0106039
0.0910444
-0.0503286
0.285357
-0.355964
1.27264
-2.69182
2.57763
-1.20232
0.344237
-0.261118
0.0538424
-0.0777069
0.0167811
-0.019184
0.0151994
0.00364385
0.0152635
0.00994094
0.0116991
0.00717038
0.00510729
0.00046247
-0.00154647
-0.00598529
-0.00407208
-0.00924421
0.00261493
-0.00879318
0.0259124
-0.0100246
0.0849751
-0.0468941
0.269255
-0.337271
1.21172
-2.56939
2.45521
-1.14262
0.326153
-0.245745
0.0506118
-0.0719678
0.0162014
-0.0169575
0.0151749
0.00438157
0.0153111
0.0101366
0.0117153
0.00721486
0.00510473
0.000475864
-0.00158285
-0.00599866
-0.00427244
-0.00930566
0.00185317
-0.00880341
0.0236414
-0.0095013
0.0791691
-0.0437605
0.253761
-0.319398
1.15178
-2.44733
2.33321
-1.08381
0.30883
-0.230959
0.0476526
-0.066506
0.0156709
-0.0148251
0.0151288
0.00510561
0.0153408
0.010337
0.0117269
0.00726348
0.00510018
0.000490504
-0.0016239
-0.00600755
-0.00447704
-0.00934811
0.00110678
-0.00878933
0.0214672
-0.00902319
0.0736443
-0.0408885
0.238866
-0.302256
1.09275
-2.32564
2.21161
-1.02583
0.292169
-0.216744
0.0449226
-0.0613335
0.0151771
-0.0128058
0.0150585
0.0058025
0.0153501
0.0105352
0.0117315
0.00731369
0.00509322
0.000506757
-0.00166718
-0.0060096
-0.00467931
-0.00936904
0.000389076
-0.00874871
0.0194087
-0.0085778
0.0684125
-0.038237
0.22455
-0.285751
1.03457
-2.2043
2.09038
-0.968601
0.276071
-0.203078
0.0423786
-0.056457
0.0147065
-0.010914
0.0149623
0.00646155
0.0153374
0.0107261
0.0117274
0.00736348
0.00508362
0.000524793
-0.00171072
-0.00600328
-0.00487402
-0.00936714
-0.000289376
-0.00867973
0.01748
-0.00815185
0.0634799
-0.0357634
0.210792
-0.269785
0.977176
-2.0833
1.96949
-0.912057
0.260434
-0.189938
0.0399778
-0.0518787
0.0142457
-0.00915918
0.0148386
0.00707488
0.0153024
0.0109056
0.0117139
0.00741136
0.00507135
0.0005446
-0.00175307
-0.00598796
-0.0050573
-0.00934221
-0.000920823
-0.00858112
0.0156908
-0.00773203
0.0588488
-0.0334251
0.197565
-0.254259
0.920475
-1.9626
1.8489
-0.856113
0.245158
-0.177297
0.037678
-0.0475977
0.013782
-0.00754731
0.0146869
0.00763719
0.0152461
0.0110711
0.0116912
0.00745633
0.00505656
0.000566001
-0.00179328
-0.00596378
-0.00522656
-0.00929525
-0.00150009
-0.00845249
0.0140467
-0.00730555
0.0545181
-0.0311802
0.184842
-0.239073
0.864386
-1.84217
1.72857
-0.800693
0.230144
-0.165129
0.0354385
-0.0436108
0.0133036
-0.00608057
0.0145076
0.00814576
0.0151705
0.0112213
0.01166
0.00749792
0.00503956
0.000588657
-0.00183093
-0.00593165
-0.00538061
-0.00922842
-0.00202458
-0.00829442
0.0125498
-0.00686081
0.0504846
-0.0289882
0.172598
-0.224131
0.808832
-1.72197
1.60847
-0.745727
0.215298
-0.153412
0.0332212
-0.039913
0.0128005
-0.00475799
0.0143026
0.00860042
0.0150787
0.0113563
0.011622
0.00753617
0.00502082
0.000612058
-0.00186609
-0.00589325
-0.00551959
-0.00914497
-0.00249423
-0.00810877
0.0111992
-0.00638794
0.0467432
-0.0268109
0.16081
-0.209338
0.75374
-1.60198
1.4886
-0.691161
0.200529
-0.142129
0.0309908
-0.0364985
0.0122651
-0.00357575
0.014075
0.00900333
0.0149751
0.0114775
0.0115797
0.00757163
0.00500097
0.000635553
-0.00189931
-0.00585104
-0.00564491
-0.00904938
-0.00291132
-0.00789899
0.00999082
-0.00587936
0.0432882
-0.0246133
0.149459
-0.194605
0.699055
-1.48219
1.36896
-0.636968
0.18576
-0.13127
0.0287165
-0.0333612
0.0116926
-0.0025274
0.01383
0.00935897
0.0148654
0.0115875
0.0115361
0.00760538
0.00498072
0.000658402
-0.00193175
-0.00580814
-0.00575932
-0.0089474
-0.0032804
-0.00767027
0.00891817
-0.00533035
0.0401133
-0.0223645
0.138537
-0.179856
0.644749
-1.36262
1.24962
-0.583155
0.170925
-0.120836
0.0263725
-0.030495
0.0110814
-0.00160397
0.0135746
0.00967404
0.0147565
0.0116904
0.0114949
0.00763901
0.004961
0.000679665
-0.00196499
-0.00576841
-0.00586692
-0.008846
-0.00360827
-0.00742984
0.00797217
-0.00473958
0.0372124
-0.020039
0.128043
-0.165024
0.59083
-1.24332
1.13068
-0.529786
0.155977
-0.110843
0.0239404
-0.0278946
0.0104341
-0.000794167
0.0133183
0.00995737
0.0146566
0.0117913
0.0114609
0.00767456
0.00494283
0.000698286
-0.00200112
-0.00573649
-0.00597296
-0.00875356
-0.00390383
-0.00718728
0.00714148
-0.00410973
0.0345802
-0.0176187
0.117993
-0.150064
0.537359
-1.12441
1.01236
-0.477003
0.140898
-0.101326
0.0214102
-0.0255557
0.00975784
-8.44161e-05
0.0130731
0.0102199
0.0145754
0.0118968
0.0114393
0.00771461
0.00492737
0.00071308
-0.00204274
-0.00571774
-0.00608396
-0.00867983
-0.00417814
-0.00695464
0.00641244
-0.00344815
0.0322126
-0.0150939
0.108425
-0.134958
0.484481
-1.00609
0.89498
-0.42506
0.125706
-0.0923443
0.018783
-0.0234753
0.00906518
0.000541217
0.0128536
0.0104747
0.0145241
0.0120146
0.0114361
0.00776221
0.0049159
0.000722735
-0.00209293
-0.00571818
-0.00620774
-0.00863601
-0.00444422
-0.00674679
0.00576908
-0.00276752
0.0301064
-0.0124661
0.0993966
-0.119727
0.43245
-0.888707
0.779096
-0.374371
0.11047
-0.083987
0.016073
-0.0216513
0.00837447
0.00110117
0.0126777
0.0107367
0.0145153
0.0121536
0.011458
0.00782089
0.00490983
0.000725799
-0.00215528
-0.00574466
-0.00635325
-0.00863488
-0.00471724
-0.00658159
0.0051929
-0.00208645
0.0282597
-0.00974997
0.0909976
-0.104439
0.381683
-0.772803
0.665546
-0.325576
0.095325
-0.076376
0.0133101
-0.0200821
0.00771083
0.00161649
0.0125662
0.0110232
0.0145634
0.0123239
0.0115127
0.00789465
0.00491071
0.000720707
-0.0022338
-0.00580474
-0.00653056
-0.00869079
-0.00501431
-0.0064801
0.00466282
-0.00143032
0.0266712
-0.00697631
0.0833511
-0.0892328
0.33282
-0.65922
0.555616
-0.279614
0.0804905
-0.0696676
0.0105426
-0.0187656
0.00710612
0.00211055
0.0125429
0.0113522
0.0146835
0.0125362
0.0116079
0.00798772
0.00492011
0.000705839
-0.00233276
-0.00590626
-0.00675046
-0.00881903
-0.0053538
-0.00646608
0.00415544
-0.000831272
0.0253385
-0.00419417
0.0766145
-0.0743289
0.286807
-0.549244
0.451164
-0.237726
0.0662315
-0.0640215
0.00782453
-0.0176901
0.00659506
0.00261121
0.0126325
0.0117445
0.0148917
0.0128022
0.0117519
0.00810485
0.00493966
0.00067956
-0.00245693
-0.00605759
-0.00702482
-0.00903566
-0.00575627
-0.00656454
0.00364284
-0.000324302
0.0242502
-0.00145842
0.0709486
-0.0599954
0.244886
-0.444736
0.354626
-0.201457
0.0526666
-0.059549
0.00517325
-0.0168166
0.00621362
0.00316509
0.0128707
0.0122351
0.0152142
0.0131437
0.0119593
0.00825513
0.00497201
0.000639055
-0.00261559
-0.00627345
-0.00737543
-0.00936706
-0.00625699
-0.00681116
0.00307821
5.44902e-05
0.0233672
0.00121315
0.0664654
-0.0463522
0.208611
-0.348132
0.27047
-0.1747
0.0404488
-0.0566947
0.00275447
-0.016169
0.00606878
0.00382437
0.0133378
0.0128757
0.0157038
0.0135944
0.0122574
0.00845214
0.00502287
0.000578044
-0.00282286
-0.00658184
-0.00783662
-0.00986681
-0.00690839
-0.00728701
0.00240902
0.000197295
0.0227136
0.00365369
0.0636129
-0.0340541
0.181889
-0.263894
0.213403
-0.16941
0.0359954
-0.0578909
0.00208792
-0.0163245
0.00649639
0.00435096
0.0140448
0.0135049
0.016294
0.014043
0.0125919
0.00864322
0.00508603
0.000504294
-0.00302456
-0.00692718
-0.008296
-0.0104681
-0.00754781
-0.00800441
0.0018749
-0.000236488
0.022871
0.00432983
0.0648338
-0.0295478
0.176678
-0.206745
)
;

boundaryField
{
    movingWall
    {
        type            zeroGradient;
    }
    Inlet
    {
        type            cyclic;
    }
    Outlet
    {
        type            cyclic;
    }
    Bottom
    {
        type            zeroGradient;
    }
    frontAndBack
    {
        type            empty;
    }
}


// ************************************************************************* //
