/*--------------------------------*- C++ -*----------------------------------*\
| =========                 |                                                 |
| \\      /  F ield         | OpenFOAM: The Open Source CFD Toolbox           |
|  \\    /   O peration     | Version:  5.x                                   |
|   \\  /    A nd           | Web:      www.OpenFOAM.org                      |
|    \\/     M anipulation  |                                                 |
\*---------------------------------------------------------------------------*/
FoamFile
{
    version     2.0;
    format      ascii;
    class       volVectorField;
    location    "0.015";
    object      wallShearStress;
}
// * * * * * * * * * * * * * * * * * * * * * * * * * * * * * * * * * * * * * //

dimensions      [0 2 -2 0 0 0 0];

internalField   uniform (0 0 0);

boundaryField
{
    movingWall
    {
        type            calculated;
        value           uniform (0 0 0);
    }
    Inlet
    {
        type            cyclic;
    }
    Outlet
    {
        type            cyclic;
    }
    Bottom
    {
        type            calculated;
        value           nonuniform List<vector> 
90
(
(-0.00283267 -0.00274839 4.37137e-37)
(-0.00509596 -0.00653384 -4.02796e-20)
(0.0174883 0.029404 3.98965e-20)
(0.0578866 0.0882332 2.6618e-21)
(0.0773484 0.102095 -3.15881e-19)
(0.0450883 0.0427946 9.55786e-19)
(-0.0582904 -0.0785362 1.05697e-20)
(-0.254121 -0.242292 -1.02167e-20)
(-0.560346 -0.423522 -1.8807e-18)
(-0.976838 -0.587671 2.92748e-20)
(-1.47555 -0.694427 -9.69334e-19)
(-2.00179 -0.70914 -9.62866e-19)
(-2.48521 -0.6146 -7.73463e-19)
(-2.85513 -0.417537 7.52316e-37)
(-3.05523 -0.14793 1.80643e-21)
(-3.05455 0.147752 6.58277e-37)
(-2.85325 0.417155 -1.69729e-21)
(-2.48257 0.6139 6.48517e-20)
(-1.99894 0.70815 9.41193e-19)
(-1.473 0.693312 -6.71564e-20)
(-0.974911 0.586626 1.30497e-20)
(-0.55912 0.422705 -3.57415e-18)
(-0.253472 0.241759 -7.69546e-20)
(-0.058 0.0782369 1.25307e-18)
(0.0452106 -0.0429561 4.62157e-19)
(0.0773988 -0.102181 3.00766e-19)
(0.0578856 -0.0882613 -2.25695e-36)
(0.017455 -0.0293933 1.63875e-21)
(-0.00513518 0.00654181 -2.93116e-20)
(-0.00276698 0.00275188 7.47883e-21)
(-0.00276658 -0.00275052 2.21875e-37)
(-0.00513394 -0.00654051 -2.0797e-20)
(0.0174533 0.0293896 1.6397e-21)
(0.0578789 0.0882533 -5.26621e-36)
(0.0774015 0.102185 3.0718e-19)
(0.0452145 0.0429586 4.90456e-19)
(-0.0580978 -0.078327 1.28745e-18)
(-0.25389 -0.24208 -1.59395e-18)
(-0.560119 -0.423345 -1.74302e-18)
(-0.97665 -0.587548 -1.05336e-18)
(-1.47541 -0.694356 -6.93454e-20)
(-2.00171 -0.709107 6.37391e-21)
(-2.48518 -0.614586 5.9032e-20)
(-2.85513 -0.417535 1.71879e-21)
(-3.05524 -0.147929 0)
(-3.05456 0.147753 7.83839e-37)
(-2.85326 0.417156 2.20993e-36)
(-2.48258 0.613899 6.20004e-20)
(-1.99894 0.708158 -9.40916e-19)
(-1.473 0.693312 9.30174e-19)
(-0.974911 0.586627 2.88209e-20)
(-0.55912 0.422706 -1.45934e-20)
(-0.253472 0.241759 -1.56937e-18)
(-0.0579998 0.0782371 1.02974e-20)
(0.0452109 -0.0429559 4.531e-19)
(0.077399 -0.102181 9.23602e-21)
(0.0578854 -0.0882613 -1.08245e-19)
(0.0174549 -0.0293931 2.30194e-24)
(-0.00513401 0.00654188 3.96729e-38)
(-0.00276904 0.00275182 5.06721e-21)
(-0.00276866 -0.00275045 3.91219e-38)
(-0.00513297 -0.00654056 2.38772e-39)
(0.0174529 0.0293896 -2.7874e-22)
(0.0578787 0.0882533 -1.25342e-19)
(0.0774015 0.102185 3.74021e-21)
(0.0452146 0.0429585 4.76598e-19)
(-0.0580977 -0.0783272 1.22896e-18)
(-0.25389 -0.24208 -6.67816e-20)
(-0.560119 -0.423345 1.48452e-20)
(-0.97665 -0.587547 -2.92922e-20)
(-1.47541 -0.694356 2.16215e-20)
(-2.00171 -0.709099 -9.63486e-19)
(-2.48518 -0.614586 6.47843e-20)
(-2.85512 -0.417533 2.29689e-19)
(-3.05523 -0.147929 -2.20107e-20)
(-3.05455 0.147753 -2.15035e-20)
(-2.85327 0.41716 1.69522e-21)
(-2.48261 0.613913 5.91437e-20)
(-1.99902 0.708191 0)
(-1.47313 0.693383 9.37888e-19)
(-0.975099 0.58675 9.70357e-19)
(-0.559349 0.422882 -1.45937e-20)
(-0.253703 0.24197 -1.55986e-18)
(-0.0581934 0.0784461 2.45001e-18)
(0.0450833 -0.0427925 7.84889e-21)
(0.0773425 -0.102093 9.24009e-21)
(0.0578852 -0.0882444 -1.80468e-22)
(0.0174817 -0.0294106 1.15197e-23)
(-0.00514438 0.00653041 2.92551e-20)
(-0.00278768 0.00275281 4.9686e-21)
)
;
    }
    frontAndBack
    {
        type            empty;
    }
}


// ************************************************************************* //
