/*--------------------------------*- C++ -*----------------------------------*\
| =========                 |                                                 |
| \\      /  F ield         | OpenFOAM: The Open Source CFD Toolbox           |
|  \\    /   O peration     | Version:  5.x                                   |
|   \\  /    A nd           | Web:      www.OpenFOAM.org                      |
|    \\/     M anipulation  |                                                 |
\*---------------------------------------------------------------------------*/
FoamFile
{
    version     2.0;
    format      ascii;
    class       surfaceScalarField;
    location    "0.8";
    object      phi;
}
// * * * * * * * * * * * * * * * * * * * * * * * * * * * * * * * * * * * * * //

dimensions      [0 3 -1 0 0 0 0];

internalField   nonuniform List<scalar> 
940
(
1.66e-08
-1.56233e-23
1.66e-08
-1.15683e-23
1.66e-08
-9.87468e-24
1.66e-08
-6.23513e-24
1.66e-08
-5.1685e-24
1.66e-08
-3.196e-24
1.66e-08
-1.13619e-24
1.66e-08
-1.22219e-24
1.66e-08
2.25213e-24
1.66e-08
3.7293e-24
1.66e-08
2.15939e-25
1.66e-08
3.3619e-24
1.66e-08
4.26007e-24
1.66e-08
-3.0318e-24
1.66e-08
5.91889e-24
1.66e-08
1.15186e-23
1.66e-08
-5.76199e-24
1.66e-08
-8.46037e-24
1.66e-08
1.42938e-24
1.66e-08
-7.33231e-24
1.66e-08
-4.61692e-25
1.66e-08
-1.16359e-24
1.66e-08
-5.22317e-24
1.66e-08
7.43441e-24
1.66e-08
-4.68329e-24
1.66e-08
-9.9917e-24
1.66e-08
-8.32422e-24
1.66e-08
-9.27909e-24
1.66e-08
-6.6973e-24
1.66e-08
4.94386e-24
1.66e-08
7.74312e-25
1.66e-08
-3.09232e-24
1.66e-08
4.8773e-24
1.66e-08
-6.14921e-24
1.66e-08
-3.35173e-24
1.66e-08
1.70355e-23
1.66e-08
1.43722e-24
1.66e-08
5.98883e-24
1.66e-08
5.69321e-24
1.66e-08
-2.63497e-24
1.66e-08
4.52501e-24
1.66e-08
1.12474e-23
1.66e-08
6.98275e-24
1.66e-08
2.01234e-24
1.66e-08
-1.20401e-23
1.66e-08
-3.79904e-24
1.66e-08
3.13364e-24
1.66e-08
1.20249e-23
1.66e-08
2.10847e-23
3.01009e-24
4.98e-08
-3.50742e-23
4.98e-08
-3.06336e-23
4.98e-08
-2.21494e-23
4.98e-08
-1.45654e-23
4.98e-08
-1.42844e-23
4.98e-08
-7.72487e-24
4.98e-08
-3.27857e-24
4.98e-08
5.1641e-24
4.98e-08
1.33619e-23
4.98e-08
1.83815e-23
4.98e-08
1.02085e-23
4.98e-08
7.85491e-24
4.98e-08
6.25468e-24
4.98e-08
-4.14211e-25
4.98e-08
1.40027e-23
4.98e-08
2.50016e-23
4.98e-08
-6.68767e-24
4.98e-08
-1.35633e-23
4.98e-08
-6.5933e-24
4.98e-08
-9.22e-24
4.98e-08
2.9721e-24
4.98e-08
-5.73844e-24
4.98e-08
-1.51418e-23
4.98e-08
4.60131e-24
4.98e-08
-1.81789e-23
4.98e-08
-2.75871e-23
4.98e-08
-1.61071e-23
4.98e-08
-2.92299e-23
4.98e-08
-2.42521e-23
4.98e-08
3.40096e-24
4.98e-08
-3.04447e-24
4.98e-08
1.60155e-24
4.98e-08
1.29849e-23
4.98e-08
-6.72053e-24
4.98e-08
-4.10074e-24
4.98e-08
3.31436e-23
4.98e-08
1.56055e-23
4.98e-08
1.40326e-23
4.98e-08
7.70282e-24
4.98e-08
-4.37378e-24
4.98e-08
2.36962e-23
4.98e-08
3.03667e-23
4.98e-08
1.48121e-23
4.98e-08
-6.50927e-24
4.98e-08
-1.38887e-23
4.98e-08
1.26346e-23
4.98e-08
8.68513e-24
4.98e-08
2.70507e-23
4.98e-08
4.53871e-23
1.16405e-23
8.3e-08
-4.64472e-23
8.3e-08
-4.13319e-23
8.3e-08
-2.979e-23
8.3e-08
-2.24365e-23
8.3e-08
-2.43645e-23
8.3e-08
-1.00873e-23
8.3e-08
1.60259e-24
8.3e-08
1.25674e-23
8.3e-08
1.67242e-23
8.3e-08
2.09823e-23
8.3e-08
1.97436e-23
8.3e-08
9.79274e-24
8.3e-08
1.89783e-23
8.3e-08
1.71366e-23
8.3e-08
2.30008e-23
8.3e-08
1.95387e-23
8.3e-08
-1.87719e-23
8.3e-08
-1.89709e-23
8.3e-08
-2.20302e-24
8.3e-08
-1.35746e-23
8.3e-08
-4.13093e-24
8.3e-08
-4.25686e-24
8.3e-08
-7.38532e-24
8.3e-08
-4.42144e-24
8.3e-08
-2.3212e-23
8.3e-08
-4.37725e-23
8.3e-08
-2.52564e-23
8.3e-08
-2.62723e-23
8.3e-08
-2.91922e-23
8.3e-08
-5.64336e-24
8.3e-08
-1.86112e-24
8.3e-08
8.57769e-25
8.3e-08
7.69137e-24
8.3e-08
-1.38475e-23
8.3e-08
-5.40852e-24
8.3e-08
4.45361e-23
8.3e-08
2.26683e-23
8.3e-08
1.24423e-23
8.3e-08
1.00904e-23
8.3e-08
1.47421e-23
8.3e-08
4.07155e-23
8.3e-08
4.38106e-23
8.3e-08
3.36789e-23
8.3e-08
1.86881e-24
8.3e-08
-3.68763e-24
8.3e-08
-3.94118e-24
8.3e-08
8.53586e-25
8.3e-08
5.29277e-23
8.3e-08
5.89865e-23
2.47653e-23
1.162e-07
-6.19325e-23
1.162e-07
-5.0131e-23
1.162e-07
-3.3435e-23
1.162e-07
-4.03778e-23
1.162e-07
-2.58097e-23
1.162e-07
7.1738e-24
1.162e-07
1.0918e-23
1.162e-07
3.77208e-24
1.162e-07
2.94476e-23
1.162e-07
3.40723e-23
1.162e-07
2.68356e-23
1.162e-07
3.14928e-23
1.162e-07
3.62125e-23
1.162e-07
2.46315e-23
1.162e-07
3.02786e-23
1.162e-07
1.67077e-23
1.162e-07
-1.95626e-23
1.162e-07
-4.60504e-24
1.162e-07
-1.22309e-23
1.162e-07
-2.28368e-23
1.162e-07
-6.0643e-24
1.162e-07
-1.14352e-24
1.162e-07
-2.30754e-23
1.162e-07
-1.59771e-23
1.162e-07
-1.41752e-23
1.162e-07
-2.95162e-23
1.162e-07
-3.76297e-23
1.162e-07
-4.75634e-23
1.162e-07
-3.4001e-23
1.162e-07
-2.1385e-23
1.162e-07
-1.93114e-23
1.162e-07
1.35539e-24
1.162e-07
1.57187e-23
1.162e-07
-2.05125e-23
1.162e-07
1.36288e-23
1.162e-07
3.29546e-23
1.162e-07
2.57175e-23
1.162e-07
1.74515e-23
1.162e-07
2.9706e-23
1.162e-07
4.90867e-23
1.162e-07
3.47757e-23
1.162e-07
4.36181e-23
1.162e-07
4.13994e-23
1.162e-07
1.15307e-23
1.162e-07
-4.76703e-24
1.162e-07
-8.36876e-24
1.162e-07
2.64565e-23
1.162e-07
7.7732e-23
1.162e-07
4.87101e-23
5.65209e-24
1.494e-07
-4.65627e-23
1.494e-07
-5.06776e-23
1.494e-07
-4.21518e-23
1.494e-07
-3.7971e-23
1.494e-07
-2.33915e-23
1.494e-07
-8.90065e-25
1.494e-07
-5.69672e-24
1.494e-07
-5.44808e-24
1.494e-07
2.09391e-23
1.494e-07
3.02826e-23
1.494e-07
3.28051e-23
1.494e-07
4.17471e-23
1.494e-07
7.41897e-23
1.494e-07
5.42434e-23
1.494e-07
2.5024e-23
1.494e-07
1.53503e-23
1.494e-07
-2.75783e-24
1.494e-07
-1.54457e-23
1.494e-07
-1.29291e-23
1.494e-07
-3.41495e-23
1.494e-07
-8.22853e-24
1.494e-07
-5.33026e-24
1.494e-07
-2.62963e-23
1.494e-07
-6.1994e-24
1.494e-07
-4.44792e-24
1.494e-07
-8.37837e-24
1.494e-07
-1.87351e-23
1.494e-07
-5.90752e-23
1.494e-07
-3.88046e-23
1.494e-07
-6.98811e-24
1.494e-07
-1.08784e-23
1.494e-07
1.28487e-23
1.494e-07
-2.5627e-24
1.494e-07
-3.10394e-23
1.494e-07
-1.57696e-23
1.494e-07
4.30562e-23
1.494e-07
5.79554e-23
1.494e-07
4.61532e-23
1.494e-07
4.2916e-23
1.494e-07
4.39403e-23
1.494e-07
3.46765e-23
1.494e-07
5.14787e-23
1.494e-07
4.32775e-23
1.494e-07
1.50541e-23
1.494e-07
1.54903e-24
1.494e-07
-4.5442e-24
1.494e-07
2.91769e-23
1.494e-07
7.24764e-23
1.494e-07
2.50505e-23
-1.84586e-23
1.826e-07
-3.51055e-23
1.826e-07
-3.79177e-23
1.826e-07
-4.46777e-23
1.826e-07
-3.6836e-23
1.826e-07
-2.19847e-23
1.826e-07
-3.35739e-23
1.826e-07
-2.24506e-23
1.826e-07
1.2433e-23
1.826e-07
1.43421e-23
1.826e-07
1.14901e-23
1.826e-07
3.04326e-23
1.826e-07
6.61862e-23
1.826e-07
6.06158e-23
1.826e-07
4.06088e-23
1.826e-07
4.68368e-23
1.826e-07
5.40574e-23
1.826e-07
8.07538e-24
1.826e-07
-2.61167e-23
1.826e-07
-9.93016e-24
1.826e-07
-4.00112e-23
1.826e-07
-3.96643e-23
1.826e-07
-1.64563e-23
1.826e-07
-3.58144e-23
1.826e-07
-1.61556e-24
1.826e-07
1.97278e-24
1.826e-07
-2.50587e-23
1.826e-07
-1.45214e-23
1.826e-07
-4.15007e-23
1.826e-07
-3.3125e-23
1.826e-07
-2.67261e-23
1.826e-07
1.06071e-23
1.826e-07
1.62521e-23
1.826e-07
-3.97227e-24
1.826e-07
-1.95706e-23
1.826e-07
-2.57242e-23
1.826e-07
3.543e-23
1.826e-07
5.23835e-23
1.826e-07
5.64795e-23
1.826e-07
7.89836e-23
1.826e-07
4.56893e-23
1.826e-07
2.60835e-23
1.826e-07
3.50434e-23
1.826e-07
4.80877e-23
1.826e-07
3.97612e-24
1.826e-07
-1.45124e-23
1.826e-07
-1.90105e-23
1.826e-07
3.03242e-23
1.826e-07
8.47168e-23
1.826e-07
2.26198e-23
-2.7044e-23
2.158e-07
-1.89901e-23
2.158e-07
-7.28019e-24
2.158e-07
-3.47218e-23
2.158e-07
-2.13368e-23
2.158e-07
-4.10521e-23
2.158e-07
-4.46532e-23
2.158e-07
-3.53315e-23
2.158e-07
-4.93813e-23
2.158e-07
-5.91146e-25
2.158e-07
3.33067e-23
2.158e-07
2.70788e-23
2.158e-07
6.32611e-23
2.158e-07
5.3777e-23
2.158e-07
1.67716e-23
2.158e-07
2.4643e-23
2.158e-07
6.33194e-23
2.158e-07
1.50871e-23
2.158e-07
-2.49323e-23
2.158e-07
-6.08115e-24
2.158e-07
1.21233e-24
2.158e-07
-4.89554e-24
2.158e-07
-4.66751e-23
2.158e-07
-6.15211e-23
2.158e-07
2.22882e-23
2.158e-07
1.92096e-23
2.158e-07
-2.33512e-23
2.158e-07
-1.60933e-23
2.158e-07
-3.43047e-23
2.158e-07
-3.49867e-23
2.158e-07
-2.47392e-24
2.158e-07
1.8302e-23
2.158e-07
9.54813e-24
2.158e-07
-2.28463e-23
2.158e-07
-4.05512e-23
2.158e-07
-1.03537e-24
2.158e-07
4.73837e-23
2.158e-07
7.5834e-23
2.158e-07
8.01076e-23
2.158e-07
8.137e-23
2.158e-07
4.3084e-23
2.158e-07
-9.55704e-25
2.158e-07
-6.3967e-24
2.158e-07
3.33511e-23
2.158e-07
-1.41514e-23
2.158e-07
-2.1797e-23
2.158e-07
-9.04125e-24
2.158e-07
2.88575e-23
2.158e-07
7.75609e-23
2.158e-07
7.02059e-24
-3.71635e-23
2.49e-07
-1.51564e-23
2.49e-07
-4.54666e-24
2.49e-07
-2.08474e-23
2.49e-07
-6.73119e-23
2.49e-07
-5.2267e-23
2.49e-07
-1.27766e-23
2.49e-07
-4.08972e-23
2.49e-07
-4.9425e-23
2.49e-07
-1.32927e-23
2.49e-07
2.67482e-23
2.49e-07
4.20309e-23
2.49e-07
4.02896e-23
2.49e-07
3.71566e-23
2.49e-07
-1.21012e-23
2.49e-07
1.48269e-23
2.49e-07
3.70498e-23
2.49e-07
1.17033e-23
2.49e-07
1.8548e-23
2.49e-07
2.33339e-23
2.49e-07
1.06492e-23
2.49e-07
9.35288e-24
2.49e-07
-4.50721e-23
2.49e-07
-7.82872e-23
2.49e-07
-4.59503e-23
2.49e-07
1.54302e-23
2.49e-07
3.30133e-23
2.49e-07
-1.96259e-23
2.49e-07
-2.84931e-23
2.49e-07
-1.95091e-23
2.49e-07
2.82297e-23
2.49e-07
6.3813e-24
2.49e-07
2.1205e-23
2.49e-07
-1.55232e-23
2.49e-07
-3.67489e-23
2.49e-07
-3.79085e-23
2.49e-07
4.58607e-23
2.49e-07
8.38942e-23
2.49e-07
5.25915e-23
2.49e-07
4.52792e-23
2.49e-07
-3.30155e-24
2.49e-07
-5.40102e-24
2.49e-07
-2.41491e-24
2.49e-07
1.55944e-23
2.49e-07
-1.82064e-23
2.49e-07
-3.83848e-23
2.49e-07
-1.65964e-23
2.49e-07
3.55499e-23
2.49e-07
6.43366e-23
2.49e-07
-1.28537e-23
-4.3575e-23
2.822e-07
2.99303e-23
2.822e-07
1.29362e-23
2.822e-07
-2.92102e-24
2.822e-07
-1.81939e-23
2.822e-07
-5.51929e-23
2.822e-07
-4.77592e-23
2.822e-07
-2.58539e-23
2.822e-07
-1.63287e-23
2.822e-07
1.46347e-24
2.822e-07
2.51887e-23
2.822e-07
3.2458e-23
2.822e-07
1.09621e-23
2.822e-07
3.17653e-24
2.822e-07
-5.01435e-24
2.822e-07
5.74003e-25
2.822e-07
3.40578e-23
2.822e-07
2.14417e-23
2.822e-07
4.54257e-23
2.822e-07
4.37153e-23
2.822e-07
2.33895e-23
2.822e-07
5.76977e-24
2.822e-07
-5.06787e-23
2.822e-07
-8.09177e-23
2.822e-07
-4.06754e-23
2.822e-07
1.82927e-24
2.822e-07
2.08363e-24
2.822e-07
-1.77544e-24
2.822e-07
-2.34392e-23
2.822e-07
2.53345e-24
2.822e-07
1.19468e-23
2.822e-07
1.44942e-23
2.822e-07
3.79274e-24
2.822e-07
-2.29327e-23
2.822e-07
-2.6666e-23
2.822e-07
-9.99479e-24
2.822e-07
1.58603e-23
2.822e-07
3.41944e-23
2.822e-07
2.11746e-23
2.822e-07
3.57487e-23
2.822e-07
1.88149e-23
2.822e-07
-1.34507e-23
2.822e-07
-3.73079e-24
2.822e-07
1.36918e-23
2.822e-07
-2.75563e-23
2.822e-07
-2.62315e-23
2.822e-07
-2.05267e-23
2.822e-07
-1.33304e-23
2.822e-07
4.20984e-23
2.822e-07
-1.57543e-25
-3.23164e-23
3.154e-07
3.154e-07
3.154e-07
3.154e-07
3.154e-07
3.154e-07
3.154e-07
3.154e-07
3.154e-07
3.154e-07
3.154e-07
3.154e-07
3.154e-07
3.154e-07
3.154e-07
3.154e-07
3.154e-07
3.154e-07
3.154e-07
3.154e-07
3.154e-07
3.154e-07
3.154e-07
3.154e-07
3.154e-07
3.154e-07
3.154e-07
3.154e-07
3.154e-07
3.154e-07
3.154e-07
3.154e-07
3.154e-07
3.154e-07
3.154e-07
3.154e-07
3.154e-07
3.154e-07
3.154e-07
3.154e-07
3.154e-07
3.154e-07
3.154e-07
3.154e-07
3.154e-07
3.154e-07
3.154e-07
3.154e-07
3.154e-07
)
;

boundaryField
{
    movingWall
    {
        type            calculated;
        value           uniform 0;
    }
    Inlet
    {
        type            calculated;
        value           nonuniform List<scalar> 10(-1.66e-08 -4.98e-08 -8.3e-08 -1.162e-07 -1.494e-07 -1.826e-07 -2.158e-07 -2.49e-07 -2.822e-07 -3.154e-07);
    }
    Outlet
    {
        type            calculated;
        value           nonuniform List<scalar> 10(1.66e-08 4.98e-08 8.3e-08 1.162e-07 1.494e-07 1.826e-07 2.158e-07 2.49e-07 2.822e-07 3.154e-07);
    }
    Bottom
    {
        type            calculated;
        value           uniform 0;
    }
    frontAndBack
    {
        type            empty;
        value           nonuniform 0();
    }
}


// ************************************************************************* //
