/*--------------------------------*- C++ -*----------------------------------*\
| =========                 |                                                 |
| \\      /  F ield         | OpenFOAM: The Open Source CFD Toolbox           |
|  \\    /   O peration     | Version:  5.x                                   |
|   \\  /    A nd           | Web:      www.OpenFOAM.org                      |
|    \\/     M anipulation  |                                                 |
\*---------------------------------------------------------------------------*/
FoamFile
{
    version     2.0;
    format      ascii;
    class       volVectorField;
    location    "0.8";
    object      U;
}
// * * * * * * * * * * * * * * * * * * * * * * * * * * * * * * * * * * * * * //

dimensions      [0 1 -1 0 0 0 0];

internalField   nonuniform List<vector> 
500
(
(0.0415 -2.13472e-17 0)
(0.0415 -1.52558e-17 0)
(0.0415 -1.57864e-17 0)
(0.0415 -6.89614e-18 0)
(0.0415 -4.1191e-18 0)
(0.0415 -7.64017e-18 0)
(0.0415 -1.04556e-17 0)
(0.0415 -7.40554e-18 0)
(0.0415 2.02111e-18 0)
(0.0415 1.12745e-18 0)
(0.0415 -7.21539e-18 0)
(0.0415 5.34029e-18 0)
(0.0415 -3.70593e-18 0)
(0.0415 -9.64287e-18 0)
(0.0415 7.13122e-18 0)
(0.0415 1.87333e-17 0)
(0.0415 -9.14512e-18 0)
(0.0415 -2.91477e-18 0)
(0.0415 6.77876e-18 0)
(0.0415 -7.84613e-18 0)
(0.0415 -2.78436e-18 0)
(0.0415 2.33392e-18 0)
(0.0415 1.08569e-18 0)
(0.0415 1.60146e-17 0)
(0.0415 -1.7834e-19 0)
(0.0415 -1.74818e-17 0)
(0.0415 -6.08887e-18 0)
(0.0415 -8.02109e-18 0)
(0.0415 -1.87113e-17 0)
(0.0415 8.74126e-18 0)
(0.0415 -6.42537e-18 0)
(0.0415 -6.93543e-18 0)
(0.0415 1.31605e-17 0)
(0.0415 -2.27507e-17 0)
(0.0415 -8.37364e-18 0)
(0.0415 4.24124e-17 0)
(0.0415 1.09469e-17 0)
(0.0415 7.26534e-18 0)
(0.0415 -3.46759e-18 0)
(0.0415 -1.12885e-17 0)
(0.0415 1.98019e-17 0)
(0.0415 2.99835e-18 0)
(0.0415 1.19554e-18 0)
(0.0415 1.09667e-17 0)
(0.0415 -2.85496e-17 0)
(0.0415 -2.87677e-17 0)
(0.0415 8.2865e-18 0)
(0.0415 1.55738e-17 0)
(0.0415 2.53609e-18 0)
(0.0415 -2.52611e-17 0)
(0.1245 -6.48957e-17 0)
(0.1245 -5.59915e-17 0)
(0.1245 -3.86257e-17 0)
(0.1245 -2.432e-17 0)
(0.1245 -2.93564e-17 0)
(0.1245 -1.23535e-17 0)
(0.1245 -8.62373e-19 0)
(0.1245 1.26699e-19 0)
(0.1245 1.89499e-17 0)
(0.1245 2.84546e-17 0)
(0.1245 8.47882e-18 0)
(0.1245 1.52216e-17 0)
(0.1245 8.90776e-18 0)
(0.1245 -5.96194e-18 0)
(0.1245 2.97285e-17 0)
(0.1245 4.44178e-17 0)
(0.1245 -1.51705e-17 0)
(0.1245 -2.46097e-17 0)
(0.1245 -5.59205e-18 0)
(0.1245 -3.08213e-17 0)
(0.1245 2.66206e-18 0)
(0.1245 -8.56773e-18 0)
(0.1245 -2.72383e-17 0)
(0.1245 2.07669e-17 0)
(0.1245 -3.01849e-17 0)
(0.1245 -4.05941e-17 0)
(0.1245 -3.65605e-17 0)
(0.1245 -5.04566e-17 0)
(0.1245 -3.22194e-17 0)
(0.1245 8.32479e-18 0)
(0.1245 4.6238e-18 0)
(0.1245 -3.41597e-18 0)
(0.1245 9.19429e-18 0)
(0.1245 -1.42771e-17 0)
(0.1245 -1.8646e-19 0)
(0.1245 6.92084e-17 0)
(0.1245 1.65383e-17 0)
(0.1245 9.71675e-18 0)
(0.1245 2.31789e-17 0)
(0.1245 -5.93106e-18 0)
(0.1245 1.60517e-17 0)
(0.1245 5.86163e-17 0)
(0.1245 3.56118e-17 0)
(0.1245 -4.90298e-20 0)
(0.1245 -5.34434e-17 0)
(0.1245 6.16726e-18 0)
(0.1245 2.36191e-17 0)
(0.1245 4.99815e-17 0)
(0.1245 9.92327e-17 0)
(0.1245 2.64267e-17 0)
(0.2075 -1.05739e-16 0)
(0.2075 -8.71151e-17 0)
(0.2075 -6.46209e-17 0)
(0.2075 -4.82996e-17 0)
(0.2075 -4.44591e-17 0)
(0.2075 -2.44308e-17 0)
(0.2075 -6.53247e-18 0)
(0.2075 3.2952e-17 0)
(0.2075 3.48364e-17 0)
(0.2075 4.43825e-17 0)
(0.2075 3.80115e-17 0)
(0.2075 1.83808e-17 0)
(0.2075 3.67642e-17 0)
(0.2075 1.28374e-17 0)
(0.2075 4.23462e-17 0)
(0.2075 6.48248e-17 0)
(0.2075 -3.54927e-17 0)
(0.2075 -5.58608e-17 0)
(0.2075 -9.14086e-18 0)
(0.2075 -1.79234e-17 0)
(0.2075 1.40478e-18 0)
(0.2075 -1.84552e-17 0)
(0.2075 -2.81022e-17 0)
(0.2075 7.71634e-18 0)
(0.2075 -6.24861e-17 0)
(0.2075 -1.01488e-16 0)
(0.2075 -4.68477e-17 0)
(0.2075 -6.6521e-17 0)
(0.2075 -6.49157e-17 0)
(0.2075 5.29335e-18 0)
(0.2075 -1.43897e-17 0)
(0.2075 -6.70083e-18 0)
(0.2075 4.83214e-17 0)
(0.2075 -2.27969e-17 0)
(0.2075 -2.68024e-17 0)
(0.2075 9.07383e-17 0)
(0.2075 3.9285e-17 0)
(0.2075 6.0088e-17 0)
(0.2075 1.93523e-17 0)
(0.2075 -9.00109e-19 0)
(0.2075 9.73258e-17 0)
(0.2075 9.68734e-17 0)
(0.2075 5.23609e-17 0)
(0.2075 -3.04077e-17 0)
(0.2075 -8.92673e-18 0)
(0.2075 4.26902e-17 0)
(0.2075 4.94847e-18 0)
(0.2075 8.94939e-17 0)
(0.2075 1.49176e-16 0)
(0.2075 6.84272e-17 0)
(0.2905 -1.41477e-16 0)
(0.2905 -1.24836e-16 0)
(0.2905 -8.34769e-17 0)
(0.2905 -7.46971e-17 0)
(0.2905 -6.47255e-17 0)
(0.2905 3.76932e-18 0)
(0.2905 1.74786e-17 0)
(0.2905 1.38967e-17 0)
(0.2905 6.62003e-17 0)
(0.2905 8.12269e-17 0)
(0.2905 6.22909e-17 0)
(0.2905 4.25997e-17 0)
(0.2905 6.59896e-17 0)
(0.2905 5.7595e-17 0)
(0.2905 6.49115e-17 0)
(0.2905 3.84608e-17 0)
(0.2905 -5.10674e-17 0)
(0.2905 -2.27618e-17 0)
(0.2905 -1.64477e-17 0)
(0.2905 -4.24327e-17 0)
(0.2905 -1.05139e-17 0)
(0.2905 -6.10553e-18 0)
(0.2905 -3.8859e-17 0)
(0.2905 -3.59091e-17 0)
(0.2905 -4.46963e-17 0)
(0.2905 -9.12214e-17 0)
(0.2905 -7.67633e-17 0)
(0.2905 -1.08491e-16 0)
(0.2905 -9.04038e-17 0)
(0.2905 -2.64073e-17 0)
(0.2905 -1.70929e-17 0)
(0.2905 1.13283e-17 0)
(0.2905 2.13891e-17 0)
(0.2905 -3.72682e-17 0)
(0.2905 1.22609e-17 0)
(0.2905 1.02687e-16 0)
(0.2905 7.29565e-17 0)
(0.2905 2.51526e-17 0)
(0.2905 4.40956e-17 0)
(0.2905 7.40089e-17 0)
(0.2905 9.68427e-17 0)
(0.2905 1.12717e-16 0)
(0.2905 9.90957e-17 0)
(0.2905 1.87506e-17 0)
(0.2905 -9.54989e-18 0)
(0.2905 -1.47671e-17 0)
(0.2905 3.87943e-17 0)
(0.2905 1.68376e-16 0)
(0.2905 1.15091e-16 0)
(0.2905 2.2928e-17 0)
(0.3735 -1.33917e-16 0)
(0.3735 -1.28153e-16 0)
(0.3735 -1.01392e-16 0)
(0.3735 -1.11407e-16 0)
(0.3735 -6.1897e-17 0)
(0.3735 3.12093e-18 0)
(0.3735 1.84689e-17 0)
(0.3735 1.06007e-17 0)
(0.3735 6.3719e-17 0)
(0.3735 8.03639e-17 0)
(0.3735 7.5821e-17 0)
(0.3735 1.08352e-16 0)
(0.3735 1.27456e-16 0)
(0.3735 9.33118e-17 0)
(0.3735 7.44904e-17 0)
(0.3735 3.69956e-17 0)
(0.3735 -2.66899e-17 0)
(0.3735 -2.47066e-17 0)
(0.3735 -3.81465e-17 0)
(0.3735 -7.29621e-17 0)
(0.3735 -1.23287e-17 0)
(0.3735 -1.65989e-18 0)
(0.3735 -5.61477e-17 0)
(0.3735 -2.54823e-17 0)
(0.3735 -1.61814e-17 0)
(0.3735 -6.49349e-17 0)
(0.3735 -8.24222e-17 0)
(0.3735 -1.13029e-16 0)
(0.3735 -9.05796e-17 0)
(0.3735 -4.56924e-17 0)
(0.3735 -4.12905e-17 0)
(0.3735 1.20154e-17 0)
(0.3735 2.38472e-17 0)
(0.3735 -6.99637e-17 0)
(0.3735 3.33285e-18 0)
(0.3735 9.7984e-17 0)
(0.3735 9.23508e-17 0)
(0.3735 6.87335e-17 0)
(0.3735 8.95355e-17 0)
(0.3735 1.38927e-16 0)
(0.3735 8.89837e-17 0)
(0.3735 1.12877e-16 0)
(0.3735 1.0344e-16 0)
(0.3735 5.99479e-17 0)
(0.3735 8.00293e-18 0)
(0.3735 -4.17893e-17 0)
(0.3735 5.31945e-17 0)
(0.3735 2.01508e-16 0)
(0.3735 1.3989e-16 0)
(0.3735 9.51762e-18 0)
(0.4565 -1.08969e-16 0)
(0.4565 -1.14924e-16 0)
(0.4565 -1.06896e-16 0)
(0.4565 -8.83408e-17 0)
(0.4565 -5.94008e-17 0)
(0.4565 -4.17585e-17 0)
(0.4565 -3.52766e-17 0)
(0.4565 1.04785e-17 0)
(0.4565 4.76435e-17 0)
(0.4565 4.36607e-17 0)
(0.4565 8.84017e-17 0)
(0.4565 1.36658e-16 0)
(0.4565 1.91562e-16 0)
(0.4565 1.35714e-16 0)
(0.4565 9.19826e-17 0)
(0.4565 9.00307e-17 0)
(0.4565 -4.98212e-18 0)
(0.4565 -6.30989e-17 0)
(0.4565 -2.747e-17 0)
(0.4565 -1.0953e-16 0)
(0.4565 -6.50385e-17 0)
(0.4565 -1.69435e-17 0)
(0.4565 -8.21021e-17 0)
(0.4565 -5.50647e-18 0)
(0.4565 -1.67749e-17 0)
(0.4565 -2.0972e-17 0)
(0.4565 -4.67581e-17 0)
(0.4565 -1.45756e-16 0)
(0.4565 -7.93874e-17 0)
(0.4565 -6.0552e-17 0)
(0.4565 -1.07236e-17 0)
(0.4565 4.14122e-17 0)
(0.4565 -1.90955e-17 0)
(0.4565 -5.90533e-17 0)
(0.4565 -3.46441e-17 0)
(0.4565 9.76385e-17 0)
(0.4565 1.40756e-16 0)
(0.4565 1.31985e-16 0)
(0.4565 1.59166e-16 0)
(0.4565 1.14147e-16 0)
(0.4565 7.18865e-17 0)
(0.4565 1.3311e-16 0)
(0.4565 1.34838e-16 0)
(0.4565 2.12576e-17 0)
(0.4565 -2.81379e-17 0)
(0.4565 -3.15235e-17 0)
(0.4565 9.66486e-17 0)
(0.4565 2.08334e-16 0)
(0.4565 1.70738e-17 0)
(0.4565 -8.09738e-17 0)
(0.5395 -8.35001e-17 0)
(0.5395 -6.00147e-17 0)
(0.5395 -1.04872e-16 0)
(0.5395 -6.96052e-17 0)
(0.5395 -6.84375e-17 0)
(0.5395 -1.027e-16 0)
(0.5395 -8.91179e-17 0)
(0.5395 -5.80534e-17 0)
(0.5395 2.26552e-17 0)
(0.5395 6.48269e-17 0)
(0.5395 6.86601e-17 0)
(0.5395 1.56411e-16 0)
(0.5395 1.57925e-16 0)
(0.5395 7.87332e-17 0)
(0.5395 9.52715e-17 0)
(0.5395 1.53022e-16 0)
(0.5395 3.96695e-17 0)
(0.5395 -6.2659e-17 0)
(0.5395 -3.22026e-17 0)
(0.5395 -5.47781e-17 0)
(0.5395 -7.56489e-17 0)
(0.5395 -8.54245e-17 0)
(0.5395 -1.19741e-16 0)
(0.5395 2.36683e-17 0)
(0.5395 3.12023e-17 0)
(0.5395 -6.40141e-17 0)
(0.5395 -4.52857e-17 0)
(0.5395 -1.03004e-16 0)
(0.5395 -1.00252e-16 0)
(0.5395 -2.07826e-17 0)
(0.5395 4.52238e-17 0)
(0.5395 4.11288e-17 0)
(0.5395 -3.55843e-17 0)
(0.5395 -8.09348e-17 0)
(0.5395 -4.54507e-17 0)
(0.5395 1.01803e-16 0)
(0.5395 1.69408e-16 0)
(0.5395 1.76478e-16 0)
(0.5395 2.0891e-16 0)
(0.5395 1.15837e-16 0)
(0.5395 4.78813e-17 0)
(0.5395 3.102e-17 0)
(0.5395 9.95657e-17 0)
(0.5395 -1.22153e-17 0)
(0.5395 -3.97593e-17 0)
(0.5395 -2.11773e-17 0)
(0.5395 7.52137e-17 0)
(0.5395 1.89967e-16 0)
(0.5395 4.00742e-17 0)
(0.5395 -7.88167e-17 0)
(0.6225 -3.42806e-17 0)
(0.6225 -1.49735e-17 0)
(0.6225 -7.6026e-17 0)
(0.6225 -1.27633e-16 0)
(0.6225 -1.34366e-16 0)
(0.6225 -7.20956e-17 0)
(0.6225 -9.24883e-17 0)
(0.6225 -1.24935e-16 0)
(0.6225 -2.23247e-17 0)
(0.6225 8.35191e-17 0)
(0.6225 8.16714e-17 0)
(0.6225 1.45815e-16 0)
(0.6225 9.60354e-17 0)
(0.6225 1.10053e-17 0)
(0.6225 6.49959e-17 0)
(0.6225 1.34776e-16 0)
(0.6225 3.06041e-17 0)
(0.6225 -1.14617e-17 0)
(0.6225 2.67009e-17 0)
(0.6225 3.43058e-17 0)
(0.6225 9.22912e-18 0)
(0.6225 -1.36487e-16 0)
(0.6225 -1.74435e-16 0)
(0.6225 -3.91755e-17 0)
(0.6225 4.63449e-17 0)
(0.6225 -2.35131e-18 0)
(0.6225 -2.82803e-17 0)
(0.6225 -7.01887e-17 0)
(0.6225 -8.2652e-17 0)
(0.6225 4.00665e-17 0)
(0.6225 3.22597e-17 0)
(0.6225 3.08131e-17 0)
(0.6225 -3.81114e-17 0)
(0.6225 -1.11122e-16 0)
(0.6225 -7.06366e-17 0)
(0.6225 1.27458e-16 0)
(0.6225 2.26977e-16 0)
(0.6225 1.88722e-16 0)
(0.6225 1.6195e-16 0)
(0.6225 3.58774e-17 0)
(0.6225 -2.02227e-17 0)
(0.6225 -2.741e-17 0)
(0.6225 5.93141e-17 0)
(0.6225 -3.90725e-17 0)
(0.6225 -6.4969e-17 0)
(0.6225 -2.25948e-17 0)
(0.6225 6.77612e-17 0)
(0.6225 1.80284e-16 0)
(0.6225 1.17794e-17 0)
(0.6225 -1.0007e-16 0)
(0.7055 3.70446e-17 0)
(0.7055 1.48637e-17 0)
(0.7055 -1.61625e-17 0)
(0.7055 -9.62475e-17 0)
(0.7055 -1.44627e-16 0)
(0.7055 -7.90523e-17 0)
(0.7055 -8.51733e-17 0)
(0.7055 -9.88242e-17 0)
(0.7055 -3.83815e-17 0)
(0.7055 6.49873e-17 0)
(0.7055 1.1422e-16 0)
(0.7055 6.86204e-17 0)
(0.7055 6.38099e-17 0)
(0.7055 -3.18413e-17 0)
(0.7055 -2.0728e-18 0)
(0.7055 8.37335e-17 0)
(0.7055 5.89884e-17 0)
(0.7055 1.08283e-16 0)
(0.7055 9.37274e-17 0)
(0.7055 3.42022e-17 0)
(0.7055 3.53533e-17 0)
(0.7055 -1.2357e-16 0)
(0.7055 -2.40935e-16 0)
(0.7055 -1.11382e-16 0)
(0.7055 2.32977e-17 0)
(0.7055 5.64043e-17 0)
(0.7055 -1.70426e-17 0)
(0.7055 -6.72593e-17 0)
(0.7055 -7.84074e-18 0)
(0.7055 3.60362e-17 0)
(0.7055 3.90612e-17 0)
(0.7055 4.64344e-17 0)
(0.7055 -7.11462e-17 0)
(0.7055 -8.63787e-17 0)
(0.7055 -5.73498e-17 0)
(0.7055 7.67399e-17 0)
(0.7055 1.46606e-16 0)
(0.7055 9.42267e-17 0)
(0.7055 1.13753e-16 0)
(0.7055 2.85757e-17 0)
(0.7055 -4.18634e-17 0)
(0.7055 2.4792e-18 0)
(0.7055 3.9281e-17 0)
(0.7055 -8.11894e-17 0)
(0.7055 -1.06974e-16 0)
(0.7055 -6.85028e-17 0)
(0.7055 3.85832e-17 0)
(0.7055 1.59685e-16 0)
(0.7055 -2.85034e-17 0)
(0.7055 -1.09199e-16 0)
(0.7885 3.92052e-17 0)
(0.7885 3.34187e-17 0)
(0.7885 -9.61759e-18 0)
(0.7885 -4.07244e-17 0)
(0.7885 -6.6802e-17 0)
(0.7885 -7.25932e-17 0)
(0.7885 -4.38833e-17 0)
(0.7885 -1.50658e-18 0)
(0.7885 3.53985e-17 0)
(0.7885 2.29833e-17 0)
(0.7885 2.13973e-17 0)
(0.7885 -5.09235e-18 0)
(0.7885 1.07501e-18 0)
(0.7885 -3.37697e-17 0)
(0.7885 -5.59799e-18 0)
(0.7885 6.25234e-17 0)
(0.7885 3.49603e-17 0)
(0.7885 5.45864e-17 0)
(0.7885 7.75449e-17 0)
(0.7885 4.14841e-17 0)
(0.7885 7.09133e-18 0)
(0.7885 -5.84726e-17 0)
(0.7885 -9.9041e-17 0)
(0.7885 -6.25537e-17 0)
(0.7885 1.15225e-17 0)
(0.7885 1.40485e-17 0)
(0.7885 -3.44999e-17 0)
(0.7885 -3.70787e-17 0)
(0.7885 1.78943e-17 0)
(0.7885 2.85125e-17 0)
(0.7885 -1.74013e-17 0)
(0.7885 -2.37369e-17 0)
(0.7885 -5.13634e-18 0)
(0.7885 -9.56615e-18 0)
(0.7885 6.28604e-18 0)
(0.7885 1.6434e-17 0)
(0.7885 2.04564e-17 0)
(0.7885 9.1885e-18 0)
(0.7885 3.76745e-17 0)
(0.7885 3.23891e-17 0)
(0.7885 7.35104e-18 0)
(0.7885 -1.939e-17 0)
(0.7885 -2.35043e-18 0)
(0.7885 -4.15165e-17 0)
(0.7885 -3.88581e-17 0)
(0.7885 -3.11642e-17 0)
(0.7885 -2.10183e-17 0)
(0.7885 5.16422e-17 0)
(0.7885 -1.89513e-17 0)
(0.7885 -5.93372e-17 0)
)
;

boundaryField
{
    movingWall
    {
        type            fixedValue;
        value           uniform (0.83 0 0);
    }
    Inlet
    {
        type            zeroGradient;
    }
    Outlet
    {
        type            zeroGradient;
    }
    Bottom
    {
        type            fixedValue;
        value           uniform (0 0 0);
    }
    frontAndBack
    {
        type            empty;
    }
}


// ************************************************************************* //
