/*--------------------------------*- C++ -*----------------------------------*\
| =========                 |                                                 |
| \\      /  F ield         | OpenFOAM: The Open Source CFD Toolbox           |
|  \\    /   O peration     | Version:  5.x                                   |
|   \\  /    A nd           | Web:      www.OpenFOAM.org                      |
|    \\/     M anipulation  |                                                 |
\*---------------------------------------------------------------------------*/
FoamFile
{
    version     2.0;
    format      ascii;
    class       surfaceScalarField;
    location    "0.3";
    object      phi;
}
// * * * * * * * * * * * * * * * * * * * * * * * * * * * * * * * * * * * * * //

dimensions      [0 3 -1 0 0 0 0];

internalField   nonuniform List<scalar> 
940
(
1.66e-08
-8.96395e-20
1.66e-08
-8.91746e-20
1.66e-08
-5.43052e-20
1.66e-08
-3.04674e-20
1.66e-08
-1.68877e-20
1.66e-08
-9.14238e-21
1.66e-08
-4.80819e-21
1.66e-08
-2.46412e-21
1.66e-08
-1.243e-21
1.66e-08
-6.19321e-22
1.66e-08
-3.17202e-22
1.66e-08
-1.62858e-22
1.66e-08
-8.92454e-23
1.66e-08
-6.39459e-23
1.66e-08
-3.66181e-23
1.66e-08
-2.65613e-23
1.66e-08
-3.45766e-23
1.66e-08
-2.91876e-23
1.66e-08
-2.03965e-23
1.66e-08
-2.75951e-23
1.66e-08
-1.79599e-23
1.66e-08
-1.90948e-23
1.66e-08
-1.75346e-23
1.66e-08
-2.72936e-24
1.66e-08
-1.30892e-23
1.66e-08
-1.50491e-23
1.66e-08
-7.22648e-24
1.66e-08
-8.64622e-24
1.66e-08
-7.15214e-24
1.66e-08
1.10806e-23
1.66e-08
8.74716e-24
1.66e-08
4.25457e-24
1.66e-08
1.17804e-23
1.66e-08
-9.62418e-25
1.66e-08
6.21563e-24
1.66e-08
3.77703e-23
1.66e-08
3.68083e-23
1.66e-08
6.17016e-23
1.66e-08
1.0352e-22
1.66e-08
1.69863e-22
1.66e-08
3.25211e-22
1.66e-08
6.25693e-22
1.66e-08
1.23313e-21
1.66e-08
2.49235e-21
1.66e-08
5.03185e-21
1.66e-08
1.00065e-20
1.66e-08
1.9402e-20
1.66e-08
3.73053e-20
1.66e-08
6.67479e-20
6.70722e-20
4.98e-08
-1.58054e-19
4.98e-08
-1.6487e-19
4.98e-08
-1.14879e-19
4.98e-08
-7.01346e-20
4.98e-08
-4.10077e-20
4.98e-08
-2.32739e-20
4.98e-08
-1.27883e-20
4.98e-08
-6.83117e-21
4.98e-08
-3.56412e-21
4.98e-08
-1.83519e-21
4.98e-08
-9.5067e-22
4.98e-08
-4.97784e-22
4.98e-08
-2.7068e-22
4.98e-08
-1.69729e-22
4.98e-08
-1.07486e-22
4.98e-08
-7.11516e-23
4.98e-08
-7.48546e-23
4.98e-08
-6.82199e-23
4.98e-08
-5.44862e-23
4.98e-08
-6.409e-23
4.98e-08
-5.00891e-23
4.98e-08
-4.97836e-23
4.98e-08
-5.38028e-23
4.98e-08
-2.94756e-23
4.98e-08
-4.2703e-23
4.98e-08
-4.43628e-23
4.98e-08
-2.75235e-23
4.98e-08
-2.99603e-23
4.98e-08
-1.95385e-23
4.98e-08
9.49588e-24
4.98e-08
1.37663e-23
4.98e-08
1.21366e-23
4.98e-08
2.39944e-23
4.98e-08
2.86114e-24
4.98e-08
1.83093e-23
4.98e-08
7.62962e-23
4.98e-08
9.88334e-23
4.98e-08
1.65443e-22
4.98e-08
2.71458e-22
4.98e-08
4.53061e-22
4.98e-08
8.56025e-22
4.98e-08
1.61348e-21
4.98e-08
3.09389e-21
4.98e-08
6.00367e-21
4.98e-08
1.16556e-20
4.98e-08
2.2127e-20
4.98e-08
4.08444e-20
4.98e-08
7.23671e-20
4.98e-08
1.1277e-19
1.09114e-19
8.3e-08
-1.64128e-19
8.3e-08
-1.75168e-19
8.3e-08
-1.30865e-19
8.3e-08
-8.43382e-20
8.3e-08
-5.12595e-20
8.3e-08
-2.9977e-20
8.3e-08
-1.6899e-20
8.3e-08
-9.21321e-21
8.3e-08
-4.86217e-21
8.3e-08
-2.50755e-21
8.3e-08
-1.2846e-21
8.3e-08
-6.55251e-22
8.3e-08
-3.34186e-22
8.3e-08
-1.94225e-22
8.3e-08
-1.13827e-22
8.3e-08
-7.19389e-23
8.3e-08
-9.55165e-23
8.3e-08
-7.62063e-23
8.3e-08
-6.80166e-23
8.3e-08
-7.71649e-23
8.3e-08
-6.95732e-23
8.3e-08
-6.60082e-23
8.3e-08
-7.59696e-23
8.3e-08
-4.732e-23
8.3e-08
-6.19132e-23
8.3e-08
-7.39576e-23
8.3e-08
-3.99616e-23
8.3e-08
-4.70023e-23
8.3e-08
-2.87959e-23
8.3e-08
4.19407e-25
8.3e-08
1.06461e-23
8.3e-08
1.23496e-23
8.3e-08
1.37678e-23
8.3e-08
-1.02169e-23
8.3e-08
1.77426e-23
8.3e-08
7.67927e-23
8.3e-08
1.00827e-22
8.3e-08
1.756e-22
8.3e-08
3.11044e-22
8.3e-08
5.56567e-22
8.3e-08
1.02163e-21
8.3e-08
1.901e-21
8.3e-08
3.5869e-21
8.3e-08
6.8114e-21
8.3e-08
1.29175e-20
8.3e-08
2.38684e-20
8.3e-08
4.25403e-20
8.3e-08
7.15716e-20
8.3e-08
1.04221e-19
9.87822e-20
1.162e-07
-1.1436e-19
1.162e-07
-1.22637e-19
1.162e-07
-9.49626e-20
1.162e-07
-6.31373e-20
1.162e-07
-3.92642e-20
1.162e-07
-2.33616e-20
1.162e-07
-1.33063e-20
1.162e-07
-7.26567e-21
1.162e-07
-3.78451e-21
1.162e-07
-1.87126e-21
1.162e-07
-8.79176e-22
1.162e-07
-3.56702e-22
1.162e-07
-1.21145e-22
1.162e-07
-5.81562e-23
1.162e-07
-2.87205e-23
1.162e-07
-1.88152e-23
1.162e-07
-4.78833e-23
1.162e-07
-5.71203e-23
1.162e-07
-4.14717e-23
1.162e-07
-6.27333e-23
1.162e-07
-5.36898e-23
1.162e-07
-7.00329e-23
1.162e-07
-9.91099e-23
1.162e-07
-8.63998e-23
1.162e-07
-6.28781e-23
1.162e-07
-7.61517e-23
1.162e-07
-6.9194e-23
1.162e-07
-7.0792e-23
1.162e-07
-4.63229e-23
1.162e-07
-6.4314e-24
1.162e-07
-1.23347e-23
1.162e-07
6.15502e-24
1.162e-07
-7.38833e-24
1.162e-07
-4.66858e-23
1.162e-07
-2.41734e-23
1.162e-07
1.75355e-23
1.162e-07
4.10554e-23
1.162e-07
6.48522e-23
1.162e-07
1.57823e-22
1.162e-07
2.85803e-22
1.162e-07
5.14469e-22
1.162e-07
9.8018e-22
1.162e-07
1.86625e-21
1.162e-07
3.51552e-21
1.162e-07
6.65165e-21
1.162e-07
1.22625e-20
1.162e-07
2.16412e-20
1.162e-07
3.55318e-20
1.162e-07
5.04898e-20
4.70958e-20
1.494e-07
-2.96551e-20
1.494e-07
-3.07442e-20
1.494e-07
-2.45019e-20
1.494e-07
-1.65658e-20
1.494e-07
-1.04131e-20
1.494e-07
-6.19475e-21
1.494e-07
-3.42506e-21
1.494e-07
-1.70204e-21
1.494e-07
-6.70555e-22
1.494e-07
-1.00983e-22
1.494e-07
1.50164e-22
1.494e-07
2.48198e-22
1.494e-07
2.56205e-22
1.494e-07
1.98285e-22
1.494e-07
1.57494e-22
1.494e-07
9.59222e-23
1.494e-07
4.02855e-23
1.494e-07
2.71498e-23
1.494e-07
-7.01898e-24
1.494e-07
-3.20004e-23
1.494e-07
-4.95532e-23
1.494e-07
-6.91724e-23
1.494e-07
-9.59871e-23
1.494e-07
-7.73088e-23
1.494e-07
-8.49353e-23
1.494e-07
-7.02601e-23
1.494e-07
-6.98047e-23
1.494e-07
-7.25399e-23
1.494e-07
-4.66405e-23
1.494e-07
-3.46887e-23
1.494e-07
-1.83508e-23
1.494e-07
-3.577e-24
1.494e-07
-3.05539e-23
1.494e-07
-8.25183e-23
1.494e-07
-1.08517e-22
1.494e-07
-6.31533e-23
1.494e-07
-6.95983e-23
1.494e-07
-1.13836e-22
1.494e-07
-1.69329e-22
1.494e-07
-2.37909e-22
1.494e-07
-4.15892e-22
1.494e-07
-7.26768e-22
1.494e-07
-1.31463e-21
1.494e-07
-2.36113e-21
1.494e-07
-4.16437e-21
1.494e-07
-7.09788e-21
1.494e-07
-1.17182e-20
1.494e-07
-1.85511e-20
1.494e-07
-2.52384e-20
-2.52092e-20
1.826e-07
6.02159e-20
1.826e-07
6.72702e-20
1.826e-07
5.14726e-20
1.826e-07
3.40496e-20
1.826e-07
2.10962e-20
1.826e-07
1.26245e-20
1.826e-07
7.41037e-21
1.826e-07
4.40642e-21
1.826e-07
2.74037e-21
1.826e-07
1.76433e-21
1.826e-07
1.18999e-21
1.826e-07
8.38003e-22
1.826e-07
5.94498e-22
1.826e-07
4.1285e-22
1.826e-07
3.1077e-22
1.826e-07
2.39443e-22
1.826e-07
1.26222e-22
1.826e-07
6.71178e-23
1.826e-07
5.01649e-23
1.826e-07
1.74941e-23
1.826e-07
-1.69924e-23
1.826e-07
-4.70576e-23
1.826e-07
-9.58616e-23
1.826e-07
-9.19348e-23
1.826e-07
-8.05595e-23
1.826e-07
-8.0108e-23
1.826e-07
-4.8191e-23
1.826e-07
-4.60928e-23
1.826e-07
-3.02988e-23
1.826e-07
-1.90467e-23
1.826e-07
1.72952e-24
1.826e-07
1.10184e-23
1.826e-07
-5.6835e-23
1.826e-07
-1.44085e-22
1.826e-07
-1.6152e-22
1.826e-07
-1.34669e-22
1.826e-07
-1.90175e-22
1.826e-07
-3.0484e-22
1.826e-07
-4.36402e-22
1.826e-07
-7.18115e-22
1.826e-07
-1.23799e-21
1.826e-07
-2.24025e-21
1.826e-07
-4.12817e-21
1.826e-07
-7.68363e-21
1.826e-07
-1.39439e-20
1.826e-07
-2.46459e-20
1.826e-07
-4.21237e-20
1.826e-07
-6.81633e-20
1.826e-07
-9.55359e-20
-9.27471e-20
2.158e-07
1.23782e-19
2.158e-07
1.35922e-19
2.158e-07
1.01521e-19
2.158e-07
6.52351e-20
2.158e-07
3.96043e-20
2.158e-07
2.32161e-20
2.158e-07
1.32671e-20
2.158e-07
7.53355e-21
2.158e-07
4.35365e-21
2.158e-07
2.59204e-21
2.158e-07
1.58842e-21
2.158e-07
1.03661e-21
2.158e-07
7.05177e-22
2.158e-07
4.73583e-22
2.158e-07
3.59187e-22
2.158e-07
2.90337e-22
2.158e-07
1.76518e-22
2.158e-07
8.92212e-23
2.158e-07
6.68511e-23
2.158e-07
4.80385e-23
2.158e-07
2.37038e-23
2.158e-07
-2.93523e-23
2.158e-07
-7.06336e-23
2.158e-07
-5.79998e-23
2.158e-07
-5.95067e-23
2.158e-07
-4.49337e-23
2.158e-07
-2.89632e-23
2.158e-07
-4.41807e-23
2.158e-07
-3.7079e-23
2.158e-07
3.54924e-24
2.158e-07
5.31923e-24
2.158e-07
-5.71764e-24
2.158e-07
-4.68079e-23
2.158e-07
-1.24432e-22
2.158e-07
-1.73318e-22
2.158e-07
-1.70122e-22
2.158e-07
-2.26961e-22
2.158e-07
-3.2906e-22
2.158e-07
-4.90893e-22
2.158e-07
-8.68124e-22
2.158e-07
-1.53519e-21
2.158e-07
-2.74454e-21
2.158e-07
-5.07637e-21
2.158e-07
-9.57518e-21
2.158e-07
-1.76841e-20
2.158e-07
-3.18712e-20
2.158e-07
-5.58443e-20
2.158e-07
-9.30225e-20
2.158e-07
-1.35202e-19
-1.31963e-19
2.49e-07
1.35689e-19
2.49e-07
1.45884e-19
2.49e-07
1.01885e-19
2.49e-07
6.19414e-20
2.49e-07
3.6082e-20
2.49e-07
2.05219e-20
2.49e-07
1.13773e-20
2.49e-07
6.24797e-21
2.49e-07
3.4873e-21
2.49e-07
2.01398e-21
2.49e-07
1.20557e-21
2.49e-07
7.401e-22
2.49e-07
5.06965e-22
2.49e-07
3.37643e-22
2.49e-07
2.50244e-22
2.49e-07
1.90685e-22
2.49e-07
1.46277e-22
2.49e-07
1.04964e-22
2.49e-07
6.54617e-23
2.49e-07
6.20511e-23
2.49e-07
3.23231e-23
2.49e-07
-3.02862e-23
2.49e-07
-6.61879e-23
2.49e-07
-4.59963e-23
2.49e-07
-2.33454e-23
2.49e-07
4.13382e-25
2.49e-07
-2.5752e-23
2.49e-07
-3.08563e-23
2.49e-07
3.82983e-25
2.49e-07
-1.49803e-25
2.49e-07
5.33918e-24
2.49e-07
1.03134e-23
2.49e-07
-3.18228e-23
2.49e-07
-8.60515e-23
2.49e-07
-1.22245e-22
2.49e-07
-1.05588e-22
2.49e-07
-1.44011e-22
2.49e-07
-2.57355e-22
2.49e-07
-3.84546e-22
2.49e-07
-6.26083e-22
2.49e-07
-1.09761e-21
2.49e-07
-2.02053e-21
2.49e-07
-3.79248e-21
2.49e-07
-7.30411e-21
2.49e-07
-1.37965e-20
2.49e-07
-2.55561e-20
2.49e-07
-4.63932e-20
2.49e-07
-8.13137e-20
2.49e-07
-1.26695e-19
-1.26515e-19
2.822e-07
8.28161e-20
2.822e-07
8.5933e-20
2.822e-07
5.22562e-20
2.822e-07
2.8911e-20
2.822e-07
1.59325e-20
2.822e-07
8.62204e-21
2.822e-07
4.5919e-21
2.822e-07
2.37994e-21
2.822e-07
1.25918e-21
2.822e-07
7.22476e-22
2.822e-07
4.40866e-22
2.822e-07
2.73232e-22
2.822e-07
1.52052e-22
2.822e-07
1.15717e-22
2.822e-07
8.10568e-23
2.822e-07
7.29491e-23
2.822e-07
4.78187e-23
2.822e-07
4.33903e-23
2.822e-07
6.98106e-23
2.822e-07
3.03422e-23
2.822e-07
5.66461e-24
2.822e-07
-2.74061e-23
2.822e-07
-4.76708e-23
2.822e-07
-2.22028e-23
2.822e-07
-2.2906e-23
2.822e-07
-1.78566e-23
2.822e-07
1.02725e-23
2.822e-07
-2.70418e-23
2.822e-07
-6.14918e-24
2.822e-07
1.93853e-23
2.822e-07
2.07626e-24
2.822e-07
1.77258e-23
2.822e-07
-2.49819e-23
2.822e-07
-2.28013e-23
2.822e-07
-6.39659e-24
2.822e-07
-6.23646e-23
2.822e-07
-7.64412e-23
2.822e-07
-9.53447e-23
2.822e-07
-1.24788e-22
2.822e-07
-2.26696e-22
2.822e-07
-4.18481e-22
2.822e-07
-7.2373e-22
2.822e-07
-1.43885e-21
2.822e-07
-2.82572e-21
2.822e-07
-5.5296e-21
2.822e-07
-1.07064e-20
2.822e-07
-2.04553e-20
2.822e-07
-3.83831e-20
2.822e-07
-6.83036e-20
-7.17333e-20
3.154e-07
3.154e-07
3.154e-07
3.154e-07
3.154e-07
3.154e-07
3.154e-07
3.154e-07
3.154e-07
3.154e-07
3.154e-07
3.154e-07
3.154e-07
3.154e-07
3.154e-07
3.154e-07
3.154e-07
3.154e-07
3.154e-07
3.154e-07
3.154e-07
3.154e-07
3.154e-07
3.154e-07
3.154e-07
3.154e-07
3.154e-07
3.154e-07
3.154e-07
3.154e-07
3.154e-07
3.154e-07
3.154e-07
3.154e-07
3.154e-07
3.154e-07
3.154e-07
3.154e-07
3.154e-07
3.154e-07
3.154e-07
3.154e-07
3.154e-07
3.154e-07
3.154e-07
3.154e-07
3.154e-07
3.154e-07
3.154e-07
)
;

boundaryField
{
    movingWall
    {
        type            calculated;
        value           uniform 0;
    }
    Inlet
    {
        type            calculated;
        value           nonuniform List<scalar> 10(-1.66e-08 -4.98e-08 -8.3e-08 -1.162e-07 -1.494e-07 -1.826e-07 -2.158e-07 -2.49e-07 -2.822e-07 -3.154e-07);
    }
    Outlet
    {
        type            calculated;
        value           nonuniform List<scalar> 10(1.66e-08 4.98e-08 8.3e-08 1.162e-07 1.494e-07 1.826e-07 2.158e-07 2.49e-07 2.822e-07 3.154e-07);
    }
    Bottom
    {
        type            calculated;
        value           uniform 0;
    }
    frontAndBack
    {
        type            empty;
        value           nonuniform 0();
    }
}


// ************************************************************************* //
