/*--------------------------------*- C++ -*----------------------------------*\
| =========                 |                                                 |
| \\      /  F ield         | OpenFOAM: The Open Source CFD Toolbox           |
|  \\    /   O peration     | Version:  5.x                                   |
|   \\  /    A nd           | Web:      www.OpenFOAM.org                      |
|    \\/     M anipulation  |                                                 |
\*---------------------------------------------------------------------------*/
FoamFile
{
    version     2.0;
    format      ascii;
    class       volVectorField;
    location    "0.3";
    object      U;
}
// * * * * * * * * * * * * * * * * * * * * * * * * * * * * * * * * * * * * * //

dimensions      [0 1 -1 0 0 0 0];

internalField   nonuniform List<vector> 
500
(
(0.0415 -1.04532e-13 0)
(0.0415 -8.59028e-14 0)
(0.0415 -3.90584e-14 0)
(0.0415 -2.07986e-14 0)
(0.0415 -1.14115e-14 0)
(0.0415 -5.81052e-15 0)
(0.0415 -2.81765e-15 0)
(0.0415 -1.3346e-15 0)
(0.0415 -6.2402e-16 0)
(0.0415 -2.87108e-16 0)
(0.0415 -1.43746e-16 0)
(0.0415 -6.64145e-17 0)
(0.0415 -4.27618e-17 0)
(0.0415 -4.42649e-17 0)
(0.0415 -1.94499e-17 0)
(0.0415 -1.06601e-17 0)
(0.0415 -3.20104e-17 0)
(0.0415 -1.98341e-17 0)
(0.0415 -8.54576e-18 0)
(0.0415 -2.30267e-17 0)
(0.0415 -1.616e-17 0)
(0.0415 -1.53476e-17 0)
(0.0415 -1.25983e-17 0)
(0.0415 4.21547e-18 0)
(0.0415 -8.26184e-18 0)
(0.0415 -1.86737e-17 0)
(0.0415 2.98603e-18 0)
(0.0415 -4.31625e-18 0)
(0.0415 -9.97144e-18 0)
(0.0415 2.36533e-17 0)
(0.0415 1.01372e-17 0)
(0.0415 1.01212e-17 0)
(0.0415 2.32903e-17 0)
(0.0415 -1.8415e-17 0)
(0.0415 -2.64353e-18 0)
(0.0415 5.3228e-17 0)
(0.0415 2.86855e-17 0)
(0.0415 3.59586e-17 0)
(0.0415 5.3499e-17 0)
(0.0415 8.97159e-17 0)
(0.0415 2.25198e-16 0)
(0.0415 3.9733e-16 0)
(0.0415 7.91452e-16 0)
(0.0415 1.68708e-15 0)
(0.0415 3.591e-15 0)
(0.0415 7.47965e-15 0)
(0.0415 1.41753e-14 0)
(0.0415 2.7734e-14 0)
(0.0415 6.80465e-14 0)
(0.0415 8.22087e-14 0)
(0.1245 -3.40836e-13 0)
(0.1245 -3.50296e-13 0)
(0.1245 -2.34758e-13 0)
(0.1245 -1.37643e-13 0)
(0.1245 -7.78845e-14 0)
(0.1245 -4.30307e-14 0)
(0.1245 -2.31066e-14 0)
(0.1245 -1.20953e-14 0)
(0.1245 -6.20751e-15 0)
(0.1245 -3.16168e-15 0)
(0.1245 -1.64033e-15 0)
(0.1245 -8.60628e-16 0)
(0.1245 -4.83996e-16 0)
(0.1245 -3.18469e-16 0)
(0.1245 -1.97488e-16 0)
(0.1245 -1.39196e-16 0)
(0.1245 -1.5096e-16 0)
(0.1245 -1.29109e-16 0)
(0.1245 -1.00249e-16 0)
(0.1245 -1.29808e-16 0)
(0.1245 -8.37291e-17 0)
(0.1245 -8.6119e-17 0)
(0.1245 -8.90435e-17 0)
(0.1245 -3.22049e-17 0)
(0.1245 -6.9774e-17 0)
(0.1245 -7.09845e-17 0)
(0.1245 -4.33267e-17 0)
(0.1245 -4.24776e-17 0)
(0.1245 -2.57756e-17 0)
(0.1245 2.19849e-17 0)
(0.1245 3.81829e-17 0)
(0.1245 2.22664e-17 0)
(0.1245 3.85983e-17 0)
(0.1245 1.12103e-17 0)
(0.1245 4.61357e-17 0)
(0.1245 1.63664e-16 0)
(0.1245 1.93134e-16 0)
(0.1245 3.02553e-16 0)
(0.1245 5.16784e-16 0)
(0.1245 8.50289e-16 0)
(0.1245 1.58724e-15 0)
(0.1245 3.05775e-15 0)
(0.1245 5.95353e-15 0)
(0.1245 1.17628e-14 0)
(0.1245 2.32299e-14 0)
(0.1245 4.51805e-14 0)
(0.1245 8.58639e-14 0)
(0.1245 1.57464e-13 0)
(0.1245 2.52943e-13 0)
(0.1245 2.47693e-13 0)
(0.2075 -4.3863e-13 0)
(0.2075 -4.62057e-13 0)
(0.2075 -3.37056e-13 0)
(0.2075 -2.12993e-13 0)
(0.2075 -1.2741e-13 0)
(0.2075 -7.36024e-14 0)
(0.2075 -4.10926e-14 0)
(0.2075 -2.2261e-14 0)
(0.2075 -1.17462e-14 0)
(0.2075 -6.09317e-15 0)
(0.2075 -3.16857e-15 0)
(0.2075 -1.66841e-15 0)
(0.2075 -8.86657e-16 0)
(0.2075 -5.43392e-16 0)
(0.2075 -3.33413e-16 0)
(0.2075 -2.15644e-16 0)
(0.2075 -2.44124e-16 0)
(0.2075 -2.18161e-16 0)
(0.2075 -1.70495e-16 0)
(0.2075 -1.79017e-16 0)
(0.2075 -1.64477e-16 0)
(0.2075 -1.55264e-16 0)
(0.2075 -1.64835e-16 0)
(0.2075 -8.9268e-17 0)
(0.2075 -1.40406e-16 0)
(0.2075 -1.59007e-16 0)
(0.2075 -8.64814e-17 0)
(0.2075 -1.00731e-16 0)
(0.2075 -6.02934e-17 0)
(0.2075 2.82636e-17 0)
(0.2075 3.06129e-17 0)
(0.2075 2.46794e-17 0)
(0.2075 7.19212e-17 0)
(0.2075 6.05929e-18 0)
(0.2075 5.40846e-17 0)
(0.2075 2.12334e-16 0)
(0.2075 2.79233e-16 0)
(0.2075 5.17836e-16 0)
(0.2075 8.47199e-16 0)
(0.2075 1.4593e-15 0)
(0.2075 2.72248e-15 0)
(0.2075 5.06616e-15 0)
(0.2075 9.59562e-15 0)
(0.2075 1.83485e-14 0)
(0.2075 3.50914e-14 0)
(0.2075 6.54334e-14 0)
(0.2075 1.17991e-13 0)
(0.2075 2.01796e-13 0)
(0.2075 2.99793e-13 0)
(0.2075 2.88346e-13 0)
(0.2905 -3.76975e-13 0)
(0.2905 -4.02377e-13 0)
(0.2905 -3.08546e-13 0)
(0.2905 -2.03725e-13 0)
(0.2905 -1.26059e-13 0)
(0.2905 -7.47221e-14 0)
(0.2905 -4.25718e-14 0)
(0.2905 -2.33816e-14 0)
(0.2905 -1.23719e-14 0)
(0.2905 -6.34184e-15 0)
(0.2905 -3.18915e-15 0)
(0.2905 -1.54123e-15 0)
(0.2905 -7.28061e-16 0)
(0.2905 -4.12574e-16 0)
(0.2905 -2.47282e-16 0)
(0.2905 -1.59609e-16 0)
(0.2905 -2.10876e-16 0)
(0.2905 -1.78269e-16 0)
(0.2905 -1.55942e-16 0)
(0.2905 -1.95652e-16 0)
(0.2905 -1.61459e-16 0)
(0.2905 -1.83535e-16 0)
(0.2905 -2.27719e-16 0)
(0.2905 -1.81539e-16 0)
(0.2905 -1.62187e-16 0)
(0.2905 -1.86021e-16 0)
(0.2905 -1.37609e-16 0)
(0.2905 -1.62983e-16 0)
(0.2905 -1.11809e-16 0)
(0.2905 1.08976e-18 0)
(0.2905 -3.78417e-19 0)
(0.2905 3.47155e-17 0)
(0.2905 1.59026e-17 0)
(0.2905 -5.58795e-17 0)
(0.2905 6.29237e-18 0)
(0.2905 1.47396e-16 0)
(0.2905 2.30221e-16 0)
(0.2905 3.65659e-16 0)
(0.2905 7.06129e-16 0)
(0.2905 1.25162e-15 0)
(0.2905 2.29814e-15 0)
(0.2905 4.2757e-15 0)
(0.2905 8.04135e-15 0)
(0.2905 1.51127e-14 0)
(0.2905 2.83809e-14 0)
(0.2905 5.18394e-14 0)
(0.2905 9.09709e-14 0)
(0.2905 1.49599e-13 0)
(0.2905 2.12933e-13 0)
(0.2905 2.02058e-13 0)
(0.3735 -1.92897e-13 0)
(0.3735 -2.05423e-13 0)
(0.3735 -1.61831e-13 0)
(0.3735 -1.09293e-13 0)
(0.3735 -6.87439e-14 0)
(0.3735 -4.12124e-14 0)
(0.3735 -2.34915e-14 0)
(0.3735 -1.27066e-14 0)
(0.3735 -6.41589e-15 0)
(0.3735 -2.93282e-15 0)
(0.3735 -1.15307e-15 0)
(0.3735 -2.51907e-16 0)
(0.3735 9.53674e-17 0)
(0.3735 1.38221e-16 0)
(0.3735 1.47857e-16 0)
(0.3735 7.71694e-17 0)
(0.3735 -2.60483e-17 0)
(0.3735 -5.36349e-17 0)
(0.3735 -7.07753e-17 0)
(0.3735 -1.27767e-16 0)
(0.3735 -1.45725e-16 0)
(0.3735 -1.81531e-16 0)
(0.3735 -2.50774e-16 0)
(0.3735 -2.04761e-16 0)
(0.3735 -1.75994e-16 0)
(0.3735 -2.11736e-16 0)
(0.3735 -1.95333e-16 0)
(0.3735 -1.66079e-16 0)
(0.3735 -1.0629e-16 0)
(0.3735 -7.34805e-17 0)
(0.3735 -3.83351e-17 0)
(0.3735 -1.36843e-18 0)
(0.3735 -5.24024e-17 0)
(0.3735 -1.65898e-16 0)
(0.3735 -1.51185e-16 0)
(0.3735 -4.53396e-17 0)
(0.3735 -2.42418e-17 0)
(0.3735 -4.79232e-17 0)
(0.3735 2.02572e-17 0)
(0.3735 1.40521e-16 0)
(0.3735 2.24191e-16 0)
(0.3735 4.98119e-16 0)
(0.3735 1.03098e-15 0)
(0.3735 2.09401e-15 0)
(0.3735 4.19127e-15 0)
(0.3735 8.20573e-15 0)
(0.3735 1.51523e-14 0)
(0.3735 2.51156e-14 0)
(0.3735 3.65179e-14 0)
(0.3735 3.25293e-14 0)
(0.4565 4.5139e-14 0)
(0.4565 5.26346e-14 0)
(0.4565 3.9735e-14 0)
(0.4565 2.64866e-14 0)
(0.4565 1.65869e-14 0)
(0.4565 1.01465e-14 0)
(0.4565 6.28612e-15 0)
(0.4565 4.18303e-15 0)
(0.4565 3.08094e-15 0)
(0.4565 2.38987e-15 0)
(0.4565 1.87034e-15 0)
(0.4565 1.4993e-15 0)
(0.4565 1.17087e-15 0)
(0.4565 8.3074e-16 0)
(0.4565 6.20342e-16 0)
(0.4565 4.49955e-16 0)
(0.4565 2.24334e-16 0)
(0.4565 1.28589e-16 0)
(0.4565 5.14105e-17 0)
(0.4565 -2.66339e-17 0)
(0.4565 -7.6978e-17 0)
(0.4565 -1.35756e-16 0)
(0.4565 -2.51257e-16 0)
(0.4565 -2.23192e-16 0)
(0.4565 -2.22808e-16 0)
(0.4565 -1.68307e-16 0)
(0.4565 -1.43074e-16 0)
(0.4565 -1.72675e-16 0)
(0.4565 -9.06042e-17 0)
(0.4565 -7.75157e-17 0)
(0.4565 -3.26676e-17 0)
(0.4565 6.51893e-18 0)
(0.4565 -1.33371e-16 0)
(0.4565 -3.01543e-16 0)
(0.4565 -3.45013e-16 0)
(0.4565 -2.73208e-16 0)
(0.4565 -3.62128e-16 0)
(0.4565 -5.66395e-16 0)
(0.4565 -8.27768e-16 0)
(0.4565 -1.31708e-15 0)
(0.4565 -2.31622e-15 0)
(0.4565 -4.11604e-15 0)
(0.4565 -7.55621e-15 0)
(0.4565 -1.39508e-14 0)
(0.4565 -2.50652e-14 0)
(0.4565 -4.37158e-14 0)
(0.4565 -7.36455e-14 0)
(0.4565 -1.17391e-13 0)
(0.4565 -1.61752e-13 0)
(0.4565 -1.5805e-13 0)
(0.5395 2.54909e-13 0)
(0.5395 2.79988e-13 0)
(0.5395 2.1395e-13 0)
(0.5395 1.41057e-13 0)
(0.5395 8.7323e-14 0)
(0.5395 5.20271e-14 0)
(0.5395 3.02116e-14 0)
(0.5395 1.74892e-14 0)
(0.5395 1.03604e-14 0)
(0.5395 6.3134e-15 0)
(0.5395 3.98782e-15 0)
(0.5395 2.64265e-15 0)
(0.5395 1.81115e-15 0)
(0.5395 1.22983e-15 0)
(0.5395 9.19257e-16 0)
(0.5395 7.26882e-16 0)
(0.5395 4.16069e-16 0)
(0.5395 2.17582e-16 0)
(0.5395 1.69002e-16 0)
(0.5395 1.02697e-16 0)
(0.5395 8.67752e-18 0)
(0.5395 -1.02583e-16 0)
(0.5395 -2.07305e-16 0)
(0.5395 -1.94296e-16 0)
(0.5395 -1.78694e-16 0)
(0.5395 -1.57808e-16 0)
(0.5395 -1.05228e-16 0)
(0.5395 -1.11823e-16 0)
(0.5395 -1.12556e-16 0)
(0.5395 -8.50852e-18 0)
(0.5395 7.83314e-18 0)
(0.5395 3.38267e-18 0)
(0.5395 -1.26777e-16 0)
(0.5395 -3.60977e-16 0)
(0.5395 -4.73289e-16 0)
(0.5395 -4.11621e-16 0)
(0.5395 -5.53478e-16 0)
(0.5395 -8.77129e-16 0)
(0.5395 -1.31698e-15 0)
(0.5395 -2.24761e-15 0)
(0.5395 -3.86128e-15 0)
(0.5395 -6.98218e-15 0)
(0.5395 -1.28947e-14 0)
(0.5395 -2.40737e-14 0)
(0.5395 -4.39744e-14 0)
(0.5395 -7.82752e-14 0)
(0.5395 -1.34873e-13 0)
(0.5395 -2.1982e-13 0)
(0.5395 -3.11341e-13 0)
(0.5395 -3.04013e-13 0)
(0.6225 3.59692e-13 0)
(0.6225 3.89614e-13 0)
(0.6225 2.85462e-13 0)
(0.6225 1.80371e-13 0)
(0.6225 1.07849e-13 0)
(0.6225 6.25414e-14 0)
(0.6225 3.53458e-14 0)
(0.6225 1.97727e-14 0)
(0.6225 1.1206e-14 0)
(0.6225 6.54722e-15 0)
(0.6225 3.93472e-15 0)
(0.6225 2.47194e-15 0)
(0.6225 1.66552e-15 0)
(0.6225 1.12289e-15 0)
(0.6225 8.46371e-16 0)
(0.6225 6.41596e-16 0)
(0.6225 4.41016e-16 0)
(0.6225 2.6595e-16 0)
(0.6225 1.82819e-16 0)
(0.6225 1.56727e-16 0)
(0.6225 6.4322e-17 0)
(0.6225 -8.03793e-17 0)
(0.6225 -1.6051e-16 0)
(0.6225 -1.41358e-16 0)
(0.6225 -1.13654e-16 0)
(0.6225 -7.76611e-17 0)
(0.6225 -5.72354e-17 0)
(0.6225 -7.15567e-17 0)
(0.6225 -3.52221e-17 0)
(0.6225 -3.13238e-18 0)
(0.6225 2.06855e-17 0)
(0.6225 1.35591e-18 0)
(0.6225 -1.09682e-16 0)
(0.6225 -2.74291e-16 0)
(0.6225 -3.97684e-16 0)
(0.6225 -3.87075e-16 0)
(0.6225 -5.28013e-16 0)
(0.6225 -8.0172e-16 0)
(0.6225 -1.19832e-15 0)
(0.6225 -2.04076e-15 0)
(0.6225 -3.61976e-15 0)
(0.6225 -6.58142e-15 0)
(0.6225 -1.2201e-14 0)
(0.6225 -2.31902e-14 0)
(0.6225 -4.32339e-14 0)
(0.6225 -7.88782e-14 0)
(0.6225 -1.40389e-13 0)
(0.6225 -2.38457e-13 0)
(0.6225 -3.55101e-13 0)
(0.6225 -3.51539e-13 0)
(0.7055 3.06706e-13 0)
(0.7055 3.26695e-13 0)
(0.7055 2.21309e-13 0)
(0.7055 1.29548e-13 0)
(0.7055 7.30715e-14 0)
(0.7055 4.04238e-14 0)
(0.7055 2.19203e-14 0)
(0.7055 1.17086e-14 0)
(0.7055 6.3738e-15 0)
(0.7055 3.62331e-15 0)
(0.7055 2.15017e-15 0)
(0.7055 1.31649e-15 0)
(0.7055 8.56378e-16 0)
(0.7055 5.73177e-16 0)
(0.7055 4.05619e-16 0)
(0.7055 3.42289e-16 0)
(0.7055 2.54659e-16 0)
(0.7055 2.03032e-16 0)
(0.7055 1.85868e-16 0)
(0.7055 1.06202e-16 0)
(0.7055 7.89183e-17 0)
(0.7055 -6.78567e-17 0)
(0.7055 -1.81816e-16 0)
(0.7055 -7.07491e-17 0)
(0.7055 -4.89227e-17 0)
(0.7055 -1.04752e-17 0)
(0.7055 -9.82262e-18 0)
(0.7055 -1.01078e-16 0)
(0.7055 -1.29364e-17 0)
(0.7055 3.39591e-17 0)
(0.7055 2.10947e-17 0)
(0.7055 5.4242e-17 0)
(0.7055 -8.03096e-17 0)
(0.7055 -1.44628e-16 0)
(0.7055 -1.51395e-16 0)
(0.7055 -2.1968e-16 0)
(0.7055 -2.72731e-16 0)
(0.7055 -4.59928e-16 0)
(0.7055 -6.50693e-16 0)
(0.7055 -1.10559e-15 0)
(0.7055 -2.00449e-15 0)
(0.7055 -3.55357e-15 0)
(0.7055 -6.8281e-15 0)
(0.7055 -1.33551e-14 0)
(0.7055 -2.56954e-14 0)
(0.7055 -4.87454e-14 0)
(0.7055 -9.11338e-14 0)
(0.7055 -1.65546e-13 0)
(0.7055 -2.68224e-13 0)
(0.7055 -2.72544e-13 0)
(0.7885 1.01965e-13 0)
(0.7885 8.82293e-14 0)
(0.7885 3.96763e-14 0)
(0.7885 2.04891e-14 0)
(0.7885 1.13555e-14 0)
(0.7885 5.83033e-15 0)
(0.7885 2.8486e-15 0)
(0.7885 1.36389e-15 0)
(0.7885 6.71714e-16 0)
(0.7885 3.75921e-16 0)
(0.7885 2.41698e-16 0)
(0.7885 1.51632e-16 0)
(0.7885 6.35121e-17 0)
(0.7885 4.47425e-17 0)
(0.7885 4.57681e-17 0)
(0.7885 5.79112e-17 0)
(0.7885 3.09502e-17 0)
(0.7885 2.79264e-17 0)
(0.7885 6.88098e-17 0)
(0.7885 4.34437e-17 0)
(0.7885 -1.29638e-18 0)
(0.7885 -3.37096e-17 0)
(0.7885 -4.83482e-17 0)
(0.7885 -4.65973e-17 0)
(0.7885 -2.18334e-17 0)
(0.7885 -4.76369e-18 0)
(0.7885 -6.62497e-18 0)
(0.7885 -1.72856e-17 0)
(0.7885 2.57651e-17 0)
(0.7885 4.13553e-17 0)
(0.7885 -2.21715e-17 0)
(0.7885 1.26649e-17 0)
(0.7885 9.92595e-18 0)
(0.7885 7.08518e-18 0)
(0.7885 2.95852e-17 0)
(0.7885 -3.11277e-17 0)
(0.7885 -8.92557e-17 0)
(0.7885 -8.60683e-17 0)
(0.7885 -6.72426e-17 0)
(0.7885 -1.3279e-16 0)
(0.7885 -2.05445e-16 0)
(0.7885 -4.12767e-16 0)
(0.7885 -8.95207e-16 0)
(0.7885 -1.81246e-15 0)
(0.7885 -3.73877e-15 0)
(0.7885 -7.57716e-15 0)
(0.7885 -1.44973e-14 0)
(0.7885 -2.71679e-14 0)
(0.7885 -6.51975e-14 0)
(0.7885 -8.3057e-14 0)
)
;

boundaryField
{
    movingWall
    {
        type            fixedValue;
        value           uniform (0.83 0 0);
    }
    Inlet
    {
        type            zeroGradient;
    }
    Outlet
    {
        type            zeroGradient;
    }
    Bottom
    {
        type            fixedValue;
        value           uniform (0 0 0);
    }
    frontAndBack
    {
        type            empty;
    }
}


// ************************************************************************* //
