/*--------------------------------*- C++ -*----------------------------------*\
| =========                 |                                                 |
| \\      /  F ield         | OpenFOAM: The Open Source CFD Toolbox           |
|  \\    /   O peration     | Version:  2.4.0                                 |
|   \\  /    A nd           | Web:      www.OpenFOAM.org                      |
|    \\/     M anipulation  |                                                 |
\*---------------------------------------------------------------------------*/
FoamFile
{
    version     2.0;
    format      ascii;
    class       volScalarField;
    location    "0.02";
    object      p;
}
// * * * * * * * * * * * * * * * * * * * * * * * * * * * * * * * * * * * * * //

dimensions      [0 2 -2 0 0 0 0];

internalField   nonuniform List<scalar> 
7200
(
0.000117935
-0.0712352
-0.0240868
0.256913
0.61217
0.919896
1.18283
1.41883
1.61258
1.7227
1.70725
1.54192
1.22841
0.791609
0.274628
-0.269507
-0.783856
-1.21579
-1.52305
-1.68196
-1.69201
-1.5782
-1.38249
-1.14574
-0.882637
-0.574854
-0.219545
0.0613599
0.108373
0.0369446
-0.0129236
-0.0804901
0.0326155
0.3585
0.698663
0.969692
1.19815
1.40002
1.55741
1.63353
1.59484
1.42402
1.12537
0.721615
0.249994
-0.244517
-0.713736
-1.11301
-1.4058
-1.57043
-1.60371
-1.52371
-1.36408
-1.16124
-0.932494
-0.661376
-0.321137
0.00469424
0.117633
0.0500071
-0.0296146
-0.0771186
0.107085
0.458444
0.769233
1.00259
1.19885
1.36855
1.49269
1.53955
1.48276
1.3103
1.02798
0.656215
0.227089
-0.221317
-0.648244
-1.01587
-1.29269
-1.45919
-1.51058
-1.45968
-1.33306
-1.16215
-0.965469
-0.731985
-0.421105
-0.0697539
0.114291
0.0666914
-0.048882
-0.0574168
0.194765
0.551217
0.824569
1.02264
1.18986
1.33074
1.4265
1.44997
1.38023
1.20892
0.942536
0.599374
0.207255
-0.201271
-0.591363
-0.930675
-1.19186
-1.35743
-1.4218
-1.39416
-1.29569
-1.1534
-0.985623
-0.787373
-0.513919
-0.15743
0.0946322
0.0859588
-0.0689806
-0.0182668
0.293309
0.635773
0.867013
1.03232
1.1727
1.28733
1.35848
1.36286
1.28385
1.11565
0.865008
0.548212
0.189458
-0.183321
-0.540196
-0.853399
-1.09913
-1.26178
-1.33547
-1.3268
-1.25275
-1.13651
-0.995433
-0.829885
-0.598534
-0.255992
0.0555242
0.106073
-0.0868714
0.042488
0.398082
0.709265
0.897103
1.03263
1.14818
1.23901
1.28889
1.27778
1.19239
1.02879
0.793668
0.501464
0.173242
-0.166993
-0.493468
-0.782308
-1.01277
-1.17101
-1.25113
-1.25786
-1.20491
-1.11228
-0.995891
-0.860058
-0.672097
-0.360804
-0.00520211
0.12399
-0.0983375
0.125338
0.503124
0.768915
0.915171
1.02419
1.117
1.18669
1.21854
1.19515
1.10586
0.948005
0.72805
0.458747
0.158463
-0.152136
-0.45079
-0.716935
-0.932465
-1.08513
-1.16922
-1.18816
-1.15307
-1.0814
-0.987616
-0.878221
-0.731828
-0.465904
-0.0880451
0.135487
-0.0981832
0.22865
0.602082
0.81311
0.922062
1.00776
1.08
1.13131
1.14821
1.1154
1.02426
0.873003
0.667748
0.419728
0.144996
-0.13862
-0.411826
-0.656873
-0.857919
-1.00416
-1.09016
-1.11845
-1.09817
-1.04473
-0.971364
-0.885217
-0.776108
-0.564935
-0.191374
0.13536
-0.0805021
0.348515
0.688864
0.841475
0.918924
0.984128
1.03807
1.07375
1.07852
1.03878
0.947472
0.803417
0.612319
0.384061
0.132713
-0.126312
-0.376227
-0.601681
-0.78877
-0.927975
-1.01421
-1.04938
-1.0411
-1.00313
-0.947931
-0.882191
-0.804559
-0.6518
-0.311281
0.117698
-0.0390489
0.47882
0.758224
0.854741
0.906983
0.954096
0.992106
1.01481
1.01
0.965454
0.875349
0.738883
0.561349
0.35143
0.121499
-0.115091
-0.343675
-0.550945
-0.724657
-0.856432
-0.941536
-0.981476
-0.982651
-0.957496
-0.918103
-0.870368
-0.817909
-0.721248
-0.441649
0.0762543
0.0323013
0.611535
0.806303
0.854539
0.887396
0.918447
0.942988
0.95524
0.943096
0.895539
0.807716
0.679057
0.514463
0.321554
0.111251
-0.104851
-0.313885
-0.50429
-0.665238
-0.78936
-0.872257
-0.915178
-0.923569
-0.908721
-0.882665
-0.850902
-0.817789
-0.769415
-0.574442
0.00490287
0.139049
0.737223
0.831035
0.843112
0.861162
0.877982
0.891581
0.895673
0.87816
0.829091
0.744386
0.623619
0.471323
0.294181
0.101878
-0.0954987
-0.286606
-0.461378
-0.610194
-0.726576
-0.806434
-0.850845
-0.864497
-0.857666
-0.842419
-0.824793
-0.806439
-0.794231
-0.700222
-0.101856
0.285571
0.845727
0.832383
0.82297
0.829085
0.833534
0.838706
0.836668
0.815475
0.766124
0.68517
0.572267
0.431621
0.269088
0.0932993
-0.0869503
-0.261609
-0.421898
-0.559226
-0.667894
-0.744084
-0.788762
-0.805993
-0.80515
-0.798199
-0.792845
-0.786372
-0.795657
-0.808826
-0.248396
0.474669
0.926966
0.812363
0.796544
0.791791
0.785977
0.785111
0.778696
0.755255
0.706615
0.629871
0.524718
0.395075
0.246071
0.0854427
-0.0791312
-0.238693
-0.385572
-0.512052
-0.613119
-0.685189
-0.729147
-0.748531
-0.751926
-0.750876
-0.755684
-0.760018
-0.775704
-0.890168
-0.437519
0.707226
0.971765
0.774844
0.765867
0.74979
0.736216
0.731464
0.722145
0.697656
0.650515
0.578295
0.480708
0.361431
0.22495
0.0782433
-0.071975
-0.217675
-0.352143
-0.468408
-0.562058
-0.629698
-0.67216
-0.692503
-0.698663
-0.701361
-0.71382
-0.72941
-0.738243
-0.935072
-0.670107
0.982002
0.972645
0.725165
0.732342
0.703567
0.685173
0.67833
0.667334
0.642786
0.597747
0.530247
0.43999
0.330457
0.205562
0.0716432
-0.065422
-0.198389
-0.321379
-0.428047
-0.514517
-0.57754
-0.617911
-0.638231
-0.64593
-0.650575
-0.667739
-0.695955
-0.688611
-0.936055
-0.944919
1.29559
0.924463
0.669592
0.696618
0.653682
0.633746
0.626174
0.614515
0.590708
0.548222
0.485537
0.402336
0.301941
0.18776
0.0655905
-0.0594189
-0.180688
-0.293068
-0.39074
-0.470307
-0.528625
-0.566465
-0.58597
-0.594196
-0.599421
-0.618005
-0.660301
-0.633075
-0.887971
-1.25855
1.64255
0.824868
0.614694
0.658577
0.600866
0.582764
0.575362
0.563886
0.541449
0.501832
0.44398
0.367531
0.27569
0.17141
0.0600386
-0.0539177
-0.164438
-0.267015
-0.356273
-0.429243
-0.482846
-0.517852
-0.535921
-0.54383
-0.548731
-0.565352
-0.622335
-0.578204
-0.788465
-1.60556
2.0157
0.674496
0.566697
0.617446
0.546075
0.53294
0.526171
0.515599
0.495004
0.458463
0.405398
0.335376
0.251528
0.156392
0.0549452
-0.0488754
-0.149518
-0.243045
-0.324446
-0.391145
-0.44009
-0.472067
-0.48824
-0.495113
-0.499223
-0.510738
-0.581286
-0.530228
-0.638173
-1.97877
2.40654
0.476914
0.530908
0.572
0.490511
0.48482
0.478808
0.469764
0.451342
0.417994
0.369619
0.305687
0.229295
0.142598
0.0502725
-0.044253
-0.135819
-0.220996
-0.295074
-0.355841
-0.400233
-0.42908
-0.443038
-0.448258
-0.451447
-0.455371
-0.535933
-0.494455
-0.440658
-2.36966
2.80576
0.238305
0.511248
0.52083
0.435585
0.438755
0.433434
0.426451
0.410408
0.380298
0.336477
0.278291
0.208842
0.12993
0.0459862
-0.0400154
-0.12324
-0.200719
-0.267984
-0.323164
-0.363149
-0.388837
-0.400388
-0.403428
-0.405761
-0.400666
-0.484872
-0.474812
-0.202102
-2.76895
3.2038
-0.0330561
0.509966
0.462629
0.382844
0.394887
0.390188
0.385695
0.372135
0.345249
0.305815
0.253028
0.190036
0.118296
0.0420552
-0.0361308
-0.111692
-0.18208
-0.243015
-0.292955
-0.328709
-0.351267
-0.360326
-0.360766
-0.362311
-0.348175
-0.426799
-0.473553
0.0692189
-3.16706
3.59141
-0.327469
0.527537
0.396461
0.333848
0.353154
0.349199
0.347495
0.336439
0.312717
0.277482
0.22975
0.172751
0.107615
0.0384512
-0.0325703
-0.101092
-0.164954
-0.220016
-0.265062
-0.296781
-0.316287
-0.32285
-0.320405
-0.321041
-0.299465
-0.360783
-0.491157
0.363602
-3.55473
3.96011
-0.63455
0.56275
0.321967
0.290045
0.313325
0.310608
0.31181
0.303233
0.282575
0.251335
0.208316
0.156875
0.0978121
0.0351485
-0.0293079
-0.0913649
-0.149227
-0.198849
-0.23934
-0.267234
-0.283805
-0.28792
-0.282485
-0.281724
-0.255991
-0.286473
-0.526424
0.670662
-3.9235
4.30257
-0.943968
0.612966
0.239496
0.252633
0.275052
0.274565
0.278568
0.272425
0.254694
0.22724
0.188598
0.142302
0.0888194
0.0321237
-0.0263196
-0.0824418
-0.134793
-0.179382
-0.215651
-0.239938
-0.253727
-0.25546
-0.247162
-0.244016
-0.218956
-0.204223
-0.576719
0.980061
-4.26603
4.61291
-1.2461
0.67449
0.150128
0.222449
0.23793
0.241233
0.247658
0.243923
0.228948
0.205066
0.170475
0.128936
0.0805739
0.0293555
-0.0235838
-0.0742598
-0.121556
-0.161494
-0.193866
-0.214762
-0.225956
-0.225358
-0.214595
-0.207516
-0.189205
-0.115119
-0.638357
1.28216
-4.57643
4.8868
-1.53254
0.743011
0.0556123
0.199894
0.201564
0.210769
0.218944
0.217639
0.205213
0.184695
0.153834
0.116688
0.0730179
0.0268242
-0.0210805
-0.0667612
-0.109427
-0.145072
-0.173861
-0.191578
-0.2004
-0.197472
-0.184941
-0.171833
-0.167143
-0.0209173
-0.707033
1.56857
-4.8504
5.12148
-1.79647
0.814046
-0.0417852
0.1849
0.165638
0.183312
0.192269
0.193489
0.183364
0.16601
0.138569
0.105476
0.0660986
0.024512
-0.0187916
-0.0598929
-0.098324
-0.130011
-0.155522
-0.170259
-0.176969
-0.17164
-0.158338
-0.13665
-0.152709
0.0761099
-0.778274
1.83244
-5.08515
5.31566
-2.03284
0.88335
-0.139479
0.17695
0.129954
0.158961
0.167461
0.171393
0.163279
0.148905
0.124581
0.0952242
0.0597672
0.0224023
-0.0167006
-0.0536061
-0.0881705
-0.11621
-0.13874
-0.150679
-0.155578
-0.147684
-0.13488
-0.101771
-0.14539
0.173371
-0.847842
2.06871
-5.27941
5.46932
-2.23836
0.947229
-0.234794
0.17514
0.0944723
0.137757
0.144348
0.151276
0.144838
0.133279
0.111778
0.0858616
0.0539786
0.0204798
-0.0147921
-0.0478558
-0.0788965
-0.103577
-0.123413
-0.132715
-0.136145
-0.125425
-0.114601
-0.0671525
-0.144285
0.268184
-0.912053
2.27408
-5.43318
5.58354
-2.41136
1.00276
-0.325182
0.178277
0.0593137
0.119668
0.122769
0.13306
0.127925
0.119036
0.100072
0.0773232
0.0486913
0.0187307
-0.013052
-0.0426005
-0.0704371
-0.0920267
-0.109445
-0.116249
-0.118588
-0.104694
-0.0974625
-0.0329123
-0.148204
0.357996
-0.967993
2.44689
-5.54755
5.66022
-2.55162
1.04791
-0.408412
0.185
0.0247489
0.10458
0.102581
0.116669
0.112427
0.106088
0.0893827
0.0695486
0.0438668
0.0171418
-0.0114675
-0.0378018
-0.0627321
-0.0814768
-0.0967478
-0.101166
-0.102825
-0.085339
-0.0833425
0.000684698
-0.155784
0.440573
-1.01362
2.5869
-5.6244
5.70184
-2.66005
1.08149
-0.482708
0.193898
-0.00883194
0.0922993
0.0836669
0.102022
0.0982367
0.0943489
0.0796326
0.0624813
0.0394694
0.0157013
-0.0100265
-0.0334243
-0.0557255
-0.0718518
-0.0852365
-0.0873578
-0.0887695
-0.0672353
-0.0720363
0.0332562
-0.165613
0.514136
-1.04778
2.695
-5.66624
5.71126
-2.7384
1.10314
-0.546826
0.203627
-0.0409628
0.0825568
0.065943
0.0890295
0.085254
0.0837392
0.0707508
0.056069
0.0354663
0.0143978
-0.00871812
-0.0294352
-0.0493655
-0.0630812
-0.0748317
-0.0747232
-0.0763299
-0.0502908
-0.0632655
0.064346
-0.17634
0.577441
-1.07009
2.77294
-5.67596
5.69157
-2.78901
1.11315
-0.600075
0.213
-0.0711505
0.0750267
0.0493574
0.0775939
0.0733855
0.0741818
0.0626705
0.0502628
0.0318269
0.0132212
-0.00753199
-0.0258042
-0.0436035
-0.0550992
-0.0654576
-0.0631695
-0.0654053
-0.0344461
-0.0566923
0.0934723
-0.186773
0.629797
-1.08085
2.82304
-5.65663
5.64592
-2.81452
1.1123
-0.642282
0.221054
-0.098923
0.0693439
0.033889
0.067608
0.0625465
0.0656029
0.0553298
0.0450171
0.0285228
0.0121615
-0.00645861
-0.0225033
-0.0383944
-0.0478447
-0.0570418
-0.0526126
-0.0558869
-0.0196738
-0.0519412
0.120176
-0.195936
0.671036
-1.08085
2.84797
-5.61142
5.57743
-2.81776
1.10174
-0.673723
0.22708
-0.123871
0.0651278
0.0195423
0.0589557
0.0526614
0.0579315
0.0486712
0.040289
0.0255278
0.0112098
-0.00548913
-0.0195065
-0.0336959
-0.0412612
-0.0495147
-0.0429784
-0.0476577
-0.00597303
-0.0486205
0.144061
-0.20311
0.701441
-1.07123
2.85053
-5.54347
5.48913
-2.80154
1.08277
-0.695031
0.230634
-0.14568
0.0620038
0.0063398
0.0515128
0.0436633
0.0510983
0.0426414
0.0360383
0.0228177
0.0103576
-0.00461524
-0.0167898
-0.0294684
-0.0352964
-0.0428089
-0.034202
-0.0405941
0.00663715
-0.0463463
0.164827
-0.207835
0.721656
-1.05329
2.83354
-5.45581
5.38392
-2.76859
1.05678
-0.707094
0.231512
-0.164148
0.0596237
-0.00568597
0.04515
0.0354941
0.0450363
0.0371916
0.0322274
0.0203699
0.00959681
-0.00382919
-0.0143311
-0.0256746
-0.0299023
-0.0368589
-0.0262274
-0.0345684
0.0181264
-0.0447623
0.182285
-0.209893
0.732579
-1.02841
2.79972
-5.35133
5.26452
-2.72149
1.02513
-0.710953
0.229721
-0.179193
0.0576811
-0.0165014
0.0397362
0.0281031
0.0396801
0.0322767
0.0288207
0.0181638
0.00891996
-0.00312372
-0.01211
-0.0222794
-0.0250348
-0.031601
-0.0190068
-0.0294517
0.0284615
-0.0435557
0.196366
-0.209273
0.735268
-0.997943
2.75166
-5.23276
5.13344
-2.66265
0.989105
-0.707723
0.225432
-0.190849
0.0559226
-0.0260794
0.0351419
0.0214468
0.0349665
0.0278557
0.0257846
0.0161801
0.00831995
-0.00249199
-0.0101074
-0.0192497
-0.0206537
-0.0269737
-0.0124992
-0.0251176
0.0376144
-0.042469
0.207115
-0.206129
0.730853
-0.963149
2.69178
-5.10261
4.993
-2.59428
0.949853
-0.698519
0.218932
-0.199251
0.0541526
-0.0344062
0.0312426
0.0154867
0.0308343
0.0238908
0.0230876
0.0144012
0.00779009
-0.00192759
-0.00830618
-0.0165545
-0.016722
-0.0229171
-0.00666872
-0.0214452
0.0455685
-0.0413044
0.214676
-0.200732
0.720467
-0.925172
2.6223
-4.96321
4.84531
-2.51836
0.9084
-0.684409
0.21058
-0.204616
0.0522336
-0.0414851
0.0279224
0.010188
0.0272248
0.0203478
0.0206999
0.0128107
0.00732403
-0.00142444
-0.00669022
-0.0141642
-0.0132061
-0.019374
-0.00148351
-0.0183224
0.0523236
-0.0399246
0.219271
-0.193428
0.705197
-0.885017
2.54522
-4.81663
4.69224
-2.43671
0.865633
-0.666378
0.200765
-0.207224
0.0500824
-0.0473394
0.0250763
0.00551877
0.0240822
0.017195
0.0185933
0.0113936
0.00691583
-0.00097687
-0.0052448
-0.0120514
-0.0100751
-0.0162899
0.00308625
-0.0156481
0.0578985
-0.0382484
0.221185
-0.184594
0.686043
-0.84355
2.46237
-4.66474
4.53544
-2.3509
0.822305
-0.645313
0.18988
-0.207392
0.047663
-0.0520127
0.0226123
0.00144778
0.0213541
0.0144036
0.0167417
0.0101359
0.00655988
-0.000579549
-0.00395632
-0.0101898
-0.00730053
-0.0136131
0.00706942
-0.0133341
0.0623314
-0.0362435
0.220736
-0.174615
0.663907
-0.801506
2.37533
-4.50919
4.37636
-2.26232
0.779046
-0.621991
0.178296
-0.205458
0.0449782
-0.0555672
0.0204523
-0.00205594
0.0189914
0.0119466
0.0151202
0.00902491
0.00625092
-0.000227479
-0.00281224
-0.00855538
-0.00485611
-0.0112957
0.0104952
-0.0113057
0.0656793
-0.0339177
0.218258
-0.163854
0.639582
-0.759496
2.28553
-4.3514
4.21622
-2.17217
0.736375
-0.597083
0.166345
-0.20176
0.0420595
-0.058081
0.0185319
-0.00502422
0.0169492
0.00979929
0.0137059
0.00804869
0.00598399
8.40169e-05
-0.001801
-0.00712527
-0.00271741
-0.00929343
0.0133936
-0.00950194
0.0680152
-0.0313084
0.214087
-0.152642
0.613745
-0.718022
2.19416
-4.19256
4.05605
-2.08144
0.694706
-0.571158
0.154315
-0.196623
0.0389582
-0.0596451
0.0168008
-0.00749018
0.0151868
0.00793825
0.0124773
0.00719627
0.0057545
0.000359279
-0.000911919
-0.00587841
-0.000861506
-0.00756608
0.0157967
-0.00787499
0.0694248
-0.0284733
0.208542
-0.141267
0.586974
-0.677484
2.10225
-4.0337
3.89669
-1.99096
0.654361
-0.54469
0.142445
-0.190351
0.0357372
-0.0603588
0.0152207
-0.00948838
0.0136674
0.00634152
0.0114148
0.00645747
0.00555818
0.000602327
-0.000135086
-0.00479535
0.000733226
-0.0060775
0.0177377
-0.00638897
0.0700031
-0.0254817
0.201919
-0.129972
0.559745
-0.638192
2.01063
-3.87563
3.73883
-1.9014
0.615579
-0.518068
0.130925
-0.183219
0.0324634
-0.0603259
0.0137643
-0.0110548
0.0123587
0.00498818
0.0105
0.00582284
0.00539109
0.000816848
0.000538703
-0.00385825
0.00208735
-0.00479576
0.019252
-0.00501835
0.0698501
-0.0224066
0.194487
-0.118952
0.532445
-0.60038
1.92001
-3.71901
3.58298
-1.81328
0.578529
-0.491605
0.1199
-0.175469
0.0292026
-0.0596511
0.0124134
-0.0122267
0.0112325
0.00385832
0.00971663
0.00528356
0.00524964
0.00100621
0.001118
-0.00305083
0.00322049
-0.00369295
0.020376
-0.00374637
0.069067
-0.0193193
0.186479
-0.108361
0.505385
-0.56421
1.8309
-3.56435
3.42955
-1.72701
0.543313
-0.465547
0.109475
-0.16731
0.0260148
-0.0584368
0.0111569
-0.0130418
0.0102644
0.00293285
0.00904954
0.00483143
0.00513057
0.00117346
0.00161077
-0.00235835
0.0041514
-0.00274499
0.0211471
-0.00256301
0.0677538
-0.0162848
0.178098
-0.0983086
0.478806
-0.529786
1.74371
-3.41205
3.27883
-1.64287
0.509981
-0.440085
0.0997173
-0.158919
0.0229519
-0.05678
0.00998907
-0.0135381
0.00943352
0.00219349
0.00848532
0.00445877
0.00503092
0.00132133
0.00202446
-0.00176761
0.00489813
-0.0019314
0.0216028
-0.0014634
0.0660054
-0.0133591
0.169513
-0.0888734
0.452891
-0.497158
1.65874
-3.26237
3.131
-1.56106
0.478537
-0.415358
0.0906666
-0.150439
0.0200563
-0.0547712
0.00890809
-0.0137532
0.00872257
0.00162273
0.00801195
0.00415842
0.0049481
0.00145221
0.00236602
-0.00126683
0.00547791
-0.00123499
0.0217804
-0.000446158
0.0639107
-0.0105878
0.160863
-0.0801015
0.42777
-0.466337
1.57619
-3.11551
2.98618
-1.4817
0.448947
-0.391465
0.082336
-0.14199
0.0173596
-0.052492
0.00791423
-0.0137235
0.00811691
0.00120388
0.00761884
0.00392369
0.00487983
0.00156821
0.00264194
-0.000845636
0.00590719
-0.000641414
0.0217161
0.000487991
0.0615504
-0.00800524
0.15226
-0.0720139
0.403535
-0.437294
1.49615
-2.97156
2.8444
-1.40483
0.421149
-0.368469
0.0747188
-0.133662
0.0148837
-0.0500154
0.00700889
-0.0134839
0.00760456
0.000921044
0.00729671
0.00374838
0.00482409
0.00167118
0.00285822
-0.000494952
0.00620162
-0.000138919
0.0214445
0.00133733
0.0589967
-0.00563519
0.143792
-0.0646103
0.38024
-0.409976
1.41869
-2.83057
2.70566
-1.33044
0.395059
-0.346406
0.0677928
-0.125526
0.012641
-0.0474049
0.00619377
-0.0130672
0.00717574
0.000759304
0.00703749
0.00362673
0.00477919
0.00176264
0.00302046
-0.000206911
0.00637591
0.000282052
0.0209982
0.00209996
0.0563126
-0.00349145
0.135528
-0.057874
0.357914
-0.384303
1.34379
-2.69253
2.5699
-1.25851
0.370572
-0.325288
0.0615234
-0.117636
0.0106354
-0.0447148
0.00547007
-0.0125037
0.00682245
0.000704712
0.0068343
0.00355341
0.00474372
0.00184385
0.00313385
2.51867e-05
0.0064438
0.00062927
0.0204074
0.00277446
0.0535521
-0.00157901
0.127517
-0.051775
0.336561
-0.360182
1.2714
-2.55739
2.43702
-1.18894
0.347575
-0.305108
0.0558674
-0.110028
0.00886384
-0.0419908
0.00483826
-0.0118208
0.00653833
0.000744364
0.00668137
0.00352351
0.00471655
0.00191584
0.00320313
0.000206958
0.006418
0.000908902
0.0196993
0.00336022
0.0507607
0.000104543
0.119795
-0.0462735
0.31617
-0.337503
1.20142
-2.42505
2.3069
-1.12163
0.325944
-0.285846
0.0507753
-0.102728
0.00731742
-0.0392704
0.00429778
-0.0110432
0.00631833
0.000866516
0.00657385
0.00353262
0.00469675
0.00197939
0.00323259
0.000343089
0.00631007
0.00112579
0.0188983
0.00385759
0.0479756
0.00156764
0.112386
-0.0413226
0.296715
-0.316151
1.13376
-2.29541
2.1794
-1.05645
0.305552
-0.26747
0.0461933
-0.095751
0.00598273
-0.0365835
0.0038471
-0.0101922
0.00615845
0.00106065
0.00650786
0.00357674
0.00468367
0.00203507
0.00322611
0.000437317
0.00613038
0.00128373
0.0180257
0.00426796
0.0452268
0.00282335
0.105305
-0.0368707
0.278163
-0.296003
1.06827
-2.16834
2.05438
-0.99327
0.286269
-0.249944
0.0420656
-0.0891041
0.00484311
-0.0339538
0.00348385
-0.0092863
0.00605571
0.00131747
0.00648038
0.00365238
0.00467684
0.00208327
0.00318711
0.000492545
0.00588806
0.0013855
0.0170997
0.0045935
0.0425378
0.00388811
0.0985578
-0.0328633
0.260472
-0.276933
1.00481
-2.04368
1.93165
-0.931936
0.267964
-0.233224
0.0383355
-0.0827894
0.00387976
-0.031399
0.00320495
-0.00834064
0.00600802
0.00162902
0.00648914
0.00375647
0.00467599
0.00212417
0.00311854
0.000510922
0.00559094
0.00143304
0.0161352
0.00483708
0.0399261
0.00478057
0.0921468
-0.0292443
0.243597
-0.258814
0.943225
-1.92128
1.81107
-0.872299
0.250508
-0.217266
0.0349462
-0.0768044
0.00307282
-0.0289317
0.00300702
-0.00736744
0.00601401
0.00198868
0.00653266
0.00388648
0.00468102
0.00215781
0.00302289
0.000493838
0.00524552
0.00142754
0.0151445
0.00500193
0.0374044
0.00552041
0.0860691
-0.025958
0.227494
-0.24152
0.883361
-1.80097
1.69245
-0.814206
0.233774
-0.202027
0.0318426
-0.071144
0.00240224
-0.0265603
0.00288665
-0.00637606
0.00607318
0.00239117
0.00661017
0.00404031
0.00469202
0.00218407
0.00290218
0.00044198
0.00485697
0.00136935
0.0141366
0.00509124
0.0349809
0.00612758
0.0803194
-0.0229494
0.212116
-0.224926
0.825063
-1.6826
1.57565
-0.757516
0.217642
-0.187463
0.0289713
-0.0658011
0.00184857
-0.0242896
0.00284075
-0.00537309
0.00618581
0.00283258
0.00672152
0.00421642
0.0047092
0.00220269
0.00275794
0.000355414
0.00442912
0.00125804
0.0131181
0.00510792
0.0326601
0.00662137
0.0748906
-0.0201655
0.197422
-0.208915
0.768184
-1.566
1.4605
-0.702094
0.201997
-0.17354
0.026282
-0.0607678
0.00139376
-0.0221209
0.00286691
-0.00436245
0.006353
0.00331038
0.00686728
0.00441371
0.00473294
0.00221328
0.0025912
0.000233529
0.00396443
0.00109239
0.0120926
0.0050542
0.0304434
0.0070197
0.0697748
-0.0175563
0.183373
-0.19337
0.712587
-1.45103
1.34688
-0.647826
0.186729
-0.160226
0.0237281
-0.0560365
0.00102178
-0.0200531
0.00296382
-0.00334562
0.00657679
0.00382333
0.00704866
0.00463161
0.00476373
0.00221532
0.00240252
7.50651e-05
0.00346405
0.000870252
0.0110616
0.00493122
0.0283296
0.00733843
0.0649642
-0.0150754
0.16994
-0.178186
0.658157
-1.33756
1.23467
-0.594624
0.171743
-0.147501
0.0212675
-0.0516002
0.000719299
-0.0180825
0.00313156
-0.00232174
0.00686023
0.00437156
0.00726746
0.00487011
0.00480217
0.00220823
0.00219194
-0.000121824
0.00292783
0.000588468
0.0100242
0.00473874
0.0263147
0.00759072
0.0604517
-0.012681
0.157101
-0.163268
0.604803
-1.22549
1.12383
-0.542439
0.156958
-0.135359
0.0188643
-0.0474532
0.000476292
-0.0162034
0.00337195
-0.0012877
0.00720743
0.00495654
0.00752615
0.00512964
0.004849
0.00219127
0.00195899
-0.000359616
0.00235425
0.000242851
0.00897698
0.00447475
0.0243931
0.0077864
0.0562316
-0.0103375
0.14485
-0.148534
0.552476
-1.11475
1.01433
-0.491275
0.142309
-0.123808
0.0164896
-0.043592
0.000286685
-0.0144082
0.00368895
-0.000238284
0.0076237
0.00558096
0.0078279
0.00541115
0.00490509
0.0021636
0.00170275
-0.000641485
0.0017406
-0.000171989
0.00791483
0.00413515
0.0225568
0.00793132
0.0523003
-0.00801642
0.133195
-0.133924
0.50118
-1.00534
0.906261
-0.441215
0.127763
-0.112879
0.0141237
-0.0400152
0.000149056
-0.0126872
0.0040889
0.000833821
0.00811563
0.00624878
0.00817652
0.0057161
0.00497139
0.00212429
0.00142179
-0.000971261
0.0010829
-0.000662712
0.0068303
0.00371347
0.0207963
0.00802664
0.0486563
-0.00569851
0.122166
-0.119403
0.450995
-0.897334
0.799826
-0.392447
0.113319
-0.102627
0.0117574
-0.0367239
6.72532e-05
-0.0110292
0.00458088
0.00193792
0.00869124
0.00696529
0.00857649
0.00604647
0.00504901
0.00207228
0.00111415
-0.00135341
0.000375873
-0.00123737
0.00571405
0.00320046
0.0191001
0.00806823
0.0453007
-0.00337536
0.11182
-0.104972
0.402111
-0.790949
0.695414
-0.345307
0.0990233
-0.0931381
0.00939482
-0.033722
5.11154e-05
-0.00942068
0.00517703
0.00308539
0.0093601
0.00773696
0.00903311
0.00640475
0.00513915
0.00200641
0.00077742
-0.00179318
-0.000386953
-0.00190559
0.00455466
0.00258385
0.0174547
0.0080459
0.042237
-0.00105166
0.102242
-0.0906795
0.354865
-0.68657
0.593689
-0.300338
0.0849838
-0.0845326
0.00705499
-0.0310149
0.000117008
-0.0078462
0.00589258
0.00428939
0.0101332
0.00857134
0.00955227
0.00679383
0.00524313
0.00192544
0.00040874
-0.00229645
-0.00121308
-0.00267839
0.00333893
0.00184829
0.0158444
0.00794293
0.039471
0.0012525
0.0935524
-0.0766355
0.309801
-0.584861
0.495698
-0.258347
0.0713779
-0.0769622
0.00477221
-0.0286086
0.00028682
-0.00628875
0.00674469
0.00556381
0.011022
0.00947627
0.0101398
0.00721668
0.00536221
0.00182816
5.19837e-06
-0.00286903
-0.00211035
-0.00356721
0.00205297
0.000976474
0.0142524
0.00773706
0.0370082
0.00350179
0.085904
-0.0630199
0.267727
-0.486873
0.40296
-0.220394
0.0584025
-0.0705799
0.00258038
-0.0264988
0.000583844
-0.00472593
0.00775179
0.00692551
0.0120388
0.0104612
0.0108021
0.007677
0.00549762
0.00171341
-0.000436837
-0.00351726
-0.00308814
-0.00458437
0.000679867
-5.01153e-05
0.0126559
0.00740463
0.0348443
0.0056613
0.07945
-0.0500322
0.229707
-0.394123
0.317559
-0.188006
0.0461985
-0.0655343
0.000504502
-0.02466
0.0010476
-0.00311057
0.00895526
0.0084145
0.0132158
0.0115522
0.0115578
0.00818617
0.00565308
0.00157771
-0.000928546
-0.00425954
-0.00417256
-0.00576216
-0.000820584
-0.00127322
0.0110073
0.00690536
0.0329529
0.00770453
0.0743387
-0.0378163
0.19727
-0.308698
0.24419
-0.165002
0.0355725
-0.062351
-0.00123437
-0.0231417
0.00181779
-0.00138328
0.0104668
0.0101025
0.0146338
0.0128019
0.0124525
0.0087672
0.00583937
0.00141089
-0.00149242
-0.00514133
-0.00541612
-0.00718181
-0.00252072
-0.00280591
0.00924599
0.00609697
0.031382
0.00940613
0.0710954
-0.0271856
0.174245
-0.235293
0.196603
-0.161842
0.0320242
-0.0634283
-0.00123378
-0.0225864
0.00324384
0.000195953
0.0123275
0.0118271
0.0162494
0.0141018
0.0134442
0.00936692
0.0060543
0.00121458
-0.00207565
-0.00612116
-0.00671016
-0.00880034
-0.00425723
-0.00469011
0.00763441
0.00462707
0.0307799
0.00935434
0.0721312
-0.0236607
0.171103
-0.187667
0.00105035
-0.07037
-0.0233487
0.257494
0.612726
0.920513
1.18354
1.41964
1.61345
1.72357
1.70806
1.54262
1.229
0.792104
0.275059
-0.269113
-0.783482
-1.21543
-1.52269
-1.6816
-1.69165
-1.57784
-1.38214
-1.14539
-0.882288
-0.574504
-0.219191
0.0617199
0.108736
0.0373104
-0.0120089
-0.0796244
0.0333087
0.359063
0.699231
0.970335
1.19889
1.40085
1.55828
1.63439
1.59563
1.42471
1.12595
0.722103
0.250423
-0.244123
-0.713361
-1.11265
-1.40543
-1.57006
-1.60335
-1.52335
-1.36373
-1.16089
-0.932144
-0.661026
-0.320784
0.00505318
0.117994
0.0503694
-0.0286886
-0.0762783
0.107744
0.459006
0.769819
1.00325
1.19961
1.36939
1.49356
1.5404
1.48354
1.31097
1.02854
0.656696
0.227515
-0.220924
-0.64787
-1.0155
-1.29232
-1.45882
-1.51022
-1.45931
-1.3327
-1.1618
-0.965117
-0.731634
-0.420753
-0.0693966
0.114651
0.0670518
-0.0479513
-0.0566185
0.195399
0.551789
0.825176
1.02333
1.19064
1.33159
1.42737
1.4508
1.38099
1.20956
0.943084
0.599847
0.207677
-0.20088
-0.590989
-0.930309
-1.1915
-1.35706
-1.42144
-1.39379
-1.29533
-1.15305
-0.98527
-0.787021
-0.513567
-0.157074
0.0949897
0.0863182
-0.0680623
-0.0175175
0.29393
0.636365
0.867645
1.03303
1.1735
1.28818
1.35934
1.36369
1.28459
1.11628
0.865543
0.548676
0.189876
-0.182931
-0.539822
-0.853033
-1.09876
-1.26141
-1.33511
-1.32643
-1.25238
-1.13616
-0.995079
-0.829533
-0.598182
-0.255638
0.0558802
0.106432
-0.0859814
0.0431915
0.398701
0.709884
0.897765
1.03337
1.14899
1.23987
1.28975
1.27858
1.19311
1.0294
0.794188
0.501919
0.173655
-0.166606
-0.493096
-0.781942
-1.01241
-1.17064
-1.25076
-1.2575
-1.20455
-1.11192
-0.995536
-0.859706
-0.671745
-0.360451
-0.00484725
0.124349
-0.0974868
0.126005
0.50375
0.769565
0.915862
1.02495
1.11782
1.18756
1.2194
1.19594
1.10655
0.948596
0.728556
0.459193
0.15887
-0.151753
-0.45042
-0.71657
-0.932101
-1.08477
-1.16886
-1.18779
-1.15271
-1.08104
-0.98726
-0.877868
-0.731477
-0.465552
-0.087691
0.135845
-0.0973777
0.229293
0.602725
0.813792
0.922783
1.00854
1.08084
1.13218
1.14905
1.11617
1.02493
0.873575
0.668239
0.420164
0.145397
-0.13824
-0.411458
-0.65651
-0.857556
-1.00379
-1.0898
-1.11808
-1.09781
-1.04437
-0.971007
-0.884863
-0.775756
-0.564584
-0.191021
0.135718
-0.0797435
0.349149
0.689529
0.842187
0.919675
0.98493
1.03892
1.07461
1.07935
1.03953
0.948125
0.803971
0.612796
0.384487
0.133107
-0.125936
-0.375862
-0.601321
-0.788409
-0.927611
-1.01384
-1.04901
-1.04073
-1.00277
-0.947573
-0.881837
-0.804207
-0.651448
-0.310928
0.118056
-0.0383362
0.479459
0.758916
0.855482
0.907762
0.954918
0.992965
1.01568
1.01082
0.966191
0.875982
0.739418
0.561812
0.351846
0.121887
-0.11472
-0.343313
-0.550587
-0.724296
-0.856069
-0.941168
-0.981107
-0.982285
-0.957133
-0.917744
-0.870013
-0.817557
-0.720897
-0.441295
0.0766125
0.0329714
0.61219
0.807024
0.855307
0.8882
0.919287
0.943855
0.956101
0.943904
0.896256
0.808327
0.679574
0.514912
0.32196
0.111632
-0.104485
-0.313527
-0.503934
-0.664879
-0.788997
-0.87189
-0.914809
-0.923201
-0.908357
-0.882305
-0.850547
-0.817436
-0.769064
-0.574089
0.00526102
0.139681
0.737905
0.831785
0.843903
0.861989
0.878838
0.892454
0.896529
0.878954
0.829787
0.744975
0.624117
0.471758
0.294577
0.102252
-0.0951377
-0.286251
-0.461024
-0.609838
-0.726215
-0.806068
-0.850475
-0.864128
-0.857301
-0.842059
-0.824437
-0.806087
-0.793879
-0.699868
-0.101498
0.286169
0.846445
0.833161
0.823783
0.829933
0.834405
0.839583
0.837516
0.816252
0.766798
0.685737
0.572747
0.432041
0.269473
0.0936656
-0.0865947
-0.261259
-0.421548
-0.558873
-0.667534
-0.743719
-0.788392
-0.805623
-0.804784
-0.797837
-0.792488
-0.786019
-0.795304
-0.808472
-0.248038
0.475239
0.927725
0.813165
0.797376
0.792659
0.78686
0.78599
0.779535
0.756013
0.707267
0.630416
0.525179
0.395481
0.246447
0.0858013
-0.0787813
-0.238347
-0.385225
-0.511701
-0.612761
-0.684824
-0.728778
-0.748161
-0.751559
-0.750514
-0.755326
-0.759664
-0.775352
-0.889814
-0.437161
0.707775
0.972572
0.775666
0.766716
0.750675
0.73711
0.732343
0.722974
0.698394
0.651142
0.578817
0.48115
0.361824
0.225316
0.0785943
-0.0716309
-0.217333
-0.3518
-0.468059
-0.561702
-0.629335
-0.671791
-0.692133
-0.698295
-0.700998
-0.713461
-0.729055
-0.73789
-0.934718
-0.669749
0.982537
0.9735
0.726002
0.733208
0.704466
0.686075
0.679207
0.668149
0.643503
0.59835
0.530746
0.440414
0.330835
0.205917
0.0719864
-0.0650839
-0.198052
-0.321039
-0.427702
-0.514164
-0.577179
-0.617543
-0.63786
-0.645562
-0.650211
-0.66738
-0.6956
-0.688258
-0.9357
-0.944561
1.29612
0.925367
0.67044
0.697499
0.654593
0.634653
0.627047
0.615315
0.591402
0.548799
0.486012
0.402741
0.302306
0.188104
0.065926
-0.0590868
-0.180356
-0.292732
-0.390398
-0.469957
-0.528265
-0.566099
-0.585599
-0.593827
-0.599056
-0.617645
-0.659945
-0.632721
-0.887616
-1.25819
1.64309
0.825818
0.615547
0.659472
0.601787
0.583674
0.576228
0.564669
0.542119
0.502383
0.444433
0.367918
0.276041
0.171744
0.0603662
-0.0535919
-0.164111
-0.266684
-0.355935
-0.428895
-0.482489
-0.517487
-0.535552
-0.543461
-0.548365
-0.564991
-0.621978
-0.57785
-0.78811
-1.6052
2.01625
0.675487
0.567552
0.618355
0.547003
0.533849
0.527027
0.516363
0.495648
0.458988
0.405828
0.335745
0.251866
0.156717
0.055265
-0.0485558
-0.149196
-0.242718
-0.324112
-0.390801
-0.439736
-0.471704
-0.487871
-0.494743
-0.498856
-0.510376
-0.580928
-0.529873
-0.637818
-1.97841
2.40711
0.47794
0.531762
0.572923
0.491442
0.485726
0.479652
0.470505
0.451958
0.418491
0.370025
0.306039
0.22962
0.142913
0.0505846
-0.0439397
-0.135502
-0.220673
-0.294744
-0.355501
-0.399882
-0.428719
-0.44267
-0.447888
-0.45108
-0.455008
-0.535575
-0.494099
-0.440302
-2.36931
2.80636
0.239358
0.512099
0.521766
0.436518
0.439656
0.434263
0.427168
0.410996
0.380768
0.336861
0.278626
0.209155
0.130235
0.0462906
-0.0397084
-0.122928
-0.200401
-0.267658
-0.322827
-0.362801
-0.388478
-0.400022
-0.403059
-0.405394
-0.400302
-0.484512
-0.474455
-0.201746
-2.76859
3.20444
-0.0319848
0.510813
0.463577
0.383773
0.395779
0.390998
0.386386
0.372693
0.345691
0.306177
0.253347
0.190336
0.118591
0.0423519
-0.03583
-0.111386
-0.181767
-0.242693
-0.292622
-0.328364
-0.35091
-0.359962
-0.360397
-0.361943
-0.34781
-0.426438
-0.473195
0.0695754
-3.1667
3.59209
-0.326388
0.528379
0.397418
0.334771
0.354034
0.349988
0.348156
0.336967
0.313132
0.277822
0.230052
0.17304
0.107901
0.0387404
-0.0322758
-0.100791
-0.164645
-0.219698
-0.264733
-0.29644
-0.315933
-0.322488
-0.320037
-0.320672
-0.2991
-0.360422
-0.490799
0.363959
-3.55438
3.96083
-0.63347
0.56359
0.322931
0.290958
0.314191
0.311371
0.312441
0.303729
0.282962
0.251655
0.208603
0.157152
0.0980897
0.0354304
-0.0290196
-0.0910691
-0.148922
-0.198535
-0.239015
-0.266897
-0.283455
-0.28756
-0.282119
-0.281356
-0.255625
-0.286111
-0.526065
0.67102
-3.92314
4.30335
-0.942896
0.613805
0.240463
0.253532
0.2759
0.2753
0.279166
0.272889
0.255055
0.227539
0.188871
0.142568
0.0890884
0.0323985
-0.0260374
-0.0821513
-0.134493
-0.179072
-0.21533
-0.239604
-0.25338
-0.255102
-0.246796
-0.243649
-0.218589
-0.203859
-0.576359
0.980419
-4.26567
4.61374
-1.24504
0.675329
0.151095
0.223332
0.238755
0.241937
0.248222
0.244355
0.229284
0.205347
0.170735
0.129192
0.0808345
0.0296233
-0.0233075
-0.0739746
-0.121261
-0.161189
-0.193549
-0.214432
-0.225613
-0.225003
-0.214231
-0.207149
-0.188838
-0.114756
-0.637996
1.28252
-4.57608
4.88768
-1.5315
0.743851
0.0565735
0.200757
0.202365
0.211438
0.219473
0.218039
0.205524
0.184957
0.154081
0.116935
0.0732706
0.0270853
-0.0208101
-0.0664811
-0.109137
-0.144771
-0.173549
-0.191253
-0.200061
-0.197121
-0.18458
-0.171467
-0.166777
-0.0205529
-0.706672
1.56893
-4.85004
5.1224
-1.79546
0.814889
-0.0408348
0.185739
0.16641
0.183945
0.192761
0.193857
0.183651
0.166256
0.138804
0.105714
0.0663437
0.0247665
-0.018527
-0.0596179
-0.0980383
-0.129714
-0.155214
-0.169937
-0.176634
-0.171292
-0.157979
-0.136285
-0.152343
0.0764747
-0.777912
1.8328
-5.08479
5.31662
-2.03186
0.884195
-0.138545
0.177762
0.130694
0.159555
0.167916
0.171731
0.163543
0.149136
0.124805
0.0954528
0.060005
0.0226504
-0.0164416
-0.0533361
-0.0878893
-0.115917
-0.138436
-0.150361
-0.155247
-0.147339
-0.134524
-0.101408
-0.145024
0.173736
-0.84748
2.06907
-5.27905
5.47032
-2.2374
0.948076
-0.233882
0.175922
0.0951763
0.13831
0.144767
0.151584
0.145081
0.133495
0.111992
0.086082
0.0542095
0.0207219
-0.0145384
-0.0475906
-0.0786198
-0.103289
-0.123113
-0.132402
-0.135818
-0.125085
-0.114248
-0.0667914
-0.14392
0.268549
-0.911691
2.27444
-5.43282
5.58457
-2.41043
1.00361
-0.324297
0.179027
0.0599786
0.120179
0.123151
0.13334
0.128149
0.11924
0.100277
0.0775361
0.0489156
0.0189669
-0.0128036
-0.04234
-0.0701648
-0.0917427
-0.109149
-0.11594
-0.118265
-0.104357
-0.0971131
-0.0325535
-0.147841
0.358361
-0.96763
2.44725
-5.54719
5.66126
-2.55073
1.04875
-0.407559
0.185714
0.0253717
0.105048
0.102927
0.116922
0.112633
0.106279
0.0895782
0.0697544
0.0440849
0.0173725
-0.0112241
-0.037546
-0.062464
-0.0811967
-0.0964556
-0.100861
-0.102506
-0.0850062
-0.0829966
0.00104083
-0.155422
0.440937
-1.01326
2.58726
-5.62404
5.70289
-2.65918
1.08232
-0.481892
0.194573
-0.00825365
0.0927236
0.0839786
0.10225
0.0984273
0.0945301
0.0798204
0.0626805
0.0396817
0.0159266
-0.00978807
-0.0331729
-0.0554616
-0.0715757
-0.0849482
-0.0870568
-0.0884551
-0.0669067
-0.0716942
0.0336094
-0.165253
0.514499
-1.04741
2.69536
-5.66589
5.71232
-2.73756
1.10396
-0.546053
0.204261
-0.040431
0.0829385
0.0662218
0.089235
0.0854304
0.083911
0.0709315
0.0562622
0.0356731
0.0146181
-0.00848431
-0.0291882
-0.0491056
-0.0628089
-0.0745472
-0.0744262
-0.0760195
-0.0499663
-0.0629272
0.0646959
-0.175982
0.577803
-1.06973
2.7733
-5.6756
5.69262
-2.7882
1.11395
-0.599347
0.213591
-0.0706665
0.0753667
0.0496053
0.0777789
0.0735494
0.0743454
0.0628449
0.0504504
0.0320285
0.0134366
-0.00730264
-0.0255614
-0.0433475
-0.0548307
-0.0651767
-0.0628761
-0.0650988
-0.0341256
-0.056358
0.0938188
-0.186417
0.630157
-1.08049
2.82341
-5.65627
5.64695
-2.81374
1.11308
-0.641602
0.2216
-0.0984872
0.0696443
0.0341084
0.0677748
0.0626997
0.0657593
0.0554985
0.0451995
0.0287195
0.0123724
-0.00623351
-0.0222645
-0.0381422
-0.0475798
-0.0567645
-0.0523229
-0.0555842
-0.0193574
-0.0516109
0.120519
-0.195583
0.671394
-1.08049
2.84833
-5.61106
5.57844
-2.81701
1.10249
-0.673094
0.22758
-0.123483
0.0653908
0.0197356
0.0591065
0.0528053
0.0580816
0.0488348
0.0404666
0.0257201
0.0114165
-0.00526806
-0.0192715
-0.0334474
-0.0409998
-0.0492408
-0.0426922
-0.0473587
-0.00566056
-0.0482943
0.1444
-0.202761
0.701797
-1.07087
2.85089
-5.54311
5.49012
-2.80082
1.08348
-0.694454
0.231086
-0.145339
0.0622322
0.00650986
0.0516499
0.0437993
0.051243
0.0428004
0.0362116
0.0230058
0.0105603
-0.00439798
-0.0165584
-0.0292234
-0.0350383
-0.0425383
-0.033919
-0.0402986
0.00694582
-0.0460241
0.165162
-0.207489
0.722009
-1.05293
2.83389
-5.45545
5.38487
-2.7679
1.05746
-0.706569
0.231918
-0.163851
0.0598206
-0.00553633
0.0452756
0.0356235
0.0451763
0.0373465
0.0323968
0.0205542
0.00979577
-0.00361554
-0.0141032
-0.0254329
-0.0296474
-0.0365914
-0.0259476
-0.0342763
0.0184314
-0.0444439
0.182616
-0.20955
0.732929
-1.02806
2.80007
-5.35097
5.26542
-2.72083
1.02576
-0.710482
0.230081
-0.178938
0.0578499
-0.0163694
0.0398523
0.0282271
0.0398162
0.032428
0.0289865
0.0183445
0.00911545
-0.00291345
-0.0118853
-0.0220408
-0.024783
-0.0313366
-0.0187301
-0.0291628
0.0287631
-0.0432411
0.196694
-0.208933
0.735616
-0.997589
2.75202
-5.2324
5.13429
-2.66203
0.989688
-0.707304
0.225748
-0.190633
0.0560669
-0.0259624
0.0352502
0.0215663
0.0350992
0.0280038
0.0259472
0.0163576
0.00851223
-0.00228488
-0.00988588
-0.0190142
-0.0204048
-0.0267121
-0.0122254
-0.0248317
0.0379126
-0.042158
0.207439
-0.205793
0.731198
-0.962798
2.69214
-5.10226
4.9938
-2.59368
0.950386
-0.698151
0.219206
-0.199069
0.0542759
-0.0343015
0.0313448
0.0156024
0.030964
0.0240361
0.0232472
0.0145757
0.00797941
-0.00172343
-0.00808755
-0.0163218
-0.016476
-0.0226583
-0.00639765
-0.0211622
0.0458636
-0.0409968
0.214996
-0.200401
0.720809
-0.924824
2.62265
-4.96285
4.84605
-2.51781
0.908882
-0.684089
0.210814
-0.204464
0.0523393
-0.0413903
0.0280198
0.0103008
0.027352
0.0204905
0.0208569
0.0129826
0.00751064
-0.00122302
-0.00647432
-0.0139343
-0.0129627
-0.0191178
-0.00121504
-0.0180421
0.0526158
-0.0396203
0.219588
-0.1931
0.705535
-0.884671
2.54557
-4.81628
4.69291
-2.43619
0.866064
-0.666103
0.200963
-0.207098
0.0501738
-0.0472526
0.0251701
0.00562915
0.0242073
0.0173355
0.0187481
0.011563
0.00709995
-0.000777983
-0.00503145
-0.0118239
-0.00983419
-0.0160361
0.00335226
-0.0153703
0.058188
-0.037947
0.221499
-0.184269
0.686378
-0.843207
2.46271
-4.66439
4.53605
-2.35042
0.822685
-0.645079
0.190046
-0.207289
0.0477431
-0.0519319
0.0227035
0.00155624
0.0214774
0.0145421
0.0168944
0.0103032
0.00674175
-0.00038299
-0.00374533
-0.00996479
-0.00706196
-0.0133617
0.00733312
-0.0130587
0.0626184
-0.035945
0.221046
-0.174293
0.664239
-0.801166
2.37568
-4.50885
4.37691
-2.26189
0.779378
-0.621795
0.178434
-0.205373
0.0450494
-0.0554909
0.0205414
-0.00194904
0.0191132
0.0120835
0.0152711
0.00919031
0.00643075
-3.30487e-05
-0.00260344
-0.00833254
-0.00461977
-0.0110465
0.0107567
-0.0110325
0.0659639
-0.0336218
0.218566
-0.163535
0.63991
-0.759159
2.28587
-4.35105
4.2167
-2.17177
0.736661
-0.59692
0.166459
-0.201689
0.0421242
-0.0580079
0.0186198
-0.00491855
0.0170698
0.00993477
0.0138553
0.0082124
0.006162
0.000276512
-0.00159423
-0.0069045
-0.00248314
-0.00904625
0.0136531
-0.00923082
0.0682976
-0.0310149
0.214391
-0.152326
0.614071
-0.717688
2.1945
-4.19222
4.05647
-2.08107
0.69495
-0.571023
0.154409
-0.196563
0.0390184
-0.0595741
0.0168878
-0.00738548
0.0153063
0.00807254
0.0126254
0.00735852
0.0059309
0.000550026
-0.000706992
-0.00565955
-0.000629176
-0.00732084
0.0160542
-0.00760583
0.0697052
-0.0281821
0.208844
-0.140954
0.587297
-0.677152
2.10258
-4.03336
3.89705
-1.99062
0.654566
-0.544579
0.142522
-0.190299
0.0357943
-0.060289
0.0153073
-0.00938442
0.0137861
0.00647482
0.0115617
0.00661846
0.00573316
0.000791507
6.81594e-05
-0.00457825
0.000963755
-0.00583408
0.0179934
-0.00612164
0.0702816
-0.0251925
0.202219
-0.129662
0.560064
-0.637864
2.01097
-3.87529
3.73912
-1.9011
0.61575
-0.517977
0.130989
-0.183172
0.0325187
-0.0602568
0.0138506
-0.0109514
0.0124768
0.0051207
0.0106461
0.00598276
0.00556484
0.00100464
0.000740428
-0.00364276
0.00231622
-0.00455403
0.019506
-0.00475273
0.0701267
-0.0221193
0.194785
-0.118645
0.532762
-0.600054
1.92034
-3.71867
3.58322
-1.81301
0.57867
-0.49153
0.119954
-0.175426
0.0292569
-0.0595822
0.0124997
-0.0121236
0.0113502
0.00399024
0.00986197
0.00544261
0.00542234
0.00119278
0.00131836
-0.00283681
0.00344781
-0.0034528
0.0206284
-0.00348236
0.0693421
-0.0190338
0.186775
-0.108055
0.5057
-0.563887
1.83123
-3.56402
3.42974
-1.72677
0.543428
-0.465485
0.109521
-0.167269
0.0260689
-0.0583676
0.0112434
-0.0129389
0.0103818
0.00306437
0.00919435
0.00498977
0.00530238
0.00135896
0.00180991
-0.00214566
0.00437732
-0.00250629
0.021398
-0.00230049
0.0680273
-0.0160009
0.178392
-0.098005
0.479119
-0.529465
1.74404
-3.41172
3.27897
-1.64266
0.510074
-0.440032
0.0997584
-0.158878
0.0230064
-0.0567103
0.010076
-0.0134352
0.00955084
0.00232478
0.00862978
0.00461658
0.00520201
0.00150592
0.00222254
-0.00155612
0.00512276
-0.00169404
0.0218523
-0.00120227
0.0662775
-0.0130767
0.169805
-0.0885717
0.453202
-0.496839
1.65907
-3.26204
3.13111
-1.56087
0.478612
-0.415312
0.0907039
-0.150399
0.0201114
-0.0547006
0.00899552
-0.0136501
0.00883998
0.00175395
0.00815622
0.00431585
0.00511862
0.00163604
0.00256316
-0.00105641
0.00570138
-0.000998863
0.0220286
-0.000186325
0.0641814
-0.0103067
0.161154
-0.0798014
0.428079
-0.46602
1.57651
-3.11518
2.98625
-1.48152
0.449007
-0.391424
0.0823709
-0.141948
0.0174158
-0.0524205
0.00800232
-0.01362
0.00823458
0.00133519
0.00776307
0.00408089
0.00504992
0.00175141
0.00283828
-0.000636158
0.0061296
-0.000406419
0.0219632
0.000746619
0.0618199
-0.00772544
0.152549
-0.0717152
0.403842
-0.436979
1.49648
-2.97123
2.84445
-1.40466
0.421197
-0.368432
0.0747523
-0.133619
0.0149411
-0.0499427
0.00709782
-0.0133799
0.00772264
0.00105261
0.00744104
0.00390549
0.00499388
0.00185388
0.00305388
-0.000286301
0.00642309
9.50493e-05
0.0216905
0.00159484
0.0592651
-0.00535657
0.144081
-0.064313
0.380546
-0.409662
1.41901
-2.83024
2.70568
-1.3303
0.395097
-0.346372
0.0678256
-0.125482
0.0126997
-0.0473309
0.00628367
-0.0129625
0.00729439
0.000891263
0.00718207
0.00378388
0.00494882
0.00194497
0.00321557
1.02389e-06
0.00659654
0.00051509
0.0212432
0.00235644
0.0565799
-0.00321393
0.135815
-0.0575779
0.358218
-0.383991
1.34411
-2.69221
2.5699
-1.25837
0.370602
-0.325255
0.0615562
-0.11759
0.0106956
-0.0446394
0.00556112
-0.012398
0.00694184
0.000837212
0.00697925
0.00371072
0.00491331
0.00202593
0.00332851
0.000232512
0.00666369
0.00086147
0.0206515
0.00302999
0.0538185
-0.0013025
0.127803
-0.05148
0.336864
-0.359871
1.27171
-2.55706
2.437
-1.18881
0.347599
-0.305076
0.0559005
-0.109981
0.00892573
-0.0419137
0.00493062
-0.0117141
0.00665861
0.000877542
0.00682681
0.00368109
0.0048862
0.00209776
0.00339745
0.000413774
0.00663724
0.00114035
0.0199426
0.00361487
0.0510261
0.00038011
0.12008
-0.0459796
0.316472
-0.337194
1.20174
-2.42473
2.30687
-1.12151
0.325963
-0.285814
0.0508089
-0.102679
0.00738107
-0.0391914
0.00439163
-0.0109352
0.00643964
0.0010005
0.0067199
0.00369059
0.00486658
0.00216127
0.00342667
0.000549489
0.00652876
0.00135657
0.0191409
0.00411144
0.0482402
0.00184233
0.11267
-0.0410297
0.297016
-0.315843
1.13407
-2.29509
2.17936
-1.05635
0.305567
-0.267439
0.0462278
-0.0956996
0.0060483
-0.0365027
0.00394259
-0.0100829
0.00628093
0.00119557
0.00665463
0.00373521
0.00485377
0.002217
0.00342004
0.000643391
0.00634859
0.00151392
0.0182676
0.00452107
0.0454906
0.00309723
0.105588
-0.0365787
0.278463
-0.295696
1.06858
-2.16802
2.05433
-0.993175
0.286281
-0.249913
0.0421012
-0.0890507
0.00491074
-0.0338709
0.00358115
-0.00917534
0.0061795
0.00145345
0.00662798
0.00381143
0.0048473
0.00226534
0.00338098
0.000698373
0.00610588
0.00161518
0.0173409
0.00484594
0.0428009
0.00416124
0.0988403
-0.0325721
0.260771
-0.276626
1.00512
-2.04336
1.9316
-0.93185
0.267973
-0.233193
0.0383723
-0.0827338
0.0039496
-0.0313137
0.00330425
-0.00822794
0.00613326
0.00176617
0.00663766
0.0039162
0.00484689
0.00230646
0.00331242
0.000716582
0.00580843
0.00166227
0.016376
0.00508891
0.0401885
0.005053
0.0924286
-0.0289539
0.243896
-0.258508
0.943537
-1.92096
1.81101
-0.872221
0.250515
-0.217235
0.0349845
-0.0767466
0.00314505
-0.028844
0.00310847
-0.00725285
0.00614083
0.00212713
0.0066822
0.00404697
0.00485245
0.0023404
0.00321686
0.000699401
0.00546275
0.00165638
0.0153847
0.00525319
0.0376662
0.00579219
0.0863502
-0.0256683
0.227792
-0.241215
0.883672
-1.80065
1.69239
-0.814137
0.23378
-0.201995
0.0318826
-0.0710838
0.00247703
-0.0264701
0.00299042
-0.00625944
0.0062017
0.00253101
0.00676082
0.00420165
0.00486405
0.00236702
0.00309631
0.000647511
0.00507401
0.00159787
0.0143764
0.00534199
0.0352421
0.00639875
0.0805999
-0.0226603
0.212413
-0.224622
0.825373
-1.68228
1.57559
-0.757454
0.217647
-0.187432
0.0290133
-0.0657383
0.00192611
-0.0241966
0.002947
-0.00525429
0.00631616
0.00297392
0.00687337
0.00437867
0.0048819
0.00238608
0.00295228
0.000560973
0.00464603
0.00148628
0.0133575
0.00535822
0.0329208
0.00689198
0.0751705
-0.0198771
0.197718
-0.208611
0.768493
-1.56568
1.46044
-0.70204
0.202001
-0.173507
0.0263262
-0.0607024
0.00147426
-0.022025
0.0029758
-0.00424134
0.00648528
0.0034533
0.00702041
0.00457696
0.00490637
0.00239716
0.00278582
0.00043917
0.00418125
0.00132042
0.0123317
0.00530408
0.0307037
0.00728979
0.0700541
-0.0172685
0.183669
-0.193067
0.712896
-1.45071
1.34681
-0.64778
0.186733
-0.160192
0.0237747
-0.0559681
0.00110545
-0.0199541
0.00307551
-0.00322207
0.00671113
0.00396794
0.00720313
0.00479591
0.00493795
0.00239974
0.00259747
0.000280838
0.00368084
0.0010981
0.0113004
0.00518072
0.0285894
0.00760804
0.065243
-0.0147881
0.170235
-0.177884
0.658465
-1.33725
1.23461
-0.594586
0.171748
-0.147466
0.021317
-0.0515286
0.00080637
-0.0179803
0.0032462
-0.00219561
0.00699673
0.00451794
0.00742336
0.00503552
0.00497723
0.00239325
0.00238726
8.41244e-05
0.00314462
0.000816174
0.0102627
0.0049879
0.0265741
0.00785988
0.06073
-0.0123942
0.157395
-0.162967
0.605111
-1.22517
1.12377
-0.542408
0.156963
-0.135322
0.018917
-0.0473781
0.000567012
-0.0160978
0.00348969
-0.00115888
0.00734618
0.00510477
0.00768354
0.00529622
0.00502495
0.00237693
0.00215473
-0.000153452
0.00257108
0.000470454
0.00921531
0.0047236
0.0246521
0.00805513
0.0565095
-0.0100512
0.145144
-0.148234
0.552783
-1.11443
1.01427
-0.491252
0.142316
-0.123769
0.016546
-0.0435131
0.000381315
-0.0142989
0.00380996
-0.000106653
0.0077648
0.00573112
0.00798684
0.00557896
0.00508197
0.00234994
0.00189894
-0.000435071
0.0019575
5.55413e-05
0.00815296
0.00438372
0.0228155
0.00819965
0.0525777
-0.00773057
0.133488
-0.133624
0.501487
-1.00502
0.906202
-0.441198
0.127772
-0.112838
0.0141843
-0.0399321
0.000247874
-0.0125741
0.00421332
0.000968382
0.00825918
0.00640093
0.00833707
0.00588518
0.00514925
0.00231134
0.00161846
-0.000764568
0.00129991
-0.000435229
0.00706827
0.00396177
0.0210547
0.00829459
0.0489333
-0.0054131
0.122459
-0.119103
0.451302
-0.897023
0.799768
-0.392435
0.113331
-0.102582
0.0118228
-0.0366363
0.000170554
-0.010912
0.00470888
0.00207553
0.00883733
0.00711951
0.0087387
0.00621686
0.00522787
0.00226008
0.00131134
-0.00114641
0.000593007
-0.00100991
0.00595187
0.00344852
0.0193581
0.00833581
0.0455773
-0.00309036
0.112113
-0.104672
0.402417
-0.790638
0.695356
-0.345299
0.0990388
-0.0930893
0.00946545
-0.0336292
0.000159217
-0.00929919
0.00530875
0.00322615
0.0095088
0.00789331
0.00919702
0.00657648
0.00531905
0.00219498
0.000975137
-0.00158585
-0.000169676
-0.00167814
0.00479235
0.00283168
0.0177124
0.00831314
0.0425133
-0.000767034
0.102534
-0.0903802
0.35517
-0.686259
0.593631
-0.300334
0.0850038
-0.0844787
0.00713157
-0.0309167
0.000230245
-0.00772022
0.00602819
0.00443341
0.0102846
0.00872987
0.00971793
0.00696693
0.00542409
0.0021148
0.000607008
-0.00208879
-0.000995647
-0.00245094
0.0035765
0.0020959
0.0161019
0.00820984
0.0397469
0.00153675
0.0938444
-0.0763366
0.310106
-0.58455
0.495641
-0.258344
0.0714037
-0.0769022
0.00485545
-0.0285043
0.000405533
-0.00615804
0.00688433
0.00571119
0.0111762
0.00963703
0.0103072
0.00739118
0.00554425
0.00201832
0.000204029
-0.00266101
-0.00189275
-0.00333974
0.00229041
0.00122387
0.0145095
0.00800363
0.0372838
0.00378569
0.0861957
-0.0627213
0.268032
-0.486562
0.402902
-0.220391
0.0584353
-0.0705126
0.00267101
-0.0263879
0.000708381
-0.00459027
0.0078956
0.00707633
0.0121957
0.0106242
0.0109714
0.00785291
0.00568075
0.00190438
-0.000237436
-0.00330889
-0.00287037
-0.00435689
0.000917202
0.000197069
0.0129128
0.00767088
0.0351195
0.00594486
0.0797413
-0.0497339
0.230012
-0.393813
0.317501
-0.188
0.04624
-0.0654584
0.000603465
-0.0245419
0.00117838
-0.00296968
0.00910342
0.00856887
0.0133756
0.0117175
0.0117288
0.00836352
0.00583733
0.00176951
-0.000728564
-0.0040508
-0.00395461
-0.00553466
-0.000583362
-0.00102625
0.0112639
0.0071713
0.0332278
0.00798776
0.0746297
-0.0375182
0.197575
-0.308388
0.244134
-0.164988
0.0356254
-0.0622643
-0.0011256
-0.0230153
0.00195555
-0.00123665
0.0106197
0.0102607
0.0147967
0.0129696
0.0126254
0.00894604
0.00602476
0.00160354
-0.00129184
-0.00493222
-0.00519799
-0.0069543
-0.00228362
-0.00255916
0.00950229
0.00636257
0.0316565
0.00968903
0.0713861
-0.0268878
0.174549
-0.234984
0.196549
-0.161817
0.0320909
-0.0633288
-0.00111419
-0.022451
0.00338897
0.000348546
0.0124851
0.0119891
0.0164153
0.0142719
0.0136191
0.00954723
0.00624082
0.00140807
-0.00187448
-0.00591167
-0.00649184
-0.00857281
-0.00402023
-0.00444355
0.00789045
0.00489238
0.0310541
0.00963695
0.0724216
-0.0233631
0.171407
-0.187357
0.00140664
-0.0700104
-0.0229871
0.257861
0.613097
0.920884
1.18391
1.42
1.61379
1.7239
1.70836
1.5429
1.22925
0.792325
0.275243
-0.268983
-0.783431
-1.2155
-1.52293
-1.68204
-1.69231
-1.57872
-1.3832
-1.14662
-0.883656
-0.575965
-0.220694
0.0602493
0.107432
0.0360605
-0.0116491
-0.0792634
0.0336712
0.35943
0.699601
0.970704
1.19925
1.4012
1.55862
1.63472
1.59593
1.42498
1.1262
0.722324
0.250607
-0.243991
-0.713305
-1.11271
-1.40566
-1.57049
-1.60399
-1.52419
-1.36476
-1.16208
-0.933476
-0.66246
-0.322275
0.00356735
0.11664
0.0491185
-0.0283269
-0.0759156
0.108108
0.459374
0.770188
1.00362
1.19997
1.36975
1.4939
1.54072
1.48384
1.31124
1.02879
0.656916
0.227699
-0.220789
-0.647808
-1.01555
-1.29253
-1.45922
-1.51083
-1.46013
-1.3337
-1.16296
-0.966414
-0.733038
-0.422221
-0.0708761
0.113271
0.0657827
-0.0475886
-0.0562541
0.195765
0.552157
0.825545
1.02369
1.191
1.33194
1.42771
1.45112
1.38128
1.20984
0.943332
0.600067
0.207862
-0.200741
-0.59092
-0.930344
-1.19168
-1.35744
-1.42202
-1.39458
-1.2963
-1.15417
-0.986534
-0.788395
-0.515009
-0.158537
0.0936008
0.0850313
-0.067699
-0.0171514
0.294298
0.636734
0.868014
1.0334
1.17386
1.28853
1.35968
1.364
1.28488
1.11655
0.86579
0.548897
0.190063
-0.182789
-0.539746
-0.853055
-1.09893
-1.26176
-1.33566
-1.32719
-1.25333
-1.13726
-0.996311
-0.830873
-0.599593
-0.257076
0.0544929
0.105133
-0.0856177
0.0435589
0.39907
0.710253
0.898132
1.03373
1.14935
1.24022
1.29008
1.2789
1.1934
1.02967
0.794435
0.502141
0.173845
-0.166459
-0.493011
-0.781951
-1.01255
-1.17096
-1.25129
-1.25823
-1.20546
-1.11299
-0.996737
-0.861012
-0.673122
-0.361861
-0.00622709
0.123046
-0.0971228
0.126374
0.50412
0.769935
0.91623
1.02531
1.11818
1.1879
1.21973
1.19625
1.10684
0.948864
0.728803
0.459416
0.159063
-0.151601
-0.450326
-0.716566
-0.932226
-1.08506
-1.16936
-1.18849
-1.15359
-1.08209
-0.98843
-0.87914
-0.732817
-0.46693
-0.0890599
0.134541
-0.0970134
0.229662
0.603095
0.814161
0.92315
1.0089
1.08119
1.13252
1.14938
1.11648
1.02521
0.873843
0.668487
0.420389
0.145593
-0.138083
-0.411356
-0.656492
-0.857661
-1.00406
-1.09027
-1.11876
-1.09867
-1.04538
-0.972149
-0.886101
-0.77706
-0.565928
-0.192376
0.134413
-0.079379
0.349519
0.689899
0.842557
0.920041
0.985291
1.03927
1.07495
1.07967
1.03984
0.948409
0.804238
0.613045
0.384714
0.133308
-0.125773
-0.375751
-0.601288
-0.788494
-0.927857
-1.01428
-1.04966
-1.04156
-1.00376
-0.948686
-0.883043
-0.805474
-0.652758
-0.312268
0.116748
-0.0379715
0.479828
0.759287
0.855851
0.908127
0.955277
0.993314
1.01601
1.01114
0.966491
0.876264
0.739685
0.562062
0.352076
0.122091
-0.11455
-0.343192
-0.55054
-0.724362
-0.85629
-0.941582
-0.981726
-0.983092
-0.958099
-0.91883
-0.871188
-0.818789
-0.722171
-0.442615
0.0752969
0.033336
0.612558
0.807394
0.855675
0.888564
0.919644
0.944201
0.956433
0.944219
0.896554
0.808608
0.679841
0.515164
0.322193
0.111841
-0.104308
-0.313397
-0.503874
-0.664925
-0.789193
-0.872276
-0.915399
-0.923983
-0.909298
-0.883365
-0.851692
-0.818636
-0.770302
-0.575384
0.00393346
0.140046
0.738274
0.832155
0.844271
0.862352
0.879193
0.892798
0.896858
0.879266
0.830083
0.745257
0.624385
0.472011
0.294813
0.102465
-0.0949544
-0.286111
-0.46095
-0.609865
-0.726387
-0.806425
-0.851037
-0.864884
-0.858217
-0.843093
-0.825555
-0.807257
-0.795083
-0.701132
-0.102841
0.286534
0.846813
0.83353
0.82415
0.830295
0.834759
0.839924
0.837843
0.816562
0.767092
0.686018
0.573015
0.432297
0.269713
0.0938843
-0.0864044
-0.261109
-0.421459
-0.558879
-0.667681
-0.744047
-0.788925
-0.806352
-0.805676
-0.798847
-0.79358
-0.787163
-0.796477
-0.809698
-0.249398
0.475603
0.928093
0.813533
0.797742
0.793019
0.787212
0.78633
0.779859
0.756321
0.70756
0.630697
0.525449
0.395739
0.24669
0.0860253
-0.0785838
-0.238187
-0.385123
-0.511688
-0.612883
-0.685124
-0.729281
-0.748862
-0.752426
-0.7515
-0.756393
-0.760784
-0.776496
-0.890996
-0.438538
0.708139
0.972938
0.776033
0.767081
0.751034
0.73746
0.73268
0.723295
0.6987
0.651435
0.579098
0.481422
0.362084
0.225563
0.0788236
-0.0714261
-0.217163
-0.351683
-0.468027
-0.561799
-0.629606
-0.672264
-0.692806
-0.699137
-0.701961
-0.714505
-0.730153
-0.739011
-0.935852
-0.67114
0.9829
0.973866
0.726369
0.733572
0.704823
0.686423
0.679542
0.668469
0.643807
0.598642
0.531028
0.440688
0.331099
0.206169
0.0722214
-0.0648717
-0.197872
-0.320909
-0.427651
-0.514235
-0.57742
-0.617985
-0.638504
-0.646377
-0.651151
-0.668402
-0.696678
-0.689361
-0.936784
-0.945962
1.29648
0.925733
0.670806
0.697862
0.654949
0.634999
0.62738
0.615633
0.591706
0.549091
0.486296
0.403017
0.302573
0.18836
0.0661665
-0.0588674
-0.180166
-0.292588
-0.390329
-0.470003
-0.528476
-0.566508
-0.586212
-0.594616
-0.599973
-0.618647
-0.661005
-0.633813
-0.888649
-1.2596
1.64345
0.826183
0.615912
0.659834
0.602141
0.584018
0.576559
0.564985
0.542421
0.502675
0.444717
0.368196
0.276312
0.172004
0.0606124
-0.053365
-0.163912
-0.266527
-0.355847
-0.428918
-0.48267
-0.517864
-0.536133
-0.544221
-0.54926
-0.565973
-0.62302
-0.578935
-0.789096
-1.6066
2.01661
0.675852
0.567916
0.618716
0.547356
0.534192
0.527356
0.516677
0.49595
0.459281
0.406114
0.336026
0.25214
0.156981
0.055517
-0.0483217
-0.148987
-0.242549
-0.324006
-0.390799
-0.439886
-0.472047
-0.488419
-0.495475
-0.499727
-0.51134
-0.581951
-0.530955
-0.638761
-1.97979
2.40747
0.478304
0.532125
0.573282
0.491794
0.486067
0.479979
0.470818
0.45226
0.418785
0.370314
0.306322
0.229897
0.143182
0.0508423
-0.0436983
-0.135284
-0.220491
-0.294621
-0.355475
-0.400002
-0.429027
-0.443184
-0.448589
-0.451927
-0.455953
-0.536579
-0.495182
-0.441209
-2.37067
2.80672
0.239721
0.512461
0.522124
0.436868
0.439995
0.434588
0.42748
0.411298
0.381063
0.337151
0.278912
0.209436
0.130508
0.0465539
-0.0394599
-0.122702
-0.200207
-0.267518
-0.322778
-0.362891
-0.388751
-0.400499
-0.403728
-0.406216
-0.40123
-0.485497
-0.475541
-0.202625
-2.76992
3.2048
-0.0316224
0.511174
0.463933
0.384121
0.396116
0.391322
0.386697
0.372995
0.345988
0.306469
0.253636
0.190621
0.11887
0.0426209
-0.0355747
-0.11115
-0.181561
-0.242537
-0.29255
-0.328424
-0.351148
-0.360402
-0.361033
-0.362738
-0.348721
-0.427404
-0.474283
0.0687148
-3.16799
3.59245
-0.326027
0.52874
0.397773
0.335117
0.354369
0.35031
0.348468
0.33727
0.31343
0.278117
0.230344
0.173328
0.108184
0.039015
-0.0320137
-0.100547
-0.164429
-0.219527
-0.264639
-0.29647
-0.316135
-0.32289
-0.320637
-0.321439
-0.299994
-0.361367
-0.491888
0.363109
-3.55563
3.96119
-0.633109
0.563949
0.323284
0.291303
0.314525
0.311693
0.312753
0.304033
0.283262
0.251952
0.208899
0.157444
0.0983772
0.0357104
-0.0287509
-0.0908169
-0.148695
-0.198349
-0.2389
-0.266897
-0.28362
-0.287923
-0.282683
-0.282093
-0.2565
-0.287035
-0.527152
0.67017
-3.92434
4.30371
-0.942536
0.614163
0.240815
0.253876
0.276232
0.275621
0.279478
0.273194
0.255357
0.22784
0.18917
0.142865
0.0893804
0.0326837
-0.0257624
-0.0818913
-0.134256
-0.178873
-0.215195
-0.239577
-0.253509
-0.255425
-0.247323
-0.244353
-0.219446
-0.204764
-0.577441
0.979564
-4.26682
4.6141
-1.24468
0.675686
0.151446
0.223674
0.239087
0.242257
0.248534
0.244661
0.229588
0.20565
0.171037
0.129492
0.0811309
0.0299137
-0.0230265
-0.0737072
-0.121015
-0.160976
-0.193396
-0.214378
-0.225707
-0.225285
-0.214719
-0.20782
-0.189674
-0.115639
-0.639068
1.28166
-4.57718
4.88804
-1.53114
0.744207
0.0569229
0.201097
0.202695
0.211759
0.219786
0.218347
0.20583
0.185263
0.154386
0.117238
0.0735712
0.0273806
-0.0205233
-0.0662068
-0.108882
-0.144547
-0.173378
-0.191172
-0.20012
-0.197362
-0.185027
-0.172101
-0.167589
-0.0214159
-0.707729
1.56804
-4.85109
5.12276
-1.79511
0.815244
-0.0404866
0.186079
0.166739
0.184265
0.193075
0.194167
0.183959
0.166565
0.139113
0.106021
0.0666484
0.0250665
-0.0182346
-0.0593371
-0.0977751
-0.129479
-0.155027
-0.169832
-0.176659
-0.171492
-0.158385
-0.13688
-0.153129
0.0756323
-0.77895
1.8319
-5.08579
5.31698
-2.0315
0.884549
-0.138198
0.1781
0.131022
0.159875
0.168231
0.172043
0.163854
0.149447
0.125117
0.0957637
0.0603137
0.0229549
-0.016144
-0.0530491
-0.0876186
-0.115672
-0.138233
-0.150233
-0.15524
-0.147499
-0.134886
-0.101961
-0.145781
0.172915
-0.848494
2.06816
-5.28001
5.47068
-2.23704
0.948429
-0.233536
0.176259
0.0955043
0.138631
0.145082
0.151897
0.145395
0.133809
0.112306
0.0863964
0.054522
0.0210307
-0.014236
-0.047298
-0.0783423
-0.103035
-0.122897
-0.132253
-0.135779
-0.125204
-0.114568
-0.0673023
-0.144644
0.267749
-0.912677
2.27352
-5.43374
5.58493
-2.41008
1.00396
-0.323952
0.179363
0.0603062
0.1205
0.123468
0.133655
0.128465
0.119557
0.100594
0.0778537
0.0492317
0.0192797
-0.0124966
-0.0420422
-0.0698811
-0.0914802
-0.108921
-0.115772
-0.118198
-0.104438
-0.097389
-0.0330201
-0.148528
0.357585
-0.968584
2.44632
-5.54806
5.66162
-2.55037
1.0491
-0.407215
0.186049
0.0256992
0.105369
0.103245
0.11724
0.112952
0.106599
0.089899
0.0700751
0.0444044
0.0176891
-0.0109129
-0.0372433
-0.0621747
-0.080927
-0.0962173
-0.100676
-0.102412
-0.0850493
-0.0832291
0.000619767
-0.156069
0.440186
-1.01418
2.58632
-5.62488
5.70325
-2.65883
1.08267
-0.48155
0.194908
-0.0079262
0.0930459
0.0842984
0.10257
0.0987483
0.0948526
0.0801439
0.0630043
0.0400044
0.0162467
-0.00947287
-0.0328659
-0.0551673
-0.0712997
-0.0847008
-0.0868563
-0.0883372
-0.0669145
-0.0718837
0.0332346
-0.165856
0.513776
-1.04829
2.69442
-5.66669
5.71268
-2.73721
1.10431
-0.545711
0.204595
-0.0401034
0.0832616
0.0665432
0.0895569
0.0857538
0.0842361
0.0712578
0.0565888
0.0359988
0.0149415
-0.00816557
-0.0288772
-0.0488068
-0.0625275
-0.0742918
-0.0742125
-0.07588
-0.0499412
-0.0630748
0.0643675
-0.176539
0.577111
-1.07057
2.77237
-5.67638
5.69298
-2.78784
1.1143
-0.599006
0.213925
-0.0703387
0.0756909
0.0499283
0.0781028
0.0738751
0.0746729
0.0631737
0.0507796
0.032357
0.013763
-0.00698068
-0.0252469
-0.0430449
-0.0545445
-0.0649148
-0.0626514
-0.0649405
-0.0340705
-0.0564653
0.0935365
-0.186925
0.629499
-1.08129
2.82249
-5.65703
5.64731
-2.81339
1.11343
-0.641262
0.221933
-0.0981591
0.0699695
0.034433
0.0681008
0.0630276
0.0660892
0.0558297
0.0455312
0.0290507
0.0127016
-0.00590868
-0.0219469
-0.0378362
-0.0472898
-0.0564973
-0.052089
-0.0554097
-0.0192752
-0.0516799
0.120282
-0.19604
0.670774
-1.08125
2.84744
-5.61179
5.5788
-2.81666
1.10283
-0.672754
0.227913
-0.123155
0.065717
0.0200619
0.0594345
0.0531354
0.0584137
0.0491682
0.0408006
0.0260535
0.011748
-0.0049407
-0.0189513
-0.0331386
-0.0407065
-0.0489694
-0.042451
-0.0471706
-0.00555466
-0.0483277
0.144207
-0.203165
0.701218
-1.07158
2.85003
-5.54382
5.49047
-2.80047
1.08383
-0.694115
0.231419
-0.14501
0.0625595
0.00683777
0.0519798
0.0441315
0.0515772
0.043136
0.0365478
0.0233414
0.010894
-0.00406844
-0.016236
-0.0289122
-0.0347425
-0.0422636
-0.0336722
-0.0400996
0.00707207
-0.0460248
0.16501
-0.207841
0.721474
-1.05359
2.83306
-5.45613
5.38522
-2.76755
1.0578
-0.706231
0.232251
-0.163522
0.060149
-0.00520684
0.0456073
0.0359575
0.0455124
0.037684
0.0327348
0.0208917
0.0101313
-0.00328415
-0.0137789
-0.0251199
-0.0293497
-0.0363144
-0.0256968
-0.0340687
0.0185746
-0.0444154
0.182504
-0.209851
0.73244
-1.02867
2.79928
-5.35164
5.26577
-2.72048
1.02611
-0.710144
0.230414
-0.178608
0.0581795
-0.0160384
0.0401857
0.0285629
0.0401541
0.0327672
0.0293262
0.0186837
0.0094526
-0.00258052
-0.0115596
-0.0217264
-0.024484
-0.0310581
-0.0184765
-0.0289489
0.0289199
-0.043187
0.196617
-0.209185
0.735174
-0.99815
2.75127
-5.23304
5.13464
-2.66168
0.99003
-0.706967
0.226081
-0.190302
0.0563977
-0.0256298
0.0355853
0.0219038
0.0354387
0.0283446
0.0262884
0.0166982
0.0088507
-0.00195075
-0.00955904
-0.0186988
-0.020105
-0.0264328
-0.0119703
-0.0246135
0.0380799
-0.0420821
0.207395
-0.205998
0.730805
-0.963308
2.69145
-5.10287
4.99415
-2.59334
0.950727
-0.697815
0.219538
-0.198737
0.0546077
-0.0339675
0.0316813
0.0159415
0.031305
0.0243783
0.0235898
0.0149175
0.00831894
-0.0013884
-0.00775996
-0.0160059
-0.0161757
-0.0223788
-0.00614217
-0.0209414
0.0460385
-0.0409028
0.21498
-0.200562
0.720465
-0.925283
2.62202
-4.96344
4.8464
-2.51746
0.909222
-0.683753
0.211146
-0.204132
0.0526723
-0.0410551
0.0283578
0.0106413
0.0276944
0.020834
0.0212006
0.0133253
0.00785097
-0.000887378
-0.00614633
-0.0136182
-0.0126626
-0.0188388
-0.000959991
-0.0178202
0.0527957
-0.0395119
0.219597
-0.193222
0.705238
-0.88508
2.545
-4.81683
4.69326
-2.43585
0.866403
-0.665768
0.201296
-0.206766
0.0505077
-0.0469161
0.0255094
0.0059709
0.0245509
0.0176801
0.0190927
0.0119066
0.00744085
-0.000442013
-0.00470338
-0.011508
-0.00953452
-0.0157579
0.00360616
-0.0151486
0.0583706
-0.0378277
0.221528
-0.184357
0.686126
-0.843567
2.4622
-4.66492
4.5364
-2.35008
0.823023
-0.644745
0.190379
-0.206956
0.048078
-0.0515943
0.0230439
0.0018991
0.021822
0.0148876
0.0172397
0.0106473
0.00708297
-4.69605e-05
-0.00341748
-0.00964937
-0.00676314
-0.0130848
0.00758528
-0.0128382
0.0628019
-0.0358179
0.221092
-0.17435
0.664029
-0.80148
2.37522
-4.50934
4.37725
-2.26154
0.779715
-0.621461
0.178767
-0.205039
0.0453853
-0.0551522
0.020883
-0.00160519
0.0194586
0.0124297
0.0156171
0.00953476
0.00677207
0.00030279
-0.00227609
-0.00801793
-0.00432212
-0.0107712
0.0110066
-0.010814
0.0661467
-0.0334896
0.218625
-0.163567
0.639739
-0.75943
2.28548
-4.35152
4.21704
-2.17143
0.736997
-0.596586
0.166792
-0.201354
0.0424609
-0.0576682
0.0189622
-0.00457385
0.017416
0.0102816
0.0142016
0.00855702
0.00650322
0.000611926
-0.00126763
-0.00659097
-0.00218695
-0.00877286
0.0139005
-0.00901495
0.0684785
-0.0308801
0.21446
-0.152337
0.613934
-0.71792
2.19416
-4.19265
4.05681
-2.08073
0.695284
-0.57069
0.154742
-0.196228
0.0393559
-0.0592336
0.0172311
-0.00704007
0.0156531
0.00841979
0.012972
0.00770313
0.00627181
0.0008848
-0.000381388
-0.00534735
-0.000334705
-0.00704958
0.0162988
-0.00739298
0.0698833
-0.0280466
0.208919
-0.140949
0.58719
-0.677348
2.1023
-4.03375
3.89739
-1.99029
0.6549
-0.544246
0.142856
-0.189964
0.0361325
-0.0599478
0.0156512
-0.00903842
0.0141334
0.00682237
0.0119084
0.00696291
0.00607359
0.00112544
0.000392559
-0.00426761
0.00125629
-0.00556516
0.0182351
-0.00591209
0.0704563
-0.025058
0.202299
-0.129644
0.559983
-0.638028
2.01074
-3.87565
3.73946
-1.90076
0.616083
-0.517644
0.131323
-0.182837
0.0328575
-0.059915
0.0141951
-0.0106049
0.0128244
0.00546842
0.0109927
0.00632689
0.00590462
0.00133756
0.00106344
-0.00333388
0.00260662
-0.00428761
0.0197446
-0.00454665
0.0702978
-0.0219868
0.194867
-0.118618
0.532702
-0.600192
1.92015
-3.719
3.58356
-1.81268
0.579002
-0.491197
0.120288
-0.17509
0.0295963
-0.0592399
0.0128446
-0.0117768
0.011698
0.00433801
0.0102084
0.00578628
0.00576132
0.00152454
0.00163981
-0.00252983
0.00373594
-0.00318899
0.0208638
-0.0032798
0.0695092
-0.0189041
0.186858
-0.108023
0.505656
-0.564002
1.83108
-3.56432
3.43008
-1.72644
0.54376
-0.465152
0.109855
-0.166933
0.0264087
-0.0580249
0.0115887
-0.0125918
0.0107297
0.00341206
0.00954053
0.00533285
0.00564043
0.00168942
0.00212968
-0.00184072
0.00466305
-0.00224518
0.0216302
-0.00210145
0.0681905
-0.0158746
0.178474
-0.0979695
0.479089
-0.529561
1.74393
-3.412
3.27931
-1.64232
0.510405
-0.4397
0.100092
-0.158541
0.0233465
-0.0563673
0.0104215
-0.013088
0.00989877
0.00267229
0.00897555
0.00495895
0.00553902
0.00183496
0.00254051
-0.00125333
0.00540602
-0.00143568
0.0220814
-0.00100668
0.0664368
-0.0129541
0.169885
-0.088535
0.453181
-0.496921
1.65899
-3.2623
3.13144
-1.56054
0.478942
-0.41498
0.0910381
-0.150062
0.0204518
-0.0543574
0.00934117
-0.0133029
0.0091878
0.00210118
0.00850148
0.00465743
0.00545449
0.00196357
0.00287925
-0.000755838
0.00598209
-0.000743256
0.0222547
5.92971e-06
0.0643371
-0.0101878
0.161231
-0.0797651
0.428065
-0.46609
1.57646
-3.11541
2.98658
-1.48119
0.449337
-0.391092
0.0827051
-0.141611
0.0177563
-0.0520771
0.00834804
-0.0132729
0.00858221
0.00168206
0.00810773
0.00442158
0.00538458
0.00207737
0.00315242
-0.000337852
0.00640777
-0.000153556
0.0221862
0.00093569
0.0619721
-0.00761025
0.152624
-0.0716802
0.403833
-0.437042
1.49644
-2.97145
2.84477
-1.40433
0.421527
-0.368101
0.0750866
-0.133282
0.0152818
-0.0495993
0.00744351
-0.0130328
0.00807002
0.00139903
0.00778503
0.00424524
0.00532726
0.00217821
0.00336604
9.72517e-06
0.00669871
0.000345218
0.0219106
0.00178091
0.0594141
-0.00524486
0.144153
-0.0642801
0.38054
-0.409719
1.41899
-2.83045
2.70601
-1.32997
0.395426
-0.34604
0.0681599
-0.125145
0.0130404
-0.0469874
0.00662929
-0.0126156
0.00764144
0.00123718
0.00752532
0.00412262
0.00528088
0.00226764
0.00352574
0.000294781
0.00686966
0.000762641
0.0214607
0.00253971
0.0567261
-0.00310543
0.135885
-0.0575474
0.358213
-0.384045
1.3441
-2.6924
2.57022
-1.25805
0.370931
-0.324924
0.0618904
-0.117253
0.0110363
-0.0442959
0.00590659
-0.0120514
0.0072885
0.00118256
0.00732172
0.00404841
0.00524402
0.00234694
0.00363671
0.000524038
0.00693438
0.00110651
0.0208664
0.00321069
0.053962
-0.00119689
0.12787
-0.0514521
0.33686
-0.359923
1.27171
-2.55724
2.43732
-1.18849
0.347927
-0.304745
0.0562347
-0.109643
0.00926636
-0.0415704
0.00527588
-0.0113678
0.00700482
0.00122228
0.00716846
0.00401772
0.00521556
0.00241712
0.0037037
0.00070313
0.0069056
0.00138302
0.0201551
0.00379326
0.0511674
0.000483203
0.120145
-0.0459541
0.316467
-0.337245
1.20175
-2.4249
2.30719
-1.12119
0.326291
-0.285483
0.051143
-0.102341
0.0077216
-0.0388483
0.00473665
-0.0105893
0.00678537
0.0013446
0.00706071
0.00402613
0.00519459
0.002479
0.00373103
0.00083676
0.0067949
0.00159701
0.0193512
0.00428777
0.0483795
0.0019433
0.112734
-0.0410065
0.29701
-0.315894
1.13408
-2.29526
2.17968
-1.05602
0.305895
-0.267108
0.0465618
-0.0953623
0.00638868
-0.0361597
0.00428733
-0.00973729
0.00662615
0.001539
0.00699458
0.00406967
0.00518045
0.00253316
0.00372259
0.000928683
0.00661266
0.00175232
0.018476
0.00469563
0.0456284
0.00319649
0.10565
-0.0365574
0.278456
-0.295747
1.06859
-2.16818
2.05465
-0.992851
0.286608
-0.249583
0.042435
-0.0887135
0.00525094
-0.0335282
0.00392558
-0.00883018
0.00652419
0.0017962
0.00696706
0.00414482
0.00517268
0.00257997
0.00368181
0.000981813
0.00636804
0.00185175
0.0175477
0.00501903
0.0429374
0.00425921
0.0989008
-0.0325523
0.260763
-0.276679
1.00513
-2.04352
1.93192
-0.931526
0.2683
-0.232863
0.0387059
-0.0823968
0.00428959
-0.0309713
0.00364833
-0.00788321
0.0064774
0.00210823
0.0069759
0.00424856
0.00517103
0.00261966
0.00361164
0.000998312
0.00606888
0.00189722
0.0165813
0.00526084
0.0403242
0.00515012
0.0924883
-0.0289352
0.243886
-0.258562
0.943537
-1.92111
1.81133
-0.871897
0.250841
-0.216905
0.0353179
-0.0764098
0.00348482
-0.0285019
0.00345221
-0.00690856
0.00648442
0.0024685
0.0070196
0.00437832
0.00517541
0.00265224
0.0035146
0.00097958
0.00572167
0.00188995
0.015589
0.00542428
0.0378014
0.0058889
0.0864096
-0.0256502
0.227781
-0.241269
0.883667
-1.8008
1.69271
-0.813814
0.234106
-0.201666
0.0322158
-0.0707472
0.00281656
-0.0261282
0.0033338
-0.0059156
0.00654473
0.00287171
0.00709741
0.00453204
0.00518589
0.00267762
0.0033927
0.000926312
0.00533162
0.0018303
0.0145798
0.00551258
0.0353772
0.0064955
0.0806594
-0.0226424
0.212402
-0.224678
0.825363
-1.68243
1.5759
-0.757132
0.217973
-0.187102
0.0293463
-0.065402
0.0022654
-0.023855
0.00329002
-0.0049109
0.00665865
0.00331396
0.00720918
0.00470816
0.00520271
0.00269554
0.00324747
0.000838582
0.00490254
0.00171784
0.0135603
0.00552865
0.0330562
0.00698922
0.0752306
-0.0198588
0.197707
-0.208668
0.768476
-1.56583
1.46076
-0.701719
0.202326
-0.173178
0.026659
-0.0603662
0.00181331
-0.0216837
0.00331846
-0.00389838
0.00682725
0.00379273
0.00735549
0.0049056
0.00522624
0.00270561
0.00307996
0.000715781
0.0044369
0.00155137
0.0125343
0.00547471
0.0308397
0.00738798
0.0701152
-0.0172493
0.183657
-0.193124
0.712872
-1.45086
1.34713
-0.647459
0.187058
-0.159863
0.0241073
-0.0556322
0.00144426
-0.0196131
0.00341782
-0.00287953
0.00705259
0.00430677
0.00753753
0.00512379
0.00525698
0.00270731
0.00289074
0.000556655
0.00393587
0.00132873
0.0115031
0.0053519
0.0287264
0.00770764
0.0653056
-0.0147674
0.170223
-0.177941
0.658434
-1.33739
1.23493
-0.594265
0.172073
-0.147138
0.0216494
-0.0511929
0.00114495
-0.0176396
0.00358817
-0.00185348
0.00733772
0.00485622
0.00775714
0.00536271
0.00529552
0.00270007
0.00267982
0.000359357
0.00339929
0.00104677
0.0104658
0.00515999
0.0267126
0.00796135
0.0607946
-0.0123715
0.157385
-0.163023
0.605073
-1.22531
1.12408
-0.542087
0.157288
-0.134994
0.0192492
-0.0470426
0.000905373
-0.0157573
0.00383136
-0.000817118
0.00768673
0.00544255
0.00801676
0.00562281
0.00534262
0.00268315
0.00244676
0.000121412
0.00282563
0.000701304
0.00941917
0.00489697
0.0247924
0.00815896
0.0565767
-0.0100258
0.145135
-0.148289
0.552739
-1.11457
1.01459
-0.490931
0.142641
-0.123441
0.0168781
-0.0431777
0.000719476
-0.0139586
0.00415133
0.000234766
0.00810495
0.00606844
0.00831955
0.00590502
0.00539913
0.0026557
0.00219063
-0.000160357
0.0022122
0.000286938
0.00835788
0.00455875
0.0229581
0.00830631
0.052648
-0.00770197
0.133481
-0.133677
0.501435
-1.00516
0.906518
-0.440878
0.128097
-0.112509
0.0145162
-0.0395968
0.000585856
-0.0122341
0.00455443
0.00130949
0.00859897
0.00673786
0.00866936
0.00621082
0.00546602
0.0026168
0.00191
-0.000489779
0.00155501
-0.000202988
0.00727458
0.00413884
0.0211999
0.00840458
0.0490071
-0.00538059
0.122455
-0.119154
0.451245
-0.89716
0.800083
-0.392115
0.113655
-0.102254
0.0121546
-0.0363012
0.000508382
-0.0105722
0.00504976
0.00241636
0.00917681
0.0074561
0.00907065
0.00654218
0.00554438
0.00256538
0.00160291
-0.00087132
0.000848772
-0.000776532
0.00615991
0.003628
0.0195065
0.00844962
0.0456554
-0.00305327
0.112112
-0.10472
0.402355
-0.790773
0.695672
-0.344979
0.0993628
-0.0927613
0.00979715
-0.0332942
0.000496919
-0.00895954
0.00564944
0.00356676
0.00984802
0.00822963
0.0095287
0.00690157
0.00563542
0.00250029
0.00126693
-0.00131024
8.70172e-05
-0.00144331
0.00500245
0.00301395
0.0178643
0.00843128
0.0425962
-0.000724648
0.102538
-0.0904244
0.355104
-0.686394
0.593946
-0.300015
0.0853277
-0.0841508
0.00746321
-0.0305818
0.000567852
-0.00738068
0.00636872
0.00477383
0.0106236
0.00906598
0.0100494
0.0072919
0.00574045
0.00242027
0.000899208
-0.00181243
-0.000737764
-0.00221437
0.00378901
0.00228134
0.0162578
0.00833282
0.0398352
0.00158521
0.0938534
-0.0763757
0.310037
-0.584684
0.495956
-0.258024
0.0717275
-0.0765743
0.00518706
-0.0281695
0.00074308
-0.00581859
0.00722475
0.00605148
0.011515
0.009973
0.0106386
0.00771613
0.00586072
0.00232411
0.000496829
-0.00238368
-0.00163342
-0.00310114
0.00250566
0.00141286
0.0146699
0.00813199
0.0373782
0.00384102
0.0862112
-0.0627543
0.267962
-0.486696
0.403217
-0.220072
0.058759
-0.0701847
0.00300262
-0.0260531
0.0010459
-0.00425087
0.00823596
0.00741654
0.0125345
0.0109601
0.0113028
0.00817795
0.00599746
0.00221064
5.61496e-05
-0.00303036
-0.00260932
-0.00411595
0.00113552
0.000389985
0.013078
0.00780513
0.0352207
0.00600791
0.0797644
-0.0497595
0.229943
-0.393946
0.317816
-0.18768
0.0465637
-0.0651305
0.000935119
-0.024207
0.00151592
-0.00263028
0.00944375
0.00890905
0.0137144
0.0120534
0.0120603
0.00868876
0.00615441
0.00207641
-0.000433994
-0.00377084
-0.00369159
-0.00529108
-0.000361621
-0.000828994
0.0114345
0.00731204
0.0333366
0.00805957
0.074662
-0.0375347
0.197509
-0.308521
0.244448
-0.164669
0.0359492
-0.0619363
-0.000793842
-0.0226803
0.00229318
-0.000897179
0.0109601
0.0106009
0.0151355
0.0133057
0.0129571
0.00927162
0.00634239
0.00191127
-0.000996048
-0.00465054
-0.00493263
-0.00670764
-0.00205793
-0.00235694
0.00967896
0.00651076
0.0317741
0.00977119
0.0714298
-0.0268923
0.174492
-0.235115
0.196864
-0.161498
0.0324149
-0.0630007
-0.000782275
-0.0221158
0.00372674
0.000688161
0.0128256
0.0123295
0.0167543
0.0146082
0.0139511
0.00987329
0.00655915
0.0017168
-0.0015773
-0.00562809
-0.00622396
-0.00832286
-0.00379034
-0.00423607
0.00807364
0.00504853
0.0311813
0.00973051
0.0724784
-0.0233534
0.171361
-0.187485
)
;

boundaryField
{
    movingWall
    {
        type            zeroGradient;
    }
    Inlet
    {
        type            cyclic;
    }
    Outlet
    {
        type            cyclic;
    }
    Bottom
    {
        type            zeroGradient;
    }
    frontAndBack
    {
        type            empty;
    }
}


// ************************************************************************* //
