/*--------------------------------*- C++ -*----------------------------------*\
| =========                 |                                                 |
| \\      /  F ield         | OpenFOAM: The Open Source CFD Toolbox           |
|  \\    /   O peration     | Version:  2.4.0                                 |
|   \\  /    A nd           | Web:      www.OpenFOAM.org                      |
|    \\/     M anipulation  |                                                 |
\*---------------------------------------------------------------------------*/
FoamFile
{
    version     2.0;
    format      ascii;
    class       volVectorField;
    location    "0.02";
    object      wallShearStress;
}
// * * * * * * * * * * * * * * * * * * * * * * * * * * * * * * * * * * * * * //

dimensions      [0 2 -2 0 0 0 0];

internalField   uniform (0 0 0);

boundaryField
{
    movingWall
    {
        type            calculated;
        value           nonuniform List<vector> 
90
(
(3.35641 -0.0149122 0)
(3.25588 0.0194016 -1.07146e-21)
(3.33955 -0.00361526 2.454e-21)
(3.30488 0.00458421 2.28362e-21)
(3.32684 -0.000995049 1.40823e-22)
(3.31605 0.000947948 -2.42402e-23)
(3.31874 -0.000978035 -2.71678e-22)
(3.31124 -0.000399668 1.33306e-22)
(3.30747 -0.00103154 1.29302e-22)
(3.30106 -0.000736611 2.23412e-22)
(3.29555 -0.000920476 -1.03399e-22)
(3.28991 -0.000615951 -1.34709e-22)
(3.28618 -0.000528286 -1.55444e-22)
(3.28325 -0.000308195 -9.64257e-24)
(3.28131 -0.000153483 9.04569e-24)
(3.28131 0.000150924 -9.96158e-25)
(3.28325 0.000305728 -2.68892e-23)
(3.28618 0.000527699 7.57725e-23)
(3.28991 0.000615206 0)
(3.29555 0.000893859 0)
(3.30054 0.000739125 9.43364e-23)
(3.30747 0.00106995 0)
(3.31123 0.00040337 8.77718e-23)
(3.31875 0.000993527 -1.19767e-22)
(3.31604 -0.000918793 -5.05998e-22)
(3.32727 0.00105384 0)
(3.30529 -0.00457232 0)
(3.34035 0.00366457 9.2179e-23)
(3.25627 -0.0195179 -1.24315e-21)
(3.35641 0.0148847 4.21479e-23)
(3.35641 -0.014913 8.07466e-21)
(3.25588 0.0194261 1.17998e-21)
(3.33995 -0.00358961 -2.45578e-21)
(3.3053 0.00458047 0)
(3.32727 -0.00102703 0)
(3.31605 0.000916938 -3.79705e-22)
(3.31874 -0.000978396 0)
(3.31124 -0.000399745 1.86132e-23)
(3.30747 -0.00103244 0)
(3.30106 -0.000736387 -2.25975e-22)
(3.29555 -0.000891697 1.04655e-22)
(3.29046 -0.000615936 1.22801e-22)
(3.28618 -0.000558344 -4.61604e-23)
(3.28325 -0.000308457 5.66616e-24)
(3.28131 -0.000153684 0)
(3.28131 0.000150773 -6.07296e-25)
(3.28325 0.000305621 -2.56748e-23)
(3.28618 0.000527629 1.59402e-23)
(3.28991 0.000615168 0)
(3.29555 0.000893849 0)
(3.30054 0.000739136 -9.06413e-23)
(3.30747 0.00106997 0)
(3.31123 0.000403407 1.07971e-22)
(3.31875 0.000993564 0)
(3.31604 -0.000918751 -5.1017e-22)
(3.32727 0.00105388 0)
(3.30529 -0.00457229 -3.44897e-22)
(3.34035 0.00366457 -7.72766e-22)
(3.25627 -0.0195179 -4.00468e-23)
(3.35641 0.0148847 3.99184e-23)
(3.35641 -0.014913 -8.30297e-21)
(3.25588 0.019426 1.11619e-22)
(3.33995 -0.00358967 -1.58634e-21)
(3.3053 0.00458041 2.0698e-22)
(3.32727 -0.0010271 0)
(3.31605 0.000916866 -5.18016e-22)
(3.31874 -0.000978464 1.44577e-22)
(3.31124 -0.000399819 -2.38485e-23)
(3.30747 -0.00103251 0)
(3.30106 -0.000736468 -2.1988e-22)
(3.29555 -0.000891784 0)
(3.29046 -0.000616034 1.26907e-22)
(3.28618 -0.000558461 0)
(3.28325 -0.000308604 -4.18638e-23)
(3.28131 -0.000153874 0)
(3.28131 0.000120946 -1.38077e-24)
(3.28269 0.000305209 5.69764e-24)
(3.28618 0.000556614 -1.47978e-23)
(3.28991 0.000615278 0)
(3.29555 0.000893182 0)
(3.30054 0.000738293 0)
(3.30747 0.00106892 0)
(3.31123 0.00040206 -9.44291e-23)
(3.31875 0.000993072 -1.86957e-22)
(3.31604 -0.000919741 -2.33365e-22)
(3.32727 0.00105237 0)
(3.30529 -0.004605 0)
(3.33995 0.00363189 0)
(3.25589 -0.0194923 0)
(3.35641 0.0149132 0)
)
;
    }
    Inlet
    {
        type            cyclic;
    }
    Outlet
    {
        type            cyclic;
    }
    Bottom
    {
        type            calculated;
        value           nonuniform List<vector> 
90
(
(-0.00328658 -0.00375808 4.4228e-37)
(-0.0051905 -0.00764413 -5.08841e-20)
(0.023978 0.0412591 3.07642e-20)
(0.0735018 0.115708 3.75553e-21)
(0.0930619 0.126698 -4.26452e-19)
(0.0435886 0.0421066 1.2572e-18)
(-0.0983408 -0.1197 1.37125e-20)
(-0.356773 -0.330883 -1.3196e-20)
(-0.748932 -0.557607 -2.37146e-18)
(-1.26809 -0.7557 3.66132e-20)
(-1.87472 -0.876832 -1.18739e-18)
(-2.50132 -0.882477 -1.16528e-18)
(-3.06695 -0.756404 -9.26522e-19)
(-3.49411 -0.510036 6.77085e-36)
(-3.72312 -0.180042 2.12472e-21)
(-3.72186 0.179693 1.70887e-36)
(-3.49064 0.509307 -2.02427e-21)
(-3.06209 0.755096 7.76128e-20)
(-2.49613 0.880669 1.13728e-18)
(-1.87017 0.874834 -8.28819e-20)
(-1.2648 0.753919 1.636e-20)
(-0.746985 0.556336 -4.49218e-18)
(-0.355897 0.330191 -1.01722e-19)
(-0.0980662 0.119433 1.61956e-18)
(0.043649 -0.0421865 6.06498e-19)
(0.0930878 -0.126742 4.04766e-19)
(0.0735107 -0.115736 -3.76158e-37)
(0.0239658 -0.0412582 3.21129e-21)
(-0.00520652 0.00765253 -3.84529e-20)
(-0.0032506 0.0037635 1.07966e-20)
(-0.00324997 -0.00375987 8.52233e-38)
(-0.00520438 -0.00764916 -2.5997e-20)
(0.0239616 0.0412519 3.21163e-21)
(0.0734969 0.115718 -5.26621e-36)
(0.0930878 0.126742 4.15345e-19)
(0.0436493 0.0421855 6.46431e-19)
(-0.0982507 -0.1196 1.66977e-18)
(-0.356668 -0.330785 -2.03903e-18)
(-0.748826 -0.557527 -2.19539e-18)
(-1.26802 -0.755646 -1.30959e-18)
(-1.87467 -0.876798 -8.54588e-20)
(-2.5013 -0.882463 7.79278e-21)
(-3.06694 -0.756396 7.0552e-20)
(-3.49412 -0.510035 2.05131e-21)
(-3.72312 -0.180042 -1.46937e-39)
(-3.72186 0.179693 1.32519e-36)
(-3.49065 0.509308 7.57018e-36)
(-3.06209 0.755096 7.41689e-20)
(-2.49613 0.880669 -1.13704e-18)
(-1.87017 0.874834 1.13684e-18)
(-1.2648 0.753919 3.59666e-20)
(-0.746985 0.556336 -1.8387e-20)
(-0.355897 0.330191 -2.00181e-18)
(-0.0980662 0.119433 1.33268e-20)
(0.0436492 -0.0421865 5.93928e-19)
(0.0930881 -0.126742 1.28682e-20)
(0.0735111 -0.115736 -1.5682e-19)
(0.0239661 -0.041258 1.82215e-22)
(-0.00520604 0.00765252 -2.93874e-39)
(-0.0032515 0.00376348 7.26071e-21)
(-0.00325089 -0.00375984 -8.55907e-38)
(-0.00520398 -0.00764915 1.10203e-38)
(0.0239618 0.0412519 -5.79722e-22)
(0.0734971 0.115718 -1.81072e-19)
(0.0930881 0.126742 5.46015e-21)
(0.0436493 0.0421854 6.27099e-19)
(-0.0982506 -0.119601 1.59072e-18)
(-0.356668 -0.330785 -8.86257e-20)
(-0.748826 -0.557527 1.87478e-20)
(-1.26802 -0.755646 -3.66379e-20)
(-1.87467 -0.876798 2.67182e-20)
(-2.5013 -0.882463 -1.16594e-18)
(-3.06694 -0.756396 7.74979e-20)
(-3.49412 -0.510035 2.73124e-19)
(-3.72312 -0.180042 -2.60225e-20)
(-3.72186 0.179693 -2.55501e-20)
(-3.49065 0.509307 2.02332e-21)
(-3.0621 0.755103 7.07186e-20)
(-2.49616 0.880682 0)
(-1.87024 0.874867 1.1468e-18)
(-1.26488 0.753972 1.20283e-18)
(-0.747091 0.556415 -1.83952e-20)
(-0.356007 0.330288 -1.99041e-18)
(-0.0981594 0.119531 3.16542e-18)
(0.0435867 -0.0421083 1.03127e-20)
(0.0930591 -0.126698 1.28683e-20)
(0.073509 -0.115727 -4.17648e-22)
(0.023979 -0.0412656 1.97372e-22)
(-0.00520869 0.00764775 3.81334e-20)
(-0.00325745 0.00376463 7.04262e-21)
)
;
    }
    frontAndBack
    {
        type            empty;
    }
}


// ************************************************************************* //
