/*--------------------------------*- C++ -*----------------------------------*\
| =========                 |                                                 |
| \\      /  F ield         | OpenFOAM: The Open Source CFD Toolbox           |
|  \\    /   O peration     | Version:  5.x                                   |
|   \\  /    A nd           | Web:      www.OpenFOAM.org                      |
|    \\/     M anipulation  |                                                 |
\*---------------------------------------------------------------------------*/
FoamFile
{
    version     2.0;
    format      ascii;
    class       faceSet;
    location    "constant/polyMesh/sets";
    object      nonOrthoFaces;
}
// * * * * * * * * * * * * * * * * * * * * * * * * * * * * * * * * * * * * * //


426
(
12302 
12303 
12305 
24 
25 
26 
27 
28 
3101 
3102 
3103 
3105 
3106 
3108 
8231 
7209 
8233 
7210 
7211 
8235 
12331 
7212 
8236 
12332 
7213 
12334 
7215 
7216 
7217 
7218 
7220 
54 
55 
56 
57 
58 
12360 
12361 
84 
86 
87 
88 
3161 
3162 
3163 
3165 
3166 
3168 
8291 
12389 
7269 
8293 
12390 
7270 
7271 
8295 
7272 
8296 
7273 
7275 
7276 
7277 
7278 
114 
116 
117 
118 
12418 
12419 
144 
146 
147 
148 
3221 
3222 
3223 
3225 
3226 
3228 
12447 
8351 
12448 
7329 
8353 
7331 
7332 
8356 
7333 
7335 
7336 
7337 
7338 
174 
176 
177 
178 
12476 
12477 
204 
206 
207 
208 
3281 
3282 
3283 
3285 
3286 
12506 
7389 
8413 
7391 
7392 
8416 
7393 
7395 
7396 
7397 
7398 
234 
236 
237 
238 
12535 
264 
266 
267 
268 
3341 
3343 
3345 
3346 
12564 
7449 
8473 
7451 
7452 
8476 
7453 
7455 
7456 
7457 
7458 
296 
297 
298 
12593 
326 
327 
328 
3401 
3403 
3405 
12622 
3406 
2385 
2386 
2387 
2388 
7509 
8533 
2390 
7511 
7512 
8536 
7513 
7515 
7516 
7517 
7518 
356 
357 
358 
386 
387 
388 
3461 
2439 
3463 
2440 
2441 
3465 
2442 
3466 
2443 
2445 
2446 
2447 
2448 
7569 
8593 
2450 
7571 
7572 
8596 
7573 
7575 
7576 
7577 
7578 
416 
417 
418 
446 
447 
448 
3521 
2499 
3523 
2500 
2501 
3525 
2502 
3526 
2503 
2505 
2506 
2507 
2508 
7629 
8653 
7631 
7632 
7633 
7635 
7636 
7637 
7638 
476 
478 
506 
508 
3581 
2559 
3583 
2561 
2562 
3586 
2563 
2565 
2566 
2567 
2568 
7689 
7691 
7692 
7693 
7695 
7696 
7698 
536 
538 
566 
568 
2619 
3643 
2621 
2622 
3646 
2623 
2625 
2626 
2627 
2628 
7751 
7752 
7753 
7755 
7756 
7758 
596 
598 
628 
2679 
3703 
2681 
2682 
3706 
2683 
2685 
2686 
2687 
2688 
7811 
7812 
7813 
7815 
7816 
7818 
658 
11925 
11926 
11927 
11928 
11930 
688 
11954 
2739 
3763 
11955 
11956 
2741 
11957 
2742 
3766 
2743 
11959 
2745 
2746 
2747 
2748 
7871 
7872 
7873 
7875 
7876 
7878 
718 
11983 
11984 
11985 
11986 
748 
12012 
12013 
12014 
2799 
3823 
12015 
2801 
2802 
3826 
2803 
2805 
2806 
2807 
2808 
7931 
7932 
7933 
7935 
7936 
7938 
12041 
12042 
12043 
12044 
12070 
12071 
12072 
12073 
2859 
3883 
2861 
2862 
2863 
2865 
2866 
2867 
2868 
7991 
7992 
7993 
7995 
7996 
7998 
12099 
12100 
12101 
12102 
12128 
12129 
12130 
12131 
2919 
2921 
2922 
2923 
2925 
2926 
2928 
8051 
8052 
8053 
8055 
8056 
12157 
12158 
12159 
12160 
12186 
12187 
12189 
2981 
2982 
2983 
2985 
2986 
2988 
8111 
8113 
8115 
8116 
12215 
12216 
12218 
12244 
12245 
12247 
3041 
3042 
3043 
3045 
3046 
3048 
8171 
8173 
8175 
8176 
12273 
12274 
7155 
7156 
12276 
7157 
7158 
7160 
)

// ************************************************************************* //
