/*--------------------------------*- C++ -*----------------------------------*\
| =========                 |                                                 |
| \\      /  F ield         | OpenFOAM: The Open Source CFD Toolbox           |
|  \\    /   O peration     | Version:  5.x                                   |
|   \\  /    A nd           | Web:      www.OpenFOAM.org                      |
|    \\/     M anipulation  |                                                 |
\*---------------------------------------------------------------------------*/
FoamFile
{
    version     2.0;
    format      ascii;
    class       faceSet;
    location    "constant/polyMesh/sets";
    object      nonOrthoFaces;
}
// * * * * * * * * * * * * * * * * * * * * * * * * * * * * * * * * * * * * * //


756
(
0 
10241 
1 
6146 
2 
5122 
10243 
3 
5123 
10244 
6148 
4 
5124 
10245 
5 
5125 
10246 
6150 
6 
5126 
10247 
6151 
7 
5127 
10248 
5128 
10249 
10250 
5130 
10251 
5131 
5132 
10253 
5133 
5134 
5135 
50 
1074 
52 
1076 
53 
1077 
54 
1078 
55 
56 
1080 
57 
1081 
58 
1082 
1083 
60 
61 
10302 
6206 
62 
5182 
10303 
63 
10304 
6208 
64 
5184 
10305 
65 
5185 
10306 
6210 
5186 
10307 
6211 
67 
5187 
10308 
5188 
10309 
10310 
5190 
5191 
10312 
5192 
5193 
5194 
5195 
1134 
112 
1136 
113 
1137 
114 
1138 
115 
116 
1140 
117 
1141 
118 
1143 
120 
10361 
121 
10362 
6266 
122 
5242 
10363 
123 
10364 
6268 
124 
5244 
10365 
125 
5245 
10366 
5246 
10367 
6271 
127 
5247 
10368 
5248 
10369 
5250 
10371 
5251 
5252 
5253 
5254 
5255 
172 
1196 
173 
1197 
174 
1198 
175 
176 
1200 
177 
1201 
178 
1203 
10420 
180 
10421 
181 
10422 
182 
5302 
10423 
183 
10424 
6328 
184 
5304 
10425 
185 
5305 
10426 
5306 
10427 
187 
5307 
10428 
5308 
5310 
5311 
5312 
5313 
5314 
5315 
232 
1256 
233 
1257 
234 
1258 
235 
236 
1260 
237 
1261 
238 
10479 
1263 
240 
10481 
241 
10482 
242 
5362 
10483 
243 
10484 
244 
5364 
10485 
245 
5365 
10486 
5366 
10487 
247 
5367 
5368 
5370 
5371 
5372 
5373 
5374 
5375 
292 
1316 
293 
1317 
294 
1318 
295 
296 
1320 
297 
1321 
10538 
298 
10540 
300 
10541 
301 
10542 
302 
5422 
10543 
303 
10544 
304 
5424 
10545 
305 
5425 
10546 
5426 
307 
5427 
5428 
5430 
5431 
5432 
5433 
5434 
5435 
9540 
9541 
9542 
9543 
9544 
9545 
9546 
9547 
352 
1376 
353 
354 
1378 
355 
356 
1380 
10597 
357 
1381 
358 
10599 
10600 
360 
10601 
361 
10602 
362 
5482 
10603 
363 
10604 
364 
5484 
10605 
365 
5485 
5486 
5487 
5488 
5490 
5491 
5492 
5493 
9590 
5495 
9592 
9593 
9594 
9595 
9596 
9597 
9598 
9599 
9600 
9601 
9602 
9603 
9604 
9606 
412 
1436 
414 
1438 
415 
10656 
416 
1440 
417 
1441 
10658 
418 
10659 
10660 
420 
10661 
421 
10662 
422 
423 
10664 
5544 
424 
5545 
425 
5546 
5547 
5548 
5550 
5551 
5552 
5553 
9651 
5555 
9652 
9653 
9654 
9655 
9656 
9657 
9658 
9659 
9660 
9661 
9662 
9663 
9665 
472 
1496 
474 
1498 
475 
476 
10717 
477 
1501 
10718 
478 
10719 
10720 
480 
10721 
481 
482 
10723 
483 
5604 
484 
5605 
485 
5606 
5607 
5608 
5610 
5611 
5612 
5613 
9710 
9711 
5615 
9712 
9713 
9714 
9715 
9716 
9717 
9718 
9719 
9720 
9721 
9722 
9724 
532 
534 
1558 
535 
10776 
536 
10777 
537 
10778 
538 
10779 
10780 
540 
541 
10782 
542 
543 
5664 
544 
5665 
545 
5666 
5667 
5668 
5670 
5671 
5672 
9769 
5673 
9770 
9771 
9772 
9773 
9774 
9775 
9776 
9777 
9778 
9779 
9780 
9781 
9783 
592 
594 
10835 
595 
10836 
596 
10837 
597 
10838 
598 
10839 
600 
601 
602 
603 
5724 
604 
605 
5726 
5727 
5728 
5730 
5731 
9828 
5732 
9829 
5733 
9830 
9831 
9832 
9833 
9834 
9835 
9836 
9837 
9838 
9839 
9840 
9842 
652 
10894 
654 
655 
10896 
656 
10897 
657 
10898 
658 
660 
661 
662 
663 
5784 
664 
665 
5786 
5787 
5788 
5790 
9887 
5791 
9888 
5792 
9889 
5793 
9890 
4770 
9891 
4771 
9892 
4772 
9893 
4773 
9894 
4774 
9895 
4775 
9896 
4776 
9897 
4777 
9898 
9899 
712 
10953 
714 
10955 
715 
10956 
716 
10957 
717 
718 
720 
721 
722 
723 
5844 
4820 
725 
5846 
4822 
5847 
4823 
5848 
4824 
4825 
9946 
5850 
4826 
5851 
4827 
9948 
5852 
4828 
9949 
5853 
9950 
4830 
9951 
4831 
9952 
4832 
9953 
4833 
9954 
4834 
9955 
4835 
9956 
9957 
4837 
9958 
11012 
11014 
774 
775 
11016 
776 
777 
778 
780 
781 
782 
783 
5904 
785 
5906 
4882 
5907 
4883 
5908 
4884 
10005 
4885 
5910 
4886 
10007 
5911 
4887 
10008 
4888 
10009 
5913 
10010 
4890 
10011 
4891 
10012 
4892 
10013 
4893 
10014 
4894 
10015 
4895 
10016 
10017 
4897 
11073 
834 
835 
836 
837 
838 
840 
841 
842 
843 
845 
5966 
4942 
5967 
4943 
10064 
5968 
4944 
4945 
10066 
5970 
4946 
10067 
5971 
4947 
10068 
4948 
10069 
5973 
10070 
4950 
10071 
4951 
10072 
4952 
10073 
4953 
10074 
4954 
10075 
4955 
10076 
4957 
894 
895 
896 
897 
898 
900 
901 
902 
903 
6026 
5002 
10123 
6027 
5003 
6028 
5004 
10125 
5005 
10126 
6030 
5006 
10127 
6031 
5007 
10128 
5008 
10129 
6033 
10130 
5010 
10131 
5011 
10132 
5012 
10133 
5013 
10134 
5014 
10135 
5015 
5017 
954 
956 
957 
958 
960 
961 
962 
963 
10182 
6086 
5062 
6087 
5063 
10184 
6088 
5064 
10185 
5065 
10186 
6090 
5066 
10187 
6091 
5067 
10188 
5068 
10189 
10190 
5070 
10191 
5071 
10192 
5072 
10193 
5073 
10194 
5074 
5075 
5077 
1014 
1016 
1017 
1018 
1020 
1021 
1022 
1023 
)

// ************************************************************************* //
