/*--------------------------------*- C++ -*----------------------------------*\
| =========                 |                                                 |
| \\      /  F ield         | OpenFOAM: The Open Source CFD Toolbox           |
|  \\    /   O peration     | Version:  5.x                                   |
|   \\  /    A nd           | Web:      www.OpenFOAM.org                      |
|    \\/     M anipulation  |                                                 |
\*---------------------------------------------------------------------------*/
FoamFile
{
    version     2.0;
    format      ascii;
    class       labelList;
    note        "nPoints: 14742 nCells: 7200 nFaces: 28970 nInternalFaces: 14230";
    location    "constant/polyMesh";
    object      neighbour;
}
// * * * * * * * * * * * * * * * * * * * * * * * * * * * * * * * * * * * * * //


14230
(
1
15
2
16
3
17
4
18
5
19
6
20
7
21
8
22
9
23
10
24
11
25
12
26
13
27
14
28
29
1200
16
30
17
31
18
32
19
33
20
34
21
35
22
36
23
37
24
38
25
39
26
40
27
41
28
42
29
43
44
1230
31
45
32
46
33
47
34
48
35
49
36
50
37
51
38
52
39
53
40
54
41
55
42
56
43
57
44
58
59
1260
46
60
47
61
48
62
49
63
50
64
51
65
52
66
53
67
54
68
55
69
56
70
57
71
58
72
59
73
74
1290
61
75
62
76
63
77
64
78
65
79
66
80
67
81
68
82
69
83
70
84
71
85
72
86
73
87
74
88
89
1320
76
90
77
91
78
92
79
93
80
94
81
95
82
96
83
97
84
98
85
99
86
100
87
101
88
102
89
103
104
1350
91
105
92
106
93
107
94
108
95
109
96
110
97
111
98
112
99
113
100
114
101
115
102
116
103
117
104
118
119
1380
106
120
107
121
108
122
109
123
110
124
111
125
112
126
113
127
114
128
115
129
116
130
117
131
118
132
119
133
134
1410
121
135
122
136
123
137
124
138
125
139
126
140
127
141
128
142
129
143
130
144
131
145
132
146
133
147
134
148
149
1440
136
150
137
151
138
152
139
153
140
154
141
155
142
156
143
157
144
158
145
159
146
160
147
161
148
162
149
163
164
1470
151
165
152
166
153
167
154
168
155
169
156
170
157
171
158
172
159
173
160
174
161
175
162
176
163
177
164
178
179
1500
166
180
167
181
168
182
169
183
170
184
171
185
172
186
173
187
174
188
175
189
176
190
177
191
178
192
179
193
194
1530
181
195
182
196
183
197
184
198
185
199
186
200
187
201
188
202
189
203
190
204
191
205
192
206
193
207
194
208
209
1560
196
210
197
211
198
212
199
213
200
214
201
215
202
216
203
217
204
218
205
219
206
220
207
221
208
222
209
223
224
1590
211
225
212
226
213
227
214
228
215
229
216
230
217
231
218
232
219
233
220
234
221
235
222
236
223
237
224
238
239
1620
226
240
227
241
228
242
229
243
230
244
231
245
232
246
233
247
234
248
235
249
236
250
237
251
238
252
239
253
254
1650
241
255
242
256
243
257
244
258
245
259
246
260
247
261
248
262
249
263
250
264
251
265
252
266
253
267
254
268
269
1680
256
270
257
271
258
272
259
273
260
274
261
275
262
276
263
277
264
278
265
279
266
280
267
281
268
282
269
283
284
1710
271
285
272
286
273
287
274
288
275
289
276
290
277
291
278
292
279
293
280
294
281
295
282
296
283
297
284
298
299
1740
286
300
287
301
288
302
289
303
290
304
291
305
292
306
293
307
294
308
295
309
296
310
297
311
298
312
299
313
314
1770
301
315
302
316
303
317
304
318
305
319
306
320
307
321
308
322
309
323
310
324
311
325
312
326
313
327
314
328
329
1800
316
330
317
331
318
332
319
333
320
334
321
335
322
336
323
337
324
338
325
339
326
340
327
341
328
342
329
343
344
1830
331
345
332
346
333
347
334
348
335
349
336
350
337
351
338
352
339
353
340
354
341
355
342
356
343
357
344
358
359
1860
346
360
347
361
348
362
349
363
350
364
351
365
352
366
353
367
354
368
355
369
356
370
357
371
358
372
359
373
374
1890
361
375
362
376
363
377
364
378
365
379
366
380
367
381
368
382
369
383
370
384
371
385
372
386
373
387
374
388
389
1920
376
390
377
391
378
392
379
393
380
394
381
395
382
396
383
397
384
398
385
399
386
400
387
401
388
402
389
403
404
1950
391
405
392
406
393
407
394
408
395
409
396
410
397
411
398
412
399
413
400
414
401
415
402
416
403
417
404
418
419
1980
406
420
407
421
408
422
409
423
410
424
411
425
412
426
413
427
414
428
415
429
416
430
417
431
418
432
419
433
434
2010
421
435
422
436
423
437
424
438
425
439
426
440
427
441
428
442
429
443
430
444
431
445
432
446
433
447
434
448
449
2040
436
450
437
451
438
452
439
453
440
454
441
455
442
456
443
457
444
458
445
459
446
460
447
461
448
462
449
463
464
2070
451
465
452
466
453
467
454
468
455
469
456
470
457
471
458
472
459
473
460
474
461
475
462
476
463
477
464
478
479
2100
466
480
467
481
468
482
469
483
470
484
471
485
472
486
473
487
474
488
475
489
476
490
477
491
478
492
479
493
494
2130
481
495
482
496
483
497
484
498
485
499
486
500
487
501
488
502
489
503
490
504
491
505
492
506
493
507
494
508
509
2160
496
510
497
511
498
512
499
513
500
514
501
515
502
516
503
517
504
518
505
519
506
520
507
521
508
522
509
523
524
2190
511
525
512
526
513
527
514
528
515
529
516
530
517
531
518
532
519
533
520
534
521
535
522
536
523
537
524
538
539
2220
526
540
527
541
528
542
529
543
530
544
531
545
532
546
533
547
534
548
535
549
536
550
537
551
538
552
539
553
554
2250
541
555
542
556
543
557
544
558
545
559
546
560
547
561
548
562
549
563
550
564
551
565
552
566
553
567
554
568
569
2280
556
570
557
571
558
572
559
573
560
574
561
575
562
576
563
577
564
578
565
579
566
580
567
581
568
582
569
583
584
2310
571
585
572
586
573
587
574
588
575
589
576
590
577
591
578
592
579
593
580
594
581
595
582
596
583
597
584
598
599
2340
586
600
587
601
588
602
589
603
590
604
591
605
592
606
593
607
594
608
595
609
596
610
597
611
598
612
599
613
614
2370
601
615
602
616
603
617
604
618
605
619
606
620
607
621
608
622
609
623
610
624
611
625
612
626
613
627
614
628
629
2400
616
630
617
631
618
632
619
633
620
634
621
635
622
636
623
637
624
638
625
639
626
640
627
641
628
642
629
643
644
2430
631
645
632
646
633
647
634
648
635
649
636
650
637
651
638
652
639
653
640
654
641
655
642
656
643
657
644
658
659
2460
646
660
647
661
648
662
649
663
650
664
651
665
652
666
653
667
654
668
655
669
656
670
657
671
658
672
659
673
674
2490
661
675
662
676
663
677
664
678
665
679
666
680
667
681
668
682
669
683
670
684
671
685
672
686
673
687
674
688
689
2520
676
690
677
691
678
692
679
693
680
694
681
695
682
696
683
697
684
698
685
699
686
700
687
701
688
702
689
703
704
2550
691
705
692
706
693
707
694
708
695
709
696
710
697
711
698
712
699
713
700
714
701
715
702
716
703
717
704
718
719
2580
706
720
707
721
708
722
709
723
710
724
711
725
712
726
713
727
714
728
715
729
716
730
717
731
718
732
719
733
734
2610
721
735
722
736
723
737
724
738
725
739
726
740
727
741
728
742
729
743
730
744
731
745
732
746
733
747
734
748
749
2640
736
750
737
751
738
752
739
753
740
754
741
755
742
756
743
757
744
758
745
759
746
760
747
761
748
762
749
763
764
2670
751
765
752
766
753
767
754
768
755
769
756
770
757
771
758
772
759
773
760
774
761
775
762
776
763
777
764
778
779
2700
766
780
767
781
768
782
769
783
770
784
771
785
772
786
773
787
774
788
775
789
776
790
777
791
778
792
779
793
794
2730
781
795
782
796
783
797
784
798
785
799
786
800
787
801
788
802
789
803
790
804
791
805
792
806
793
807
794
808
809
2760
796
810
797
811
798
812
799
813
800
814
801
815
802
816
803
817
804
818
805
819
806
820
807
821
808
822
809
823
824
2790
811
825
812
826
813
827
814
828
815
829
816
830
817
831
818
832
819
833
820
834
821
835
822
836
823
837
824
838
839
2820
826
840
827
841
828
842
829
843
830
844
831
845
832
846
833
847
834
848
835
849
836
850
837
851
838
852
839
853
854
2850
841
855
842
856
843
857
844
858
845
859
846
860
847
861
848
862
849
863
850
864
851
865
852
866
853
867
854
868
869
2880
856
870
857
871
858
872
859
873
860
874
861
875
862
876
863
877
864
878
865
879
866
880
867
881
868
882
869
883
884
2910
871
885
872
886
873
887
874
888
875
889
876
890
877
891
878
892
879
893
880
894
881
895
882
896
883
897
884
898
899
2940
886
900
887
901
888
902
889
903
890
904
891
905
892
906
893
907
894
908
895
909
896
910
897
911
898
912
899
913
914
2970
901
915
902
916
903
917
904
918
905
919
906
920
907
921
908
922
909
923
910
924
911
925
912
926
913
927
914
928
929
3000
916
930
917
931
918
932
919
933
920
934
921
935
922
936
923
937
924
938
925
939
926
940
927
941
928
942
929
943
944
3030
931
945
932
946
933
947
934
948
935
949
936
950
937
951
938
952
939
953
940
954
941
955
942
956
943
957
944
958
959
3060
946
960
947
961
948
962
949
963
950
964
951
965
952
966
953
967
954
968
955
969
956
970
957
971
958
972
959
973
974
3090
961
975
962
976
963
977
964
978
965
979
966
980
967
981
968
982
969
983
970
984
971
985
972
986
973
987
974
988
989
3120
976
990
977
991
978
992
979
993
980
994
981
995
982
996
983
997
984
998
985
999
986
1000
987
1001
988
1002
989
1003
1004
3150
991
1005
992
1006
993
1007
994
1008
995
1009
996
1010
997
1011
998
1012
999
1013
1000
1014
1001
1015
1002
1016
1003
1017
1004
1018
1019
3180
1006
1020
1007
1021
1008
1022
1009
1023
1010
1024
1011
1025
1012
1026
1013
1027
1014
1028
1015
1029
1016
1030
1017
1031
1018
1032
1019
1033
1034
3210
1021
1035
1022
1036
1023
1037
1024
1038
1025
1039
1026
1040
1027
1041
1028
1042
1029
1043
1030
1044
1031
1045
1032
1046
1033
1047
1034
1048
1049
3240
1036
1050
1037
1051
1038
1052
1039
1053
1040
1054
1041
1055
1042
1056
1043
1057
1044
1058
1045
1059
1046
1060
1047
1061
1048
1062
1049
1063
1064
3270
1051
1065
1052
1066
1053
1067
1054
1068
1055
1069
1056
1070
1057
1071
1058
1072
1059
1073
1060
1074
1061
1075
1062
1076
1063
1077
1064
1078
1079
3300
1066
1080
1067
1081
1068
1082
1069
1083
1070
1084
1071
1085
1072
1086
1073
1087
1074
1088
1075
1089
1076
1090
1077
1091
1078
1092
1079
1093
1094
3330
1081
1095
1082
1096
1083
1097
1084
1098
1085
1099
1086
1100
1087
1101
1088
1102
1089
1103
1090
1104
1091
1105
1092
1106
1093
1107
1094
1108
1109
3360
1096
1110
1097
1111
1098
1112
1099
1113
1100
1114
1101
1115
1102
1116
1103
1117
1104
1118
1105
1119
1106
1120
1107
1121
1108
1122
1109
1123
1124
3390
1111
1125
1112
1126
1113
1127
1114
1128
1115
1129
1116
1130
1117
1131
1118
1132
1119
1133
1120
1134
1121
1135
1122
1136
1123
1137
1124
1138
1139
3420
1126
1140
1127
1141
1128
1142
1129
1143
1130
1144
1131
1145
1132
1146
1133
1147
1134
1148
1135
1149
1136
1150
1137
1151
1138
1152
1139
1153
1154
3450
1141
1155
1142
1156
1143
1157
1144
1158
1145
1159
1146
1160
1147
1161
1148
1162
1149
1163
1150
1164
1151
1165
1152
1166
1153
1167
1154
1168
1169
3480
1156
1170
1157
1171
1158
1172
1159
1173
1160
1174
1161
1175
1162
1176
1163
1177
1164
1178
1165
1179
1166
1180
1167
1181
1168
1182
1169
1183
1184
3510
1171
1185
1172
1186
1173
1187
1174
1188
1175
1189
1176
1190
1177
1191
1178
1192
1179
1193
1180
1194
1181
1195
1182
1196
1183
1197
1184
1198
1199
3540
1186
1187
1188
1189
1190
1191
1192
1193
1194
1195
1196
1197
1198
1199
3570
1201
1230
1202
1231
1203
1232
1204
1233
1205
1234
1206
1235
1207
1236
1208
1237
1209
1238
1210
1239
1211
1240
1212
1241
1213
1242
1214
1243
1215
1244
1216
1245
1217
1246
1218
1247
1219
1248
1220
1249
1221
1250
1222
1251
1223
1252
1224
1253
1225
1254
1226
1255
1227
1256
1228
1257
1229
1258
1259
3600
1231
1260
1232
1261
1233
1262
1234
1263
1235
1264
1236
1265
1237
1266
1238
1267
1239
1268
1240
1269
1241
1270
1242
1271
1243
1272
1244
1273
1245
1274
1246
1275
1247
1276
1248
1277
1249
1278
1250
1279
1251
1280
1252
1281
1253
1282
1254
1283
1255
1284
1256
1285
1257
1286
1258
1287
1259
1288
1289
3630
1261
1290
1262
1291
1263
1292
1264
1293
1265
1294
1266
1295
1267
1296
1268
1297
1269
1298
1270
1299
1271
1300
1272
1301
1273
1302
1274
1303
1275
1304
1276
1305
1277
1306
1278
1307
1279
1308
1280
1309
1281
1310
1282
1311
1283
1312
1284
1313
1285
1314
1286
1315
1287
1316
1288
1317
1289
1318
1319
3660
1291
1320
1292
1321
1293
1322
1294
1323
1295
1324
1296
1325
1297
1326
1298
1327
1299
1328
1300
1329
1301
1330
1302
1331
1303
1332
1304
1333
1305
1334
1306
1335
1307
1336
1308
1337
1309
1338
1310
1339
1311
1340
1312
1341
1313
1342
1314
1343
1315
1344
1316
1345
1317
1346
1318
1347
1319
1348
1349
3690
1321
1350
1322
1351
1323
1352
1324
1353
1325
1354
1326
1355
1327
1356
1328
1357
1329
1358
1330
1359
1331
1360
1332
1361
1333
1362
1334
1363
1335
1364
1336
1365
1337
1366
1338
1367
1339
1368
1340
1369
1341
1370
1342
1371
1343
1372
1344
1373
1345
1374
1346
1375
1347
1376
1348
1377
1349
1378
1379
3720
1351
1380
1352
1381
1353
1382
1354
1383
1355
1384
1356
1385
1357
1386
1358
1387
1359
1388
1360
1389
1361
1390
1362
1391
1363
1392
1364
1393
1365
1394
1366
1395
1367
1396
1368
1397
1369
1398
1370
1399
1371
1400
1372
1401
1373
1402
1374
1403
1375
1404
1376
1405
1377
1406
1378
1407
1379
1408
1409
3750
1381
1410
1382
1411
1383
1412
1384
1413
1385
1414
1386
1415
1387
1416
1388
1417
1389
1418
1390
1419
1391
1420
1392
1421
1393
1422
1394
1423
1395
1424
1396
1425
1397
1426
1398
1427
1399
1428
1400
1429
1401
1430
1402
1431
1403
1432
1404
1433
1405
1434
1406
1435
1407
1436
1408
1437
1409
1438
1439
3780
1411
1440
1412
1441
1413
1442
1414
1443
1415
1444
1416
1445
1417
1446
1418
1447
1419
1448
1420
1449
1421
1450
1422
1451
1423
1452
1424
1453
1425
1454
1426
1455
1427
1456
1428
1457
1429
1458
1430
1459
1431
1460
1432
1461
1433
1462
1434
1463
1435
1464
1436
1465
1437
1466
1438
1467
1439
1468
1469
3810
1441
1470
1442
1471
1443
1472
1444
1473
1445
1474
1446
1475
1447
1476
1448
1477
1449
1478
1450
1479
1451
1480
1452
1481
1453
1482
1454
1483
1455
1484
1456
1485
1457
1486
1458
1487
1459
1488
1460
1489
1461
1490
1462
1491
1463
1492
1464
1493
1465
1494
1466
1495
1467
1496
1468
1497
1469
1498
1499
3840
1471
1500
1472
1501
1473
1502
1474
1503
1475
1504
1476
1505
1477
1506
1478
1507
1479
1508
1480
1509
1481
1510
1482
1511
1483
1512
1484
1513
1485
1514
1486
1515
1487
1516
1488
1517
1489
1518
1490
1519
1491
1520
1492
1521
1493
1522
1494
1523
1495
1524
1496
1525
1497
1526
1498
1527
1499
1528
1529
3870
1501
1530
1502
1531
1503
1532
1504
1533
1505
1534
1506
1535
1507
1536
1508
1537
1509
1538
1510
1539
1511
1540
1512
1541
1513
1542
1514
1543
1515
1544
1516
1545
1517
1546
1518
1547
1519
1548
1520
1549
1521
1550
1522
1551
1523
1552
1524
1553
1525
1554
1526
1555
1527
1556
1528
1557
1529
1558
1559
3900
1531
1560
1532
1561
1533
1562
1534
1563
1535
1564
1536
1565
1537
1566
1538
1567
1539
1568
1540
1569
1541
1570
1542
1571
1543
1572
1544
1573
1545
1574
1546
1575
1547
1576
1548
1577
1549
1578
1550
1579
1551
1580
1552
1581
1553
1582
1554
1583
1555
1584
1556
1585
1557
1586
1558
1587
1559
1588
1589
3930
1561
1590
1562
1591
1563
1592
1564
1593
1565
1594
1566
1595
1567
1596
1568
1597
1569
1598
1570
1599
1571
1600
1572
1601
1573
1602
1574
1603
1575
1604
1576
1605
1577
1606
1578
1607
1579
1608
1580
1609
1581
1610
1582
1611
1583
1612
1584
1613
1585
1614
1586
1615
1587
1616
1588
1617
1589
1618
1619
3960
1591
1620
1592
1621
1593
1622
1594
1623
1595
1624
1596
1625
1597
1626
1598
1627
1599
1628
1600
1629
1601
1630
1602
1631
1603
1632
1604
1633
1605
1634
1606
1635
1607
1636
1608
1637
1609
1638
1610
1639
1611
1640
1612
1641
1613
1642
1614
1643
1615
1644
1616
1645
1617
1646
1618
1647
1619
1648
1649
3990
1621
1650
1622
1651
1623
1652
1624
1653
1625
1654
1626
1655
1627
1656
1628
1657
1629
1658
1630
1659
1631
1660
1632
1661
1633
1662
1634
1663
1635
1664
1636
1665
1637
1666
1638
1667
1639
1668
1640
1669
1641
1670
1642
1671
1643
1672
1644
1673
1645
1674
1646
1675
1647
1676
1648
1677
1649
1678
1679
4020
1651
1680
1652
1681
1653
1682
1654
1683
1655
1684
1656
1685
1657
1686
1658
1687
1659
1688
1660
1689
1661
1690
1662
1691
1663
1692
1664
1693
1665
1694
1666
1695
1667
1696
1668
1697
1669
1698
1670
1699
1671
1700
1672
1701
1673
1702
1674
1703
1675
1704
1676
1705
1677
1706
1678
1707
1679
1708
1709
4050
1681
1710
1682
1711
1683
1712
1684
1713
1685
1714
1686
1715
1687
1716
1688
1717
1689
1718
1690
1719
1691
1720
1692
1721
1693
1722
1694
1723
1695
1724
1696
1725
1697
1726
1698
1727
1699
1728
1700
1729
1701
1730
1702
1731
1703
1732
1704
1733
1705
1734
1706
1735
1707
1736
1708
1737
1709
1738
1739
4080
1711
1740
1712
1741
1713
1742
1714
1743
1715
1744
1716
1745
1717
1746
1718
1747
1719
1748
1720
1749
1721
1750
1722
1751
1723
1752
1724
1753
1725
1754
1726
1755
1727
1756
1728
1757
1729
1758
1730
1759
1731
1760
1732
1761
1733
1762
1734
1763
1735
1764
1736
1765
1737
1766
1738
1767
1739
1768
1769
4110
1741
1770
1742
1771
1743
1772
1744
1773
1745
1774
1746
1775
1747
1776
1748
1777
1749
1778
1750
1779
1751
1780
1752
1781
1753
1782
1754
1783
1755
1784
1756
1785
1757
1786
1758
1787
1759
1788
1760
1789
1761
1790
1762
1791
1763
1792
1764
1793
1765
1794
1766
1795
1767
1796
1768
1797
1769
1798
1799
4140
1771
1800
1772
1801
1773
1802
1774
1803
1775
1804
1776
1805
1777
1806
1778
1807
1779
1808
1780
1809
1781
1810
1782
1811
1783
1812
1784
1813
1785
1814
1786
1815
1787
1816
1788
1817
1789
1818
1790
1819
1791
1820
1792
1821
1793
1822
1794
1823
1795
1824
1796
1825
1797
1826
1798
1827
1799
1828
1829
4170
1801
1830
1802
1831
1803
1832
1804
1833
1805
1834
1806
1835
1807
1836
1808
1837
1809
1838
1810
1839
1811
1840
1812
1841
1813
1842
1814
1843
1815
1844
1816
1845
1817
1846
1818
1847
1819
1848
1820
1849
1821
1850
1822
1851
1823
1852
1824
1853
1825
1854
1826
1855
1827
1856
1828
1857
1829
1858
1859
4200
1831
1860
1832
1861
1833
1862
1834
1863
1835
1864
1836
1865
1837
1866
1838
1867
1839
1868
1840
1869
1841
1870
1842
1871
1843
1872
1844
1873
1845
1874
1846
1875
1847
1876
1848
1877
1849
1878
1850
1879
1851
1880
1852
1881
1853
1882
1854
1883
1855
1884
1856
1885
1857
1886
1858
1887
1859
1888
1889
4230
1861
1890
1862
1891
1863
1892
1864
1893
1865
1894
1866
1895
1867
1896
1868
1897
1869
1898
1870
1899
1871
1900
1872
1901
1873
1902
1874
1903
1875
1904
1876
1905
1877
1906
1878
1907
1879
1908
1880
1909
1881
1910
1882
1911
1883
1912
1884
1913
1885
1914
1886
1915
1887
1916
1888
1917
1889
1918
1919
4260
1891
1920
1892
1921
1893
1922
1894
1923
1895
1924
1896
1925
1897
1926
1898
1927
1899
1928
1900
1929
1901
1930
1902
1931
1903
1932
1904
1933
1905
1934
1906
1935
1907
1936
1908
1937
1909
1938
1910
1939
1911
1940
1912
1941
1913
1942
1914
1943
1915
1944
1916
1945
1917
1946
1918
1947
1919
1948
1949
4290
1921
1950
1922
1951
1923
1952
1924
1953
1925
1954
1926
1955
1927
1956
1928
1957
1929
1958
1930
1959
1931
1960
1932
1961
1933
1962
1934
1963
1935
1964
1936
1965
1937
1966
1938
1967
1939
1968
1940
1969
1941
1970
1942
1971
1943
1972
1944
1973
1945
1974
1946
1975
1947
1976
1948
1977
1949
1978
1979
4320
1951
1980
1952
1981
1953
1982
1954
1983
1955
1984
1956
1985
1957
1986
1958
1987
1959
1988
1960
1989
1961
1990
1962
1991
1963
1992
1964
1993
1965
1994
1966
1995
1967
1996
1968
1997
1969
1998
1970
1999
1971
2000
1972
2001
1973
2002
1974
2003
1975
2004
1976
2005
1977
2006
1978
2007
1979
2008
2009
4350
1981
2010
1982
2011
1983
2012
1984
2013
1985
2014
1986
2015
1987
2016
1988
2017
1989
2018
1990
2019
1991
2020
1992
2021
1993
2022
1994
2023
1995
2024
1996
2025
1997
2026
1998
2027
1999
2028
2000
2029
2001
2030
2002
2031
2003
2032
2004
2033
2005
2034
2006
2035
2007
2036
2008
2037
2009
2038
2039
4380
2011
2040
2012
2041
2013
2042
2014
2043
2015
2044
2016
2045
2017
2046
2018
2047
2019
2048
2020
2049
2021
2050
2022
2051
2023
2052
2024
2053
2025
2054
2026
2055
2027
2056
2028
2057
2029
2058
2030
2059
2031
2060
2032
2061
2033
2062
2034
2063
2035
2064
2036
2065
2037
2066
2038
2067
2039
2068
2069
4410
2041
2070
2042
2071
2043
2072
2044
2073
2045
2074
2046
2075
2047
2076
2048
2077
2049
2078
2050
2079
2051
2080
2052
2081
2053
2082
2054
2083
2055
2084
2056
2085
2057
2086
2058
2087
2059
2088
2060
2089
2061
2090
2062
2091
2063
2092
2064
2093
2065
2094
2066
2095
2067
2096
2068
2097
2069
2098
2099
4440
2071
2100
2072
2101
2073
2102
2074
2103
2075
2104
2076
2105
2077
2106
2078
2107
2079
2108
2080
2109
2081
2110
2082
2111
2083
2112
2084
2113
2085
2114
2086
2115
2087
2116
2088
2117
2089
2118
2090
2119
2091
2120
2092
2121
2093
2122
2094
2123
2095
2124
2096
2125
2097
2126
2098
2127
2099
2128
2129
4470
2101
2130
2102
2131
2103
2132
2104
2133
2105
2134
2106
2135
2107
2136
2108
2137
2109
2138
2110
2139
2111
2140
2112
2141
2113
2142
2114
2143
2115
2144
2116
2145
2117
2146
2118
2147
2119
2148
2120
2149
2121
2150
2122
2151
2123
2152
2124
2153
2125
2154
2126
2155
2127
2156
2128
2157
2129
2158
2159
4500
2131
2160
2132
2161
2133
2162
2134
2163
2135
2164
2136
2165
2137
2166
2138
2167
2139
2168
2140
2169
2141
2170
2142
2171
2143
2172
2144
2173
2145
2174
2146
2175
2147
2176
2148
2177
2149
2178
2150
2179
2151
2180
2152
2181
2153
2182
2154
2183
2155
2184
2156
2185
2157
2186
2158
2187
2159
2188
2189
4530
2161
2190
2162
2191
2163
2192
2164
2193
2165
2194
2166
2195
2167
2196
2168
2197
2169
2198
2170
2199
2171
2200
2172
2201
2173
2202
2174
2203
2175
2204
2176
2205
2177
2206
2178
2207
2179
2208
2180
2209
2181
2210
2182
2211
2183
2212
2184
2213
2185
2214
2186
2215
2187
2216
2188
2217
2189
2218
2219
4560
2191
2220
2192
2221
2193
2222
2194
2223
2195
2224
2196
2225
2197
2226
2198
2227
2199
2228
2200
2229
2201
2230
2202
2231
2203
2232
2204
2233
2205
2234
2206
2235
2207
2236
2208
2237
2209
2238
2210
2239
2211
2240
2212
2241
2213
2242
2214
2243
2215
2244
2216
2245
2217
2246
2218
2247
2219
2248
2249
4590
2221
2250
2222
2251
2223
2252
2224
2253
2225
2254
2226
2255
2227
2256
2228
2257
2229
2258
2230
2259
2231
2260
2232
2261
2233
2262
2234
2263
2235
2264
2236
2265
2237
2266
2238
2267
2239
2268
2240
2269
2241
2270
2242
2271
2243
2272
2244
2273
2245
2274
2246
2275
2247
2276
2248
2277
2249
2278
2279
4620
2251
2280
2252
2281
2253
2282
2254
2283
2255
2284
2256
2285
2257
2286
2258
2287
2259
2288
2260
2289
2261
2290
2262
2291
2263
2292
2264
2293
2265
2294
2266
2295
2267
2296
2268
2297
2269
2298
2270
2299
2271
2300
2272
2301
2273
2302
2274
2303
2275
2304
2276
2305
2277
2306
2278
2307
2279
2308
2309
4650
2281
2310
2282
2311
2283
2312
2284
2313
2285
2314
2286
2315
2287
2316
2288
2317
2289
2318
2290
2319
2291
2320
2292
2321
2293
2322
2294
2323
2295
2324
2296
2325
2297
2326
2298
2327
2299
2328
2300
2329
2301
2330
2302
2331
2303
2332
2304
2333
2305
2334
2306
2335
2307
2336
2308
2337
2309
2338
2339
4680
2311
2340
2312
2341
2313
2342
2314
2343
2315
2344
2316
2345
2317
2346
2318
2347
2319
2348
2320
2349
2321
2350
2322
2351
2323
2352
2324
2353
2325
2354
2326
2355
2327
2356
2328
2357
2329
2358
2330
2359
2331
2360
2332
2361
2333
2362
2334
2363
2335
2364
2336
2365
2337
2366
2338
2367
2339
2368
2369
4710
2341
2370
2342
2371
2343
2372
2344
2373
2345
2374
2346
2375
2347
2376
2348
2377
2349
2378
2350
2379
2351
2380
2352
2381
2353
2382
2354
2383
2355
2384
2356
2385
2357
2386
2358
2387
2359
2388
2360
2389
2361
2390
2362
2391
2363
2392
2364
2393
2365
2394
2366
2395
2367
2396
2368
2397
2369
2398
2399
4740
2371
2400
2372
2401
2373
2402
2374
2403
2375
2404
2376
2405
2377
2406
2378
2407
2379
2408
2380
2409
2381
2410
2382
2411
2383
2412
2384
2413
2385
2414
2386
2415
2387
2416
2388
2417
2389
2418
2390
2419
2391
2420
2392
2421
2393
2422
2394
2423
2395
2424
2396
2425
2397
2426
2398
2427
2399
2428
2429
4770
2401
2430
2402
2431
2403
2432
2404
2433
2405
2434
2406
2435
2407
2436
2408
2437
2409
2438
2410
2439
2411
2440
2412
2441
2413
2442
2414
2443
2415
2444
2416
2445
2417
2446
2418
2447
2419
2448
2420
2449
2421
2450
2422
2451
2423
2452
2424
2453
2425
2454
2426
2455
2427
2456
2428
2457
2429
2458
2459
4800
2431
2460
2432
2461
2433
2462
2434
2463
2435
2464
2436
2465
2437
2466
2438
2467
2439
2468
2440
2469
2441
2470
2442
2471
2443
2472
2444
2473
2445
2474
2446
2475
2447
2476
2448
2477
2449
2478
2450
2479
2451
2480
2452
2481
2453
2482
2454
2483
2455
2484
2456
2485
2457
2486
2458
2487
2459
2488
2489
4830
2461
2490
2462
2491
2463
2492
2464
2493
2465
2494
2466
2495
2467
2496
2468
2497
2469
2498
2470
2499
2471
2500
2472
2501
2473
2502
2474
2503
2475
2504
2476
2505
2477
2506
2478
2507
2479
2508
2480
2509
2481
2510
2482
2511
2483
2512
2484
2513
2485
2514
2486
2515
2487
2516
2488
2517
2489
2518
2519
4860
2491
2520
2492
2521
2493
2522
2494
2523
2495
2524
2496
2525
2497
2526
2498
2527
2499
2528
2500
2529
2501
2530
2502
2531
2503
2532
2504
2533
2505
2534
2506
2535
2507
2536
2508
2537
2509
2538
2510
2539
2511
2540
2512
2541
2513
2542
2514
2543
2515
2544
2516
2545
2517
2546
2518
2547
2519
2548
2549
4890
2521
2550
2522
2551
2523
2552
2524
2553
2525
2554
2526
2555
2527
2556
2528
2557
2529
2558
2530
2559
2531
2560
2532
2561
2533
2562
2534
2563
2535
2564
2536
2565
2537
2566
2538
2567
2539
2568
2540
2569
2541
2570
2542
2571
2543
2572
2544
2573
2545
2574
2546
2575
2547
2576
2548
2577
2549
2578
2579
4920
2551
2580
2552
2581
2553
2582
2554
2583
2555
2584
2556
2585
2557
2586
2558
2587
2559
2588
2560
2589
2561
2590
2562
2591
2563
2592
2564
2593
2565
2594
2566
2595
2567
2596
2568
2597
2569
2598
2570
2599
2571
2600
2572
2601
2573
2602
2574
2603
2575
2604
2576
2605
2577
2606
2578
2607
2579
2608
2609
4950
2581
2610
2582
2611
2583
2612
2584
2613
2585
2614
2586
2615
2587
2616
2588
2617
2589
2618
2590
2619
2591
2620
2592
2621
2593
2622
2594
2623
2595
2624
2596
2625
2597
2626
2598
2627
2599
2628
2600
2629
2601
2630
2602
2631
2603
2632
2604
2633
2605
2634
2606
2635
2607
2636
2608
2637
2609
2638
2639
4980
2611
2640
2612
2641
2613
2642
2614
2643
2615
2644
2616
2645
2617
2646
2618
2647
2619
2648
2620
2649
2621
2650
2622
2651
2623
2652
2624
2653
2625
2654
2626
2655
2627
2656
2628
2657
2629
2658
2630
2659
2631
2660
2632
2661
2633
2662
2634
2663
2635
2664
2636
2665
2637
2666
2638
2667
2639
2668
2669
5010
2641
2670
2642
2671
2643
2672
2644
2673
2645
2674
2646
2675
2647
2676
2648
2677
2649
2678
2650
2679
2651
2680
2652
2681
2653
2682
2654
2683
2655
2684
2656
2685
2657
2686
2658
2687
2659
2688
2660
2689
2661
2690
2662
2691
2663
2692
2664
2693
2665
2694
2666
2695
2667
2696
2668
2697
2669
2698
2699
5040
2671
2700
2672
2701
2673
2702
2674
2703
2675
2704
2676
2705
2677
2706
2678
2707
2679
2708
2680
2709
2681
2710
2682
2711
2683
2712
2684
2713
2685
2714
2686
2715
2687
2716
2688
2717
2689
2718
2690
2719
2691
2720
2692
2721
2693
2722
2694
2723
2695
2724
2696
2725
2697
2726
2698
2727
2699
2728
2729
5070
2701
2730
2702
2731
2703
2732
2704
2733
2705
2734
2706
2735
2707
2736
2708
2737
2709
2738
2710
2739
2711
2740
2712
2741
2713
2742
2714
2743
2715
2744
2716
2745
2717
2746
2718
2747
2719
2748
2720
2749
2721
2750
2722
2751
2723
2752
2724
2753
2725
2754
2726
2755
2727
2756
2728
2757
2729
2758
2759
5100
2731
2760
2732
2761
2733
2762
2734
2763
2735
2764
2736
2765
2737
2766
2738
2767
2739
2768
2740
2769
2741
2770
2742
2771
2743
2772
2744
2773
2745
2774
2746
2775
2747
2776
2748
2777
2749
2778
2750
2779
2751
2780
2752
2781
2753
2782
2754
2783
2755
2784
2756
2785
2757
2786
2758
2787
2759
2788
2789
5130
2761
2790
2762
2791
2763
2792
2764
2793
2765
2794
2766
2795
2767
2796
2768
2797
2769
2798
2770
2799
2771
2800
2772
2801
2773
2802
2774
2803
2775
2804
2776
2805
2777
2806
2778
2807
2779
2808
2780
2809
2781
2810
2782
2811
2783
2812
2784
2813
2785
2814
2786
2815
2787
2816
2788
2817
2789
2818
2819
5160
2791
2820
2792
2821
2793
2822
2794
2823
2795
2824
2796
2825
2797
2826
2798
2827
2799
2828
2800
2829
2801
2830
2802
2831
2803
2832
2804
2833
2805
2834
2806
2835
2807
2836
2808
2837
2809
2838
2810
2839
2811
2840
2812
2841
2813
2842
2814
2843
2815
2844
2816
2845
2817
2846
2818
2847
2819
2848
2849
5190
2821
2850
2822
2851
2823
2852
2824
2853
2825
2854
2826
2855
2827
2856
2828
2857
2829
2858
2830
2859
2831
2860
2832
2861
2833
2862
2834
2863
2835
2864
2836
2865
2837
2866
2838
2867
2839
2868
2840
2869
2841
2870
2842
2871
2843
2872
2844
2873
2845
2874
2846
2875
2847
2876
2848
2877
2849
2878
2879
5220
2851
2880
2852
2881
2853
2882
2854
2883
2855
2884
2856
2885
2857
2886
2858
2887
2859
2888
2860
2889
2861
2890
2862
2891
2863
2892
2864
2893
2865
2894
2866
2895
2867
2896
2868
2897
2869
2898
2870
2899
2871
2900
2872
2901
2873
2902
2874
2903
2875
2904
2876
2905
2877
2906
2878
2907
2879
2908
2909
5250
2881
2910
2882
2911
2883
2912
2884
2913
2885
2914
2886
2915
2887
2916
2888
2917
2889
2918
2890
2919
2891
2920
2892
2921
2893
2922
2894
2923
2895
2924
2896
2925
2897
2926
2898
2927
2899
2928
2900
2929
2901
2930
2902
2931
2903
2932
2904
2933
2905
2934
2906
2935
2907
2936
2908
2937
2909
2938
2939
5280
2911
2940
2912
2941
2913
2942
2914
2943
2915
2944
2916
2945
2917
2946
2918
2947
2919
2948
2920
2949
2921
2950
2922
2951
2923
2952
2924
2953
2925
2954
2926
2955
2927
2956
2928
2957
2929
2958
2930
2959
2931
2960
2932
2961
2933
2962
2934
2963
2935
2964
2936
2965
2937
2966
2938
2967
2939
2968
2969
5310
2941
2970
2942
2971
2943
2972
2944
2973
2945
2974
2946
2975
2947
2976
2948
2977
2949
2978
2950
2979
2951
2980
2952
2981
2953
2982
2954
2983
2955
2984
2956
2985
2957
2986
2958
2987
2959
2988
2960
2989
2961
2990
2962
2991
2963
2992
2964
2993
2965
2994
2966
2995
2967
2996
2968
2997
2969
2998
2999
5340
2971
3000
2972
3001
2973
3002
2974
3003
2975
3004
2976
3005
2977
3006
2978
3007
2979
3008
2980
3009
2981
3010
2982
3011
2983
3012
2984
3013
2985
3014
2986
3015
2987
3016
2988
3017
2989
3018
2990
3019
2991
3020
2992
3021
2993
3022
2994
3023
2995
3024
2996
3025
2997
3026
2998
3027
2999
3028
3029
5370
3001
3030
3002
3031
3003
3032
3004
3033
3005
3034
3006
3035
3007
3036
3008
3037
3009
3038
3010
3039
3011
3040
3012
3041
3013
3042
3014
3043
3015
3044
3016
3045
3017
3046
3018
3047
3019
3048
3020
3049
3021
3050
3022
3051
3023
3052
3024
3053
3025
3054
3026
3055
3027
3056
3028
3057
3029
3058
3059
5400
3031
3060
3032
3061
3033
3062
3034
3063
3035
3064
3036
3065
3037
3066
3038
3067
3039
3068
3040
3069
3041
3070
3042
3071
3043
3072
3044
3073
3045
3074
3046
3075
3047
3076
3048
3077
3049
3078
3050
3079
3051
3080
3052
3081
3053
3082
3054
3083
3055
3084
3056
3085
3057
3086
3058
3087
3059
3088
3089
5430
3061
3090
3062
3091
3063
3092
3064
3093
3065
3094
3066
3095
3067
3096
3068
3097
3069
3098
3070
3099
3071
3100
3072
3101
3073
3102
3074
3103
3075
3104
3076
3105
3077
3106
3078
3107
3079
3108
3080
3109
3081
3110
3082
3111
3083
3112
3084
3113
3085
3114
3086
3115
3087
3116
3088
3117
3089
3118
3119
5460
3091
3120
3092
3121
3093
3122
3094
3123
3095
3124
3096
3125
3097
3126
3098
3127
3099
3128
3100
3129
3101
3130
3102
3131
3103
3132
3104
3133
3105
3134
3106
3135
3107
3136
3108
3137
3109
3138
3110
3139
3111
3140
3112
3141
3113
3142
3114
3143
3115
3144
3116
3145
3117
3146
3118
3147
3119
3148
3149
5490
3121
3150
3122
3151
3123
3152
3124
3153
3125
3154
3126
3155
3127
3156
3128
3157
3129
3158
3130
3159
3131
3160
3132
3161
3133
3162
3134
3163
3135
3164
3136
3165
3137
3166
3138
3167
3139
3168
3140
3169
3141
3170
3142
3171
3143
3172
3144
3173
3145
3174
3146
3175
3147
3176
3148
3177
3149
3178
3179
5520
3151
3180
3152
3181
3153
3182
3154
3183
3155
3184
3156
3185
3157
3186
3158
3187
3159
3188
3160
3189
3161
3190
3162
3191
3163
3192
3164
3193
3165
3194
3166
3195
3167
3196
3168
3197
3169
3198
3170
3199
3171
3200
3172
3201
3173
3202
3174
3203
3175
3204
3176
3205
3177
3206
3178
3207
3179
3208
3209
5550
3181
3210
3182
3211
3183
3212
3184
3213
3185
3214
3186
3215
3187
3216
3188
3217
3189
3218
3190
3219
3191
3220
3192
3221
3193
3222
3194
3223
3195
3224
3196
3225
3197
3226
3198
3227
3199
3228
3200
3229
3201
3230
3202
3231
3203
3232
3204
3233
3205
3234
3206
3235
3207
3236
3208
3237
3209
3238
3239
5580
3211
3240
3212
3241
3213
3242
3214
3243
3215
3244
3216
3245
3217
3246
3218
3247
3219
3248
3220
3249
3221
3250
3222
3251
3223
3252
3224
3253
3225
3254
3226
3255
3227
3256
3228
3257
3229
3258
3230
3259
3231
3260
3232
3261
3233
3262
3234
3263
3235
3264
3236
3265
3237
3266
3238
3267
3239
3268
3269
5610
3241
3270
3242
3271
3243
3272
3244
3273
3245
3274
3246
3275
3247
3276
3248
3277
3249
3278
3250
3279
3251
3280
3252
3281
3253
3282
3254
3283
3255
3284
3256
3285
3257
3286
3258
3287
3259
3288
3260
3289
3261
3290
3262
3291
3263
3292
3264
3293
3265
3294
3266
3295
3267
3296
3268
3297
3269
3298
3299
5640
3271
3300
3272
3301
3273
3302
3274
3303
3275
3304
3276
3305
3277
3306
3278
3307
3279
3308
3280
3309
3281
3310
3282
3311
3283
3312
3284
3313
3285
3314
3286
3315
3287
3316
3288
3317
3289
3318
3290
3319
3291
3320
3292
3321
3293
3322
3294
3323
3295
3324
3296
3325
3297
3326
3298
3327
3299
3328
3329
5670
3301
3330
3302
3331
3303
3332
3304
3333
3305
3334
3306
3335
3307
3336
3308
3337
3309
3338
3310
3339
3311
3340
3312
3341
3313
3342
3314
3343
3315
3344
3316
3345
3317
3346
3318
3347
3319
3348
3320
3349
3321
3350
3322
3351
3323
3352
3324
3353
3325
3354
3326
3355
3327
3356
3328
3357
3329
3358
3359
5700
3331
3360
3332
3361
3333
3362
3334
3363
3335
3364
3336
3365
3337
3366
3338
3367
3339
3368
3340
3369
3341
3370
3342
3371
3343
3372
3344
3373
3345
3374
3346
3375
3347
3376
3348
3377
3349
3378
3350
3379
3351
3380
3352
3381
3353
3382
3354
3383
3355
3384
3356
3385
3357
3386
3358
3387
3359
3388
3389
5730
3361
3390
3362
3391
3363
3392
3364
3393
3365
3394
3366
3395
3367
3396
3368
3397
3369
3398
3370
3399
3371
3400
3372
3401
3373
3402
3374
3403
3375
3404
3376
3405
3377
3406
3378
3407
3379
3408
3380
3409
3381
3410
3382
3411
3383
3412
3384
3413
3385
3414
3386
3415
3387
3416
3388
3417
3389
3418
3419
5760
3391
3420
3392
3421
3393
3422
3394
3423
3395
3424
3396
3425
3397
3426
3398
3427
3399
3428
3400
3429
3401
3430
3402
3431
3403
3432
3404
3433
3405
3434
3406
3435
3407
3436
3408
3437
3409
3438
3410
3439
3411
3440
3412
3441
3413
3442
3414
3443
3415
3444
3416
3445
3417
3446
3418
3447
3419
3448
3449
5790
3421
3450
3422
3451
3423
3452
3424
3453
3425
3454
3426
3455
3427
3456
3428
3457
3429
3458
3430
3459
3431
3460
3432
3461
3433
3462
3434
3463
3435
3464
3436
3465
3437
3466
3438
3467
3439
3468
3440
3469
3441
3470
3442
3471
3443
3472
3444
3473
3445
3474
3446
3475
3447
3476
3448
3477
3449
3478
3479
5820
3451
3480
3452
3481
3453
3482
3454
3483
3455
3484
3456
3485
3457
3486
3458
3487
3459
3488
3460
3489
3461
3490
3462
3491
3463
3492
3464
3493
3465
3494
3466
3495
3467
3496
3468
3497
3469
3498
3470
3499
3471
3500
3472
3501
3473
3502
3474
3503
3475
3504
3476
3505
3477
3506
3478
3507
3479
3508
3509
5850
3481
3510
3482
3511
3483
3512
3484
3513
3485
3514
3486
3515
3487
3516
3488
3517
3489
3518
3490
3519
3491
3520
3492
3521
3493
3522
3494
3523
3495
3524
3496
3525
3497
3526
3498
3527
3499
3528
3500
3529
3501
3530
3502
3531
3503
3532
3504
3533
3505
3534
3506
3535
3507
3536
3508
3537
3509
3538
3539
5880
3511
3540
3512
3541
3513
3542
3514
3543
3515
3544
3516
3545
3517
3546
3518
3547
3519
3548
3520
3549
3521
3550
3522
3551
3523
3552
3524
3553
3525
3554
3526
3555
3527
3556
3528
3557
3529
3558
3530
3559
3531
3560
3532
3561
3533
3562
3534
3563
3535
3564
3536
3565
3537
3566
3538
3567
3539
3568
3569
5910
3541
3570
3542
3571
3543
3572
3544
3573
3545
3574
3546
3575
3547
3576
3548
3577
3549
3578
3550
3579
3551
3580
3552
3581
3553
3582
3554
3583
3555
3584
3556
3585
3557
3586
3558
3587
3559
3588
3560
3589
3561
3590
3562
3591
3563
3592
3564
3593
3565
3594
3566
3595
3567
3596
3568
3597
3569
3598
3599
5940
3571
3572
3573
3574
3575
3576
3577
3578
3579
3580
3581
3582
3583
3584
3585
3586
3587
3588
3589
3590
3591
3592
3593
3594
3595
3596
3597
3598
3599
5970
3601
3630
3602
3631
3603
3632
3604
3633
3605
3634
3606
3635
3607
3636
3608
3637
3609
3638
3610
3639
3611
3640
3612
3641
3613
3642
3614
3643
3615
3644
3616
3645
3617
3646
3618
3647
3619
3648
3620
3649
3621
3650
3622
3651
3623
3652
3624
3653
3625
3654
3626
3655
3627
3656
3628
3657
3629
3658
3659
6000
3631
3660
3632
3661
3633
3662
3634
3663
3635
3664
3636
3665
3637
3666
3638
3667
3639
3668
3640
3669
3641
3670
3642
3671
3643
3672
3644
3673
3645
3674
3646
3675
3647
3676
3648
3677
3649
3678
3650
3679
3651
3680
3652
3681
3653
3682
3654
3683
3655
3684
3656
3685
3657
3686
3658
3687
3659
3688
3689
6015
3661
3690
3662
3691
3663
3692
3664
3693
3665
3694
3666
3695
3667
3696
3668
3697
3669
3698
3670
3699
3671
3700
3672
3701
3673
3702
3674
3703
3675
3704
3676
3705
3677
3706
3678
3707
3679
3708
3680
3709
3681
3710
3682
3711
3683
3712
3684
3713
3685
3714
3686
3715
3687
3716
3688
3717
3689
3718
3719
6030
3691
3720
3692
3721
3693
3722
3694
3723
3695
3724
3696
3725
3697
3726
3698
3727
3699
3728
3700
3729
3701
3730
3702
3731
3703
3732
3704
3733
3705
3734
3706
3735
3707
3736
3708
3737
3709
3738
3710
3739
3711
3740
3712
3741
3713
3742
3714
3743
3715
3744
3716
3745
3717
3746
3718
3747
3719
3748
3749
6045
3721
3750
3722
3751
3723
3752
3724
3753
3725
3754
3726
3755
3727
3756
3728
3757
3729
3758
3730
3759
3731
3760
3732
3761
3733
3762
3734
3763
3735
3764
3736
3765
3737
3766
3738
3767
3739
3768
3740
3769
3741
3770
3742
3771
3743
3772
3744
3773
3745
3774
3746
3775
3747
3776
3748
3777
3749
3778
3779
6060
3751
3780
3752
3781
3753
3782
3754
3783
3755
3784
3756
3785
3757
3786
3758
3787
3759
3788
3760
3789
3761
3790
3762
3791
3763
3792
3764
3793
3765
3794
3766
3795
3767
3796
3768
3797
3769
3798
3770
3799
3771
3800
3772
3801
3773
3802
3774
3803
3775
3804
3776
3805
3777
3806
3778
3807
3779
3808
3809
6075
3781
3810
3782
3811
3783
3812
3784
3813
3785
3814
3786
3815
3787
3816
3788
3817
3789
3818
3790
3819
3791
3820
3792
3821
3793
3822
3794
3823
3795
3824
3796
3825
3797
3826
3798
3827
3799
3828
3800
3829
3801
3830
3802
3831
3803
3832
3804
3833
3805
3834
3806
3835
3807
3836
3808
3837
3809
3838
3839
6090
3811
3840
3812
3841
3813
3842
3814
3843
3815
3844
3816
3845
3817
3846
3818
3847
3819
3848
3820
3849
3821
3850
3822
3851
3823
3852
3824
3853
3825
3854
3826
3855
3827
3856
3828
3857
3829
3858
3830
3859
3831
3860
3832
3861
3833
3862
3834
3863
3835
3864
3836
3865
3837
3866
3838
3867
3839
3868
3869
6105
3841
3870
3842
3871
3843
3872
3844
3873
3845
3874
3846
3875
3847
3876
3848
3877
3849
3878
3850
3879
3851
3880
3852
3881
3853
3882
3854
3883
3855
3884
3856
3885
3857
3886
3858
3887
3859
3888
3860
3889
3861
3890
3862
3891
3863
3892
3864
3893
3865
3894
3866
3895
3867
3896
3868
3897
3869
3898
3899
6120
3871
3900
3872
3901
3873
3902
3874
3903
3875
3904
3876
3905
3877
3906
3878
3907
3879
3908
3880
3909
3881
3910
3882
3911
3883
3912
3884
3913
3885
3914
3886
3915
3887
3916
3888
3917
3889
3918
3890
3919
3891
3920
3892
3921
3893
3922
3894
3923
3895
3924
3896
3925
3897
3926
3898
3927
3899
3928
3929
6135
3901
3930
3902
3931
3903
3932
3904
3933
3905
3934
3906
3935
3907
3936
3908
3937
3909
3938
3910
3939
3911
3940
3912
3941
3913
3942
3914
3943
3915
3944
3916
3945
3917
3946
3918
3947
3919
3948
3920
3949
3921
3950
3922
3951
3923
3952
3924
3953
3925
3954
3926
3955
3927
3956
3928
3957
3929
3958
3959
6150
3931
3960
3932
3961
3933
3962
3934
3963
3935
3964
3936
3965
3937
3966
3938
3967
3939
3968
3940
3969
3941
3970
3942
3971
3943
3972
3944
3973
3945
3974
3946
3975
3947
3976
3948
3977
3949
3978
3950
3979
3951
3980
3952
3981
3953
3982
3954
3983
3955
3984
3956
3985
3957
3986
3958
3987
3959
3988
3989
6165
3961
3990
3962
3991
3963
3992
3964
3993
3965
3994
3966
3995
3967
3996
3968
3997
3969
3998
3970
3999
3971
4000
3972
4001
3973
4002
3974
4003
3975
4004
3976
4005
3977
4006
3978
4007
3979
4008
3980
4009
3981
4010
3982
4011
3983
4012
3984
4013
3985
4014
3986
4015
3987
4016
3988
4017
3989
4018
4019
6180
3991
4020
3992
4021
3993
4022
3994
4023
3995
4024
3996
4025
3997
4026
3998
4027
3999
4028
4000
4029
4001
4030
4002
4031
4003
4032
4004
4033
4005
4034
4006
4035
4007
4036
4008
4037
4009
4038
4010
4039
4011
4040
4012
4041
4013
4042
4014
4043
4015
4044
4016
4045
4017
4046
4018
4047
4019
4048
4049
6195
4021
4050
4022
4051
4023
4052
4024
4053
4025
4054
4026
4055
4027
4056
4028
4057
4029
4058
4030
4059
4031
4060
4032
4061
4033
4062
4034
4063
4035
4064
4036
4065
4037
4066
4038
4067
4039
4068
4040
4069
4041
4070
4042
4071
4043
4072
4044
4073
4045
4074
4046
4075
4047
4076
4048
4077
4049
4078
4079
6210
4051
4080
4052
4081
4053
4082
4054
4083
4055
4084
4056
4085
4057
4086
4058
4087
4059
4088
4060
4089
4061
4090
4062
4091
4063
4092
4064
4093
4065
4094
4066
4095
4067
4096
4068
4097
4069
4098
4070
4099
4071
4100
4072
4101
4073
4102
4074
4103
4075
4104
4076
4105
4077
4106
4078
4107
4079
4108
4109
6225
4081
4110
4082
4111
4083
4112
4084
4113
4085
4114
4086
4115
4087
4116
4088
4117
4089
4118
4090
4119
4091
4120
4092
4121
4093
4122
4094
4123
4095
4124
4096
4125
4097
4126
4098
4127
4099
4128
4100
4129
4101
4130
4102
4131
4103
4132
4104
4133
4105
4134
4106
4135
4107
4136
4108
4137
4109
4138
4139
6240
4111
4140
4112
4141
4113
4142
4114
4143
4115
4144
4116
4145
4117
4146
4118
4147
4119
4148
4120
4149
4121
4150
4122
4151
4123
4152
4124
4153
4125
4154
4126
4155
4127
4156
4128
4157
4129
4158
4130
4159
4131
4160
4132
4161
4133
4162
4134
4163
4135
4164
4136
4165
4137
4166
4138
4167
4139
4168
4169
6255
4141
4170
4142
4171
4143
4172
4144
4173
4145
4174
4146
4175
4147
4176
4148
4177
4149
4178
4150
4179
4151
4180
4152
4181
4153
4182
4154
4183
4155
4184
4156
4185
4157
4186
4158
4187
4159
4188
4160
4189
4161
4190
4162
4191
4163
4192
4164
4193
4165
4194
4166
4195
4167
4196
4168
4197
4169
4198
4199
6270
4171
4200
4172
4201
4173
4202
4174
4203
4175
4204
4176
4205
4177
4206
4178
4207
4179
4208
4180
4209
4181
4210
4182
4211
4183
4212
4184
4213
4185
4214
4186
4215
4187
4216
4188
4217
4189
4218
4190
4219
4191
4220
4192
4221
4193
4222
4194
4223
4195
4224
4196
4225
4197
4226
4198
4227
4199
4228
4229
6285
4201
4230
4202
4231
4203
4232
4204
4233
4205
4234
4206
4235
4207
4236
4208
4237
4209
4238
4210
4239
4211
4240
4212
4241
4213
4242
4214
4243
4215
4244
4216
4245
4217
4246
4218
4247
4219
4248
4220
4249
4221
4250
4222
4251
4223
4252
4224
4253
4225
4254
4226
4255
4227
4256
4228
4257
4229
4258
4259
6300
4231
4260
4232
4261
4233
4262
4234
4263
4235
4264
4236
4265
4237
4266
4238
4267
4239
4268
4240
4269
4241
4270
4242
4271
4243
4272
4244
4273
4245
4274
4246
4275
4247
4276
4248
4277
4249
4278
4250
4279
4251
4280
4252
4281
4253
4282
4254
4283
4255
4284
4256
4285
4257
4286
4258
4287
4259
4288
4289
6315
4261
4290
4262
4291
4263
4292
4264
4293
4265
4294
4266
4295
4267
4296
4268
4297
4269
4298
4270
4299
4271
4300
4272
4301
4273
4302
4274
4303
4275
4304
4276
4305
4277
4306
4278
4307
4279
4308
4280
4309
4281
4310
4282
4311
4283
4312
4284
4313
4285
4314
4286
4315
4287
4316
4288
4317
4289
4318
4319
6330
4291
4320
4292
4321
4293
4322
4294
4323
4295
4324
4296
4325
4297
4326
4298
4327
4299
4328
4300
4329
4301
4330
4302
4331
4303
4332
4304
4333
4305
4334
4306
4335
4307
4336
4308
4337
4309
4338
4310
4339
4311
4340
4312
4341
4313
4342
4314
4343
4315
4344
4316
4345
4317
4346
4318
4347
4319
4348
4349
6345
4321
4350
4322
4351
4323
4352
4324
4353
4325
4354
4326
4355
4327
4356
4328
4357
4329
4358
4330
4359
4331
4360
4332
4361
4333
4362
4334
4363
4335
4364
4336
4365
4337
4366
4338
4367
4339
4368
4340
4369
4341
4370
4342
4371
4343
4372
4344
4373
4345
4374
4346
4375
4347
4376
4348
4377
4349
4378
4379
6360
4351
4380
4352
4381
4353
4382
4354
4383
4355
4384
4356
4385
4357
4386
4358
4387
4359
4388
4360
4389
4361
4390
4362
4391
4363
4392
4364
4393
4365
4394
4366
4395
4367
4396
4368
4397
4369
4398
4370
4399
4371
4400
4372
4401
4373
4402
4374
4403
4375
4404
4376
4405
4377
4406
4378
4407
4379
4408
4409
6375
4381
4410
4382
4411
4383
4412
4384
4413
4385
4414
4386
4415
4387
4416
4388
4417
4389
4418
4390
4419
4391
4420
4392
4421
4393
4422
4394
4423
4395
4424
4396
4425
4397
4426
4398
4427
4399
4428
4400
4429
4401
4430
4402
4431
4403
4432
4404
4433
4405
4434
4406
4435
4407
4436
4408
4437
4409
4438
4439
6390
4411
4440
4412
4441
4413
4442
4414
4443
4415
4444
4416
4445
4417
4446
4418
4447
4419
4448
4420
4449
4421
4450
4422
4451
4423
4452
4424
4453
4425
4454
4426
4455
4427
4456
4428
4457
4429
4458
4430
4459
4431
4460
4432
4461
4433
4462
4434
4463
4435
4464
4436
4465
4437
4466
4438
4467
4439
4468
4469
6405
4441
4470
4442
4471
4443
4472
4444
4473
4445
4474
4446
4475
4447
4476
4448
4477
4449
4478
4450
4479
4451
4480
4452
4481
4453
4482
4454
4483
4455
4484
4456
4485
4457
4486
4458
4487
4459
4488
4460
4489
4461
4490
4462
4491
4463
4492
4464
4493
4465
4494
4466
4495
4467
4496
4468
4497
4469
4498
4499
6420
4471
4500
4472
4501
4473
4502
4474
4503
4475
4504
4476
4505
4477
4506
4478
4507
4479
4508
4480
4509
4481
4510
4482
4511
4483
4512
4484
4513
4485
4514
4486
4515
4487
4516
4488
4517
4489
4518
4490
4519
4491
4520
4492
4521
4493
4522
4494
4523
4495
4524
4496
4525
4497
4526
4498
4527
4499
4528
4529
6435
4501
4530
4502
4531
4503
4532
4504
4533
4505
4534
4506
4535
4507
4536
4508
4537
4509
4538
4510
4539
4511
4540
4512
4541
4513
4542
4514
4543
4515
4544
4516
4545
4517
4546
4518
4547
4519
4548
4520
4549
4521
4550
4522
4551
4523
4552
4524
4553
4525
4554
4526
4555
4527
4556
4528
4557
4529
4558
4559
6450
4531
4560
4532
4561
4533
4562
4534
4563
4535
4564
4536
4565
4537
4566
4538
4567
4539
4568
4540
4569
4541
4570
4542
4571
4543
4572
4544
4573
4545
4574
4546
4575
4547
4576
4548
4577
4549
4578
4550
4579
4551
4580
4552
4581
4553
4582
4554
4583
4555
4584
4556
4585
4557
4586
4558
4587
4559
4588
4589
6465
4561
4590
4562
4591
4563
4592
4564
4593
4565
4594
4566
4595
4567
4596
4568
4597
4569
4598
4570
4599
4571
4600
4572
4601
4573
4602
4574
4603
4575
4604
4576
4605
4577
4606
4578
4607
4579
4608
4580
4609
4581
4610
4582
4611
4583
4612
4584
4613
4585
4614
4586
4615
4587
4616
4588
4617
4589
4618
4619
6480
4591
4620
4592
4621
4593
4622
4594
4623
4595
4624
4596
4625
4597
4626
4598
4627
4599
4628
4600
4629
4601
4630
4602
4631
4603
4632
4604
4633
4605
4634
4606
4635
4607
4636
4608
4637
4609
4638
4610
4639
4611
4640
4612
4641
4613
4642
4614
4643
4615
4644
4616
4645
4617
4646
4618
4647
4619
4648
4649
6495
4621
4650
4622
4651
4623
4652
4624
4653
4625
4654
4626
4655
4627
4656
4628
4657
4629
4658
4630
4659
4631
4660
4632
4661
4633
4662
4634
4663
4635
4664
4636
4665
4637
4666
4638
4667
4639
4668
4640
4669
4641
4670
4642
4671
4643
4672
4644
4673
4645
4674
4646
4675
4647
4676
4648
4677
4649
4678
4679
6510
4651
4680
4652
4681
4653
4682
4654
4683
4655
4684
4656
4685
4657
4686
4658
4687
4659
4688
4660
4689
4661
4690
4662
4691
4663
4692
4664
4693
4665
4694
4666
4695
4667
4696
4668
4697
4669
4698
4670
4699
4671
4700
4672
4701
4673
4702
4674
4703
4675
4704
4676
4705
4677
4706
4678
4707
4679
4708
4709
6525
4681
4710
4682
4711
4683
4712
4684
4713
4685
4714
4686
4715
4687
4716
4688
4717
4689
4718
4690
4719
4691
4720
4692
4721
4693
4722
4694
4723
4695
4724
4696
4725
4697
4726
4698
4727
4699
4728
4700
4729
4701
4730
4702
4731
4703
4732
4704
4733
4705
4734
4706
4735
4707
4736
4708
4737
4709
4738
4739
6540
4711
4740
4712
4741
4713
4742
4714
4743
4715
4744
4716
4745
4717
4746
4718
4747
4719
4748
4720
4749
4721
4750
4722
4751
4723
4752
4724
4753
4725
4754
4726
4755
4727
4756
4728
4757
4729
4758
4730
4759
4731
4760
4732
4761
4733
4762
4734
4763
4735
4764
4736
4765
4737
4766
4738
4767
4739
4768
4769
6555
4741
4770
4742
4771
4743
4772
4744
4773
4745
4774
4746
4775
4747
4776
4748
4777
4749
4778
4750
4779
4751
4780
4752
4781
4753
4782
4754
4783
4755
4784
4756
4785
4757
4786
4758
4787
4759
4788
4760
4789
4761
4790
4762
4791
4763
4792
4764
4793
4765
4794
4766
4795
4767
4796
4768
4797
4769
4798
4799
6570
4771
4800
4772
4801
4773
4802
4774
4803
4775
4804
4776
4805
4777
4806
4778
4807
4779
4808
4780
4809
4781
4810
4782
4811
4783
4812
4784
4813
4785
4814
4786
4815
4787
4816
4788
4817
4789
4818
4790
4819
4791
4820
4792
4821
4793
4822
4794
4823
4795
4824
4796
4825
4797
4826
4798
4827
4799
4828
4829
6585
4801
4830
4802
4831
4803
4832
4804
4833
4805
4834
4806
4835
4807
4836
4808
4837
4809
4838
4810
4839
4811
4840
4812
4841
4813
4842
4814
4843
4815
4844
4816
4845
4817
4846
4818
4847
4819
4848
4820
4849
4821
4850
4822
4851
4823
4852
4824
4853
4825
4854
4826
4855
4827
4856
4828
4857
4829
4858
4859
6600
4831
4860
4832
4861
4833
4862
4834
4863
4835
4864
4836
4865
4837
4866
4838
4867
4839
4868
4840
4869
4841
4870
4842
4871
4843
4872
4844
4873
4845
4874
4846
4875
4847
4876
4848
4877
4849
4878
4850
4879
4851
4880
4852
4881
4853
4882
4854
4883
4855
4884
4856
4885
4857
4886
4858
4887
4859
4888
4889
6615
4861
4890
4862
4891
4863
4892
4864
4893
4865
4894
4866
4895
4867
4896
4868
4897
4869
4898
4870
4899
4871
4900
4872
4901
4873
4902
4874
4903
4875
4904
4876
4905
4877
4906
4878
4907
4879
4908
4880
4909
4881
4910
4882
4911
4883
4912
4884
4913
4885
4914
4886
4915
4887
4916
4888
4917
4889
4918
4919
6630
4891
4920
4892
4921
4893
4922
4894
4923
4895
4924
4896
4925
4897
4926
4898
4927
4899
4928
4900
4929
4901
4930
4902
4931
4903
4932
4904
4933
4905
4934
4906
4935
4907
4936
4908
4937
4909
4938
4910
4939
4911
4940
4912
4941
4913
4942
4914
4943
4915
4944
4916
4945
4917
4946
4918
4947
4919
4948
4949
6645
4921
4950
4922
4951
4923
4952
4924
4953
4925
4954
4926
4955
4927
4956
4928
4957
4929
4958
4930
4959
4931
4960
4932
4961
4933
4962
4934
4963
4935
4964
4936
4965
4937
4966
4938
4967
4939
4968
4940
4969
4941
4970
4942
4971
4943
4972
4944
4973
4945
4974
4946
4975
4947
4976
4948
4977
4949
4978
4979
6660
4951
4980
4952
4981
4953
4982
4954
4983
4955
4984
4956
4985
4957
4986
4958
4987
4959
4988
4960
4989
4961
4990
4962
4991
4963
4992
4964
4993
4965
4994
4966
4995
4967
4996
4968
4997
4969
4998
4970
4999
4971
5000
4972
5001
4973
5002
4974
5003
4975
5004
4976
5005
4977
5006
4978
5007
4979
5008
5009
6675
4981
5010
4982
5011
4983
5012
4984
5013
4985
5014
4986
5015
4987
5016
4988
5017
4989
5018
4990
5019
4991
5020
4992
5021
4993
5022
4994
5023
4995
5024
4996
5025
4997
5026
4998
5027
4999
5028
5000
5029
5001
5030
5002
5031
5003
5032
5004
5033
5005
5034
5006
5035
5007
5036
5008
5037
5009
5038
5039
6690
5011
5040
5012
5041
5013
5042
5014
5043
5015
5044
5016
5045
5017
5046
5018
5047
5019
5048
5020
5049
5021
5050
5022
5051
5023
5052
5024
5053
5025
5054
5026
5055
5027
5056
5028
5057
5029
5058
5030
5059
5031
5060
5032
5061
5033
5062
5034
5063
5035
5064
5036
5065
5037
5066
5038
5067
5039
5068
5069
6705
5041
5070
5042
5071
5043
5072
5044
5073
5045
5074
5046
5075
5047
5076
5048
5077
5049
5078
5050
5079
5051
5080
5052
5081
5053
5082
5054
5083
5055
5084
5056
5085
5057
5086
5058
5087
5059
5088
5060
5089
5061
5090
5062
5091
5063
5092
5064
5093
5065
5094
5066
5095
5067
5096
5068
5097
5069
5098
5099
6720
5071
5100
5072
5101
5073
5102
5074
5103
5075
5104
5076
5105
5077
5106
5078
5107
5079
5108
5080
5109
5081
5110
5082
5111
5083
5112
5084
5113
5085
5114
5086
5115
5087
5116
5088
5117
5089
5118
5090
5119
5091
5120
5092
5121
5093
5122
5094
5123
5095
5124
5096
5125
5097
5126
5098
5127
5099
5128
5129
6735
5101
5130
5102
5131
5103
5132
5104
5133
5105
5134
5106
5135
5107
5136
5108
5137
5109
5138
5110
5139
5111
5140
5112
5141
5113
5142
5114
5143
5115
5144
5116
5145
5117
5146
5118
5147
5119
5148
5120
5149
5121
5150
5122
5151
5123
5152
5124
5153
5125
5154
5126
5155
5127
5156
5128
5157
5129
5158
5159
6750
5131
5160
5132
5161
5133
5162
5134
5163
5135
5164
5136
5165
5137
5166
5138
5167
5139
5168
5140
5169
5141
5170
5142
5171
5143
5172
5144
5173
5145
5174
5146
5175
5147
5176
5148
5177
5149
5178
5150
5179
5151
5180
5152
5181
5153
5182
5154
5183
5155
5184
5156
5185
5157
5186
5158
5187
5159
5188
5189
6765
5161
5190
5162
5191
5163
5192
5164
5193
5165
5194
5166
5195
5167
5196
5168
5197
5169
5198
5170
5199
5171
5200
5172
5201
5173
5202
5174
5203
5175
5204
5176
5205
5177
5206
5178
5207
5179
5208
5180
5209
5181
5210
5182
5211
5183
5212
5184
5213
5185
5214
5186
5215
5187
5216
5188
5217
5189
5218
5219
6780
5191
5220
5192
5221
5193
5222
5194
5223
5195
5224
5196
5225
5197
5226
5198
5227
5199
5228
5200
5229
5201
5230
5202
5231
5203
5232
5204
5233
5205
5234
5206
5235
5207
5236
5208
5237
5209
5238
5210
5239
5211
5240
5212
5241
5213
5242
5214
5243
5215
5244
5216
5245
5217
5246
5218
5247
5219
5248
5249
6795
5221
5250
5222
5251
5223
5252
5224
5253
5225
5254
5226
5255
5227
5256
5228
5257
5229
5258
5230
5259
5231
5260
5232
5261
5233
5262
5234
5263
5235
5264
5236
5265
5237
5266
5238
5267
5239
5268
5240
5269
5241
5270
5242
5271
5243
5272
5244
5273
5245
5274
5246
5275
5247
5276
5248
5277
5249
5278
5279
6810
5251
5280
5252
5281
5253
5282
5254
5283
5255
5284
5256
5285
5257
5286
5258
5287
5259
5288
5260
5289
5261
5290
5262
5291
5263
5292
5264
5293
5265
5294
5266
5295
5267
5296
5268
5297
5269
5298
5270
5299
5271
5300
5272
5301
5273
5302
5274
5303
5275
5304
5276
5305
5277
5306
5278
5307
5279
5308
5309
6825
5281
5310
5282
5311
5283
5312
5284
5313
5285
5314
5286
5315
5287
5316
5288
5317
5289
5318
5290
5319
5291
5320
5292
5321
5293
5322
5294
5323
5295
5324
5296
5325
5297
5326
5298
5327
5299
5328
5300
5329
5301
5330
5302
5331
5303
5332
5304
5333
5305
5334
5306
5335
5307
5336
5308
5337
5309
5338
5339
6840
5311
5340
5312
5341
5313
5342
5314
5343
5315
5344
5316
5345
5317
5346
5318
5347
5319
5348
5320
5349
5321
5350
5322
5351
5323
5352
5324
5353
5325
5354
5326
5355
5327
5356
5328
5357
5329
5358
5330
5359
5331
5360
5332
5361
5333
5362
5334
5363
5335
5364
5336
5365
5337
5366
5338
5367
5339
5368
5369
6855
5341
5370
5342
5371
5343
5372
5344
5373
5345
5374
5346
5375
5347
5376
5348
5377
5349
5378
5350
5379
5351
5380
5352
5381
5353
5382
5354
5383
5355
5384
5356
5385
5357
5386
5358
5387
5359
5388
5360
5389
5361
5390
5362
5391
5363
5392
5364
5393
5365
5394
5366
5395
5367
5396
5368
5397
5369
5398
5399
6870
5371
5400
5372
5401
5373
5402
5374
5403
5375
5404
5376
5405
5377
5406
5378
5407
5379
5408
5380
5409
5381
5410
5382
5411
5383
5412
5384
5413
5385
5414
5386
5415
5387
5416
5388
5417
5389
5418
5390
5419
5391
5420
5392
5421
5393
5422
5394
5423
5395
5424
5396
5425
5397
5426
5398
5427
5399
5428
5429
6885
5401
5430
5402
5431
5403
5432
5404
5433
5405
5434
5406
5435
5407
5436
5408
5437
5409
5438
5410
5439
5411
5440
5412
5441
5413
5442
5414
5443
5415
5444
5416
5445
5417
5446
5418
5447
5419
5448
5420
5449
5421
5450
5422
5451
5423
5452
5424
5453
5425
5454
5426
5455
5427
5456
5428
5457
5429
5458
5459
6900
5431
5460
5432
5461
5433
5462
5434
5463
5435
5464
5436
5465
5437
5466
5438
5467
5439
5468
5440
5469
5441
5470
5442
5471
5443
5472
5444
5473
5445
5474
5446
5475
5447
5476
5448
5477
5449
5478
5450
5479
5451
5480
5452
5481
5453
5482
5454
5483
5455
5484
5456
5485
5457
5486
5458
5487
5459
5488
5489
6915
5461
5490
5462
5491
5463
5492
5464
5493
5465
5494
5466
5495
5467
5496
5468
5497
5469
5498
5470
5499
5471
5500
5472
5501
5473
5502
5474
5503
5475
5504
5476
5505
5477
5506
5478
5507
5479
5508
5480
5509
5481
5510
5482
5511
5483
5512
5484
5513
5485
5514
5486
5515
5487
5516
5488
5517
5489
5518
5519
6930
5491
5520
5492
5521
5493
5522
5494
5523
5495
5524
5496
5525
5497
5526
5498
5527
5499
5528
5500
5529
5501
5530
5502
5531
5503
5532
5504
5533
5505
5534
5506
5535
5507
5536
5508
5537
5509
5538
5510
5539
5511
5540
5512
5541
5513
5542
5514
5543
5515
5544
5516
5545
5517
5546
5518
5547
5519
5548
5549
6945
5521
5550
5522
5551
5523
5552
5524
5553
5525
5554
5526
5555
5527
5556
5528
5557
5529
5558
5530
5559
5531
5560
5532
5561
5533
5562
5534
5563
5535
5564
5536
5565
5537
5566
5538
5567
5539
5568
5540
5569
5541
5570
5542
5571
5543
5572
5544
5573
5545
5574
5546
5575
5547
5576
5548
5577
5549
5578
5579
6960
5551
5580
5552
5581
5553
5582
5554
5583
5555
5584
5556
5585
5557
5586
5558
5587
5559
5588
5560
5589
5561
5590
5562
5591
5563
5592
5564
5593
5565
5594
5566
5595
5567
5596
5568
5597
5569
5598
5570
5599
5571
5600
5572
5601
5573
5602
5574
5603
5575
5604
5576
5605
5577
5606
5578
5607
5579
5608
5609
6975
5581
5610
5582
5611
5583
5612
5584
5613
5585
5614
5586
5615
5587
5616
5588
5617
5589
5618
5590
5619
5591
5620
5592
5621
5593
5622
5594
5623
5595
5624
5596
5625
5597
5626
5598
5627
5599
5628
5600
5629
5601
5630
5602
5631
5603
5632
5604
5633
5605
5634
5606
5635
5607
5636
5608
5637
5609
5638
5639
6990
5611
5640
5612
5641
5613
5642
5614
5643
5615
5644
5616
5645
5617
5646
5618
5647
5619
5648
5620
5649
5621
5650
5622
5651
5623
5652
5624
5653
5625
5654
5626
5655
5627
5656
5628
5657
5629
5658
5630
5659
5631
5660
5632
5661
5633
5662
5634
5663
5635
5664
5636
5665
5637
5666
5638
5667
5639
5668
5669
7005
5641
5670
5642
5671
5643
5672
5644
5673
5645
5674
5646
5675
5647
5676
5648
5677
5649
5678
5650
5679
5651
5680
5652
5681
5653
5682
5654
5683
5655
5684
5656
5685
5657
5686
5658
5687
5659
5688
5660
5689
5661
5690
5662
5691
5663
5692
5664
5693
5665
5694
5666
5695
5667
5696
5668
5697
5669
5698
5699
7020
5671
5700
5672
5701
5673
5702
5674
5703
5675
5704
5676
5705
5677
5706
5678
5707
5679
5708
5680
5709
5681
5710
5682
5711
5683
5712
5684
5713
5685
5714
5686
5715
5687
5716
5688
5717
5689
5718
5690
5719
5691
5720
5692
5721
5693
5722
5694
5723
5695
5724
5696
5725
5697
5726
5698
5727
5699
5728
5729
7035
5701
5730
5702
5731
5703
5732
5704
5733
5705
5734
5706
5735
5707
5736
5708
5737
5709
5738
5710
5739
5711
5740
5712
5741
5713
5742
5714
5743
5715
5744
5716
5745
5717
5746
5718
5747
5719
5748
5720
5749
5721
5750
5722
5751
5723
5752
5724
5753
5725
5754
5726
5755
5727
5756
5728
5757
5729
5758
5759
7050
5731
5760
5732
5761
5733
5762
5734
5763
5735
5764
5736
5765
5737
5766
5738
5767
5739
5768
5740
5769
5741
5770
5742
5771
5743
5772
5744
5773
5745
5774
5746
5775
5747
5776
5748
5777
5749
5778
5750
5779
5751
5780
5752
5781
5753
5782
5754
5783
5755
5784
5756
5785
5757
5786
5758
5787
5759
5788
5789
7065
5761
5790
5762
5791
5763
5792
5764
5793
5765
5794
5766
5795
5767
5796
5768
5797
5769
5798
5770
5799
5771
5800
5772
5801
5773
5802
5774
5803
5775
5804
5776
5805
5777
5806
5778
5807
5779
5808
5780
5809
5781
5810
5782
5811
5783
5812
5784
5813
5785
5814
5786
5815
5787
5816
5788
5817
5789
5818
5819
7080
5791
5820
5792
5821
5793
5822
5794
5823
5795
5824
5796
5825
5797
5826
5798
5827
5799
5828
5800
5829
5801
5830
5802
5831
5803
5832
5804
5833
5805
5834
5806
5835
5807
5836
5808
5837
5809
5838
5810
5839
5811
5840
5812
5841
5813
5842
5814
5843
5815
5844
5816
5845
5817
5846
5818
5847
5819
5848
5849
7095
5821
5850
5822
5851
5823
5852
5824
5853
5825
5854
5826
5855
5827
5856
5828
5857
5829
5858
5830
5859
5831
5860
5832
5861
5833
5862
5834
5863
5835
5864
5836
5865
5837
5866
5838
5867
5839
5868
5840
5869
5841
5870
5842
5871
5843
5872
5844
5873
5845
5874
5846
5875
5847
5876
5848
5877
5849
5878
5879
7110
5851
5880
5852
5881
5853
5882
5854
5883
5855
5884
5856
5885
5857
5886
5858
5887
5859
5888
5860
5889
5861
5890
5862
5891
5863
5892
5864
5893
5865
5894
5866
5895
5867
5896
5868
5897
5869
5898
5870
5899
5871
5900
5872
5901
5873
5902
5874
5903
5875
5904
5876
5905
5877
5906
5878
5907
5879
5908
5909
7125
5881
5910
5882
5911
5883
5912
5884
5913
5885
5914
5886
5915
5887
5916
5888
5917
5889
5918
5890
5919
5891
5920
5892
5921
5893
5922
5894
5923
5895
5924
5896
5925
5897
5926
5898
5927
5899
5928
5900
5929
5901
5930
5902
5931
5903
5932
5904
5933
5905
5934
5906
5935
5907
5936
5908
5937
5909
5938
5939
7140
5911
5940
5912
5941
5913
5942
5914
5943
5915
5944
5916
5945
5917
5946
5918
5947
5919
5948
5920
5949
5921
5950
5922
5951
5923
5952
5924
5953
5925
5954
5926
5955
5927
5956
5928
5957
5929
5958
5930
5959
5931
5960
5932
5961
5933
5962
5934
5963
5935
5964
5936
5965
5937
5966
5938
5967
5939
5968
5969
7155
5941
5970
5942
5971
5943
5972
5944
5973
5945
5974
5946
5975
5947
5976
5948
5977
5949
5978
5950
5979
5951
5980
5952
5981
5953
5982
5954
5983
5955
5984
5956
5985
5957
5986
5958
5987
5959
5988
5960
5989
5961
5990
5962
5991
5963
5992
5964
5993
5965
5994
5966
5995
5967
5996
5968
5997
5969
5998
5999
7170
5971
5972
5973
5974
5975
5976
5977
5978
5979
5980
5981
5982
5983
5984
5985
5986
5987
5988
5989
5990
5991
5992
5993
5994
5995
5996
5997
5998
5999
7185
6001
6015
6002
6016
6003
6017
6004
6018
6005
6019
6006
6020
6007
6021
6008
6022
6009
6023
6010
6024
6011
6025
6012
6026
6013
6027
6014
6028
6029
6016
6030
6017
6031
6018
6032
6019
6033
6020
6034
6021
6035
6022
6036
6023
6037
6024
6038
6025
6039
6026
6040
6027
6041
6028
6042
6029
6043
6044
6031
6045
6032
6046
6033
6047
6034
6048
6035
6049
6036
6050
6037
6051
6038
6052
6039
6053
6040
6054
6041
6055
6042
6056
6043
6057
6044
6058
6059
6046
6060
6047
6061
6048
6062
6049
6063
6050
6064
6051
6065
6052
6066
6053
6067
6054
6068
6055
6069
6056
6070
6057
6071
6058
6072
6059
6073
6074
6061
6075
6062
6076
6063
6077
6064
6078
6065
6079
6066
6080
6067
6081
6068
6082
6069
6083
6070
6084
6071
6085
6072
6086
6073
6087
6074
6088
6089
6076
6090
6077
6091
6078
6092
6079
6093
6080
6094
6081
6095
6082
6096
6083
6097
6084
6098
6085
6099
6086
6100
6087
6101
6088
6102
6089
6103
6104
6091
6105
6092
6106
6093
6107
6094
6108
6095
6109
6096
6110
6097
6111
6098
6112
6099
6113
6100
6114
6101
6115
6102
6116
6103
6117
6104
6118
6119
6106
6120
6107
6121
6108
6122
6109
6123
6110
6124
6111
6125
6112
6126
6113
6127
6114
6128
6115
6129
6116
6130
6117
6131
6118
6132
6119
6133
6134
6121
6135
6122
6136
6123
6137
6124
6138
6125
6139
6126
6140
6127
6141
6128
6142
6129
6143
6130
6144
6131
6145
6132
6146
6133
6147
6134
6148
6149
6136
6150
6137
6151
6138
6152
6139
6153
6140
6154
6141
6155
6142
6156
6143
6157
6144
6158
6145
6159
6146
6160
6147
6161
6148
6162
6149
6163
6164
6151
6165
6152
6166
6153
6167
6154
6168
6155
6169
6156
6170
6157
6171
6158
6172
6159
6173
6160
6174
6161
6175
6162
6176
6163
6177
6164
6178
6179
6166
6180
6167
6181
6168
6182
6169
6183
6170
6184
6171
6185
6172
6186
6173
6187
6174
6188
6175
6189
6176
6190
6177
6191
6178
6192
6179
6193
6194
6181
6195
6182
6196
6183
6197
6184
6198
6185
6199
6186
6200
6187
6201
6188
6202
6189
6203
6190
6204
6191
6205
6192
6206
6193
6207
6194
6208
6209
6196
6210
6197
6211
6198
6212
6199
6213
6200
6214
6201
6215
6202
6216
6203
6217
6204
6218
6205
6219
6206
6220
6207
6221
6208
6222
6209
6223
6224
6211
6225
6212
6226
6213
6227
6214
6228
6215
6229
6216
6230
6217
6231
6218
6232
6219
6233
6220
6234
6221
6235
6222
6236
6223
6237
6224
6238
6239
6226
6240
6227
6241
6228
6242
6229
6243
6230
6244
6231
6245
6232
6246
6233
6247
6234
6248
6235
6249
6236
6250
6237
6251
6238
6252
6239
6253
6254
6241
6255
6242
6256
6243
6257
6244
6258
6245
6259
6246
6260
6247
6261
6248
6262
6249
6263
6250
6264
6251
6265
6252
6266
6253
6267
6254
6268
6269
6256
6270
6257
6271
6258
6272
6259
6273
6260
6274
6261
6275
6262
6276
6263
6277
6264
6278
6265
6279
6266
6280
6267
6281
6268
6282
6269
6283
6284
6271
6285
6272
6286
6273
6287
6274
6288
6275
6289
6276
6290
6277
6291
6278
6292
6279
6293
6280
6294
6281
6295
6282
6296
6283
6297
6284
6298
6299
6286
6300
6287
6301
6288
6302
6289
6303
6290
6304
6291
6305
6292
6306
6293
6307
6294
6308
6295
6309
6296
6310
6297
6311
6298
6312
6299
6313
6314
6301
6315
6302
6316
6303
6317
6304
6318
6305
6319
6306
6320
6307
6321
6308
6322
6309
6323
6310
6324
6311
6325
6312
6326
6313
6327
6314
6328
6329
6316
6330
6317
6331
6318
6332
6319
6333
6320
6334
6321
6335
6322
6336
6323
6337
6324
6338
6325
6339
6326
6340
6327
6341
6328
6342
6329
6343
6344
6331
6345
6332
6346
6333
6347
6334
6348
6335
6349
6336
6350
6337
6351
6338
6352
6339
6353
6340
6354
6341
6355
6342
6356
6343
6357
6344
6358
6359
6346
6360
6347
6361
6348
6362
6349
6363
6350
6364
6351
6365
6352
6366
6353
6367
6354
6368
6355
6369
6356
6370
6357
6371
6358
6372
6359
6373
6374
6361
6375
6362
6376
6363
6377
6364
6378
6365
6379
6366
6380
6367
6381
6368
6382
6369
6383
6370
6384
6371
6385
6372
6386
6373
6387
6374
6388
6389
6376
6390
6377
6391
6378
6392
6379
6393
6380
6394
6381
6395
6382
6396
6383
6397
6384
6398
6385
6399
6386
6400
6387
6401
6388
6402
6389
6403
6404
6391
6405
6392
6406
6393
6407
6394
6408
6395
6409
6396
6410
6397
6411
6398
6412
6399
6413
6400
6414
6401
6415
6402
6416
6403
6417
6404
6418
6419
6406
6420
6407
6421
6408
6422
6409
6423
6410
6424
6411
6425
6412
6426
6413
6427
6414
6428
6415
6429
6416
6430
6417
6431
6418
6432
6419
6433
6434
6421
6435
6422
6436
6423
6437
6424
6438
6425
6439
6426
6440
6427
6441
6428
6442
6429
6443
6430
6444
6431
6445
6432
6446
6433
6447
6434
6448
6449
6436
6450
6437
6451
6438
6452
6439
6453
6440
6454
6441
6455
6442
6456
6443
6457
6444
6458
6445
6459
6446
6460
6447
6461
6448
6462
6449
6463
6464
6451
6465
6452
6466
6453
6467
6454
6468
6455
6469
6456
6470
6457
6471
6458
6472
6459
6473
6460
6474
6461
6475
6462
6476
6463
6477
6464
6478
6479
6466
6480
6467
6481
6468
6482
6469
6483
6470
6484
6471
6485
6472
6486
6473
6487
6474
6488
6475
6489
6476
6490
6477
6491
6478
6492
6479
6493
6494
6481
6495
6482
6496
6483
6497
6484
6498
6485
6499
6486
6500
6487
6501
6488
6502
6489
6503
6490
6504
6491
6505
6492
6506
6493
6507
6494
6508
6509
6496
6510
6497
6511
6498
6512
6499
6513
6500
6514
6501
6515
6502
6516
6503
6517
6504
6518
6505
6519
6506
6520
6507
6521
6508
6522
6509
6523
6524
6511
6525
6512
6526
6513
6527
6514
6528
6515
6529
6516
6530
6517
6531
6518
6532
6519
6533
6520
6534
6521
6535
6522
6536
6523
6537
6524
6538
6539
6526
6540
6527
6541
6528
6542
6529
6543
6530
6544
6531
6545
6532
6546
6533
6547
6534
6548
6535
6549
6536
6550
6537
6551
6538
6552
6539
6553
6554
6541
6555
6542
6556
6543
6557
6544
6558
6545
6559
6546
6560
6547
6561
6548
6562
6549
6563
6550
6564
6551
6565
6552
6566
6553
6567
6554
6568
6569
6556
6570
6557
6571
6558
6572
6559
6573
6560
6574
6561
6575
6562
6576
6563
6577
6564
6578
6565
6579
6566
6580
6567
6581
6568
6582
6569
6583
6584
6571
6585
6572
6586
6573
6587
6574
6588
6575
6589
6576
6590
6577
6591
6578
6592
6579
6593
6580
6594
6581
6595
6582
6596
6583
6597
6584
6598
6599
6586
6600
6587
6601
6588
6602
6589
6603
6590
6604
6591
6605
6592
6606
6593
6607
6594
6608
6595
6609
6596
6610
6597
6611
6598
6612
6599
6613
6614
6601
6615
6602
6616
6603
6617
6604
6618
6605
6619
6606
6620
6607
6621
6608
6622
6609
6623
6610
6624
6611
6625
6612
6626
6613
6627
6614
6628
6629
6616
6630
6617
6631
6618
6632
6619
6633
6620
6634
6621
6635
6622
6636
6623
6637
6624
6638
6625
6639
6626
6640
6627
6641
6628
6642
6629
6643
6644
6631
6645
6632
6646
6633
6647
6634
6648
6635
6649
6636
6650
6637
6651
6638
6652
6639
6653
6640
6654
6641
6655
6642
6656
6643
6657
6644
6658
6659
6646
6660
6647
6661
6648
6662
6649
6663
6650
6664
6651
6665
6652
6666
6653
6667
6654
6668
6655
6669
6656
6670
6657
6671
6658
6672
6659
6673
6674
6661
6675
6662
6676
6663
6677
6664
6678
6665
6679
6666
6680
6667
6681
6668
6682
6669
6683
6670
6684
6671
6685
6672
6686
6673
6687
6674
6688
6689
6676
6690
6677
6691
6678
6692
6679
6693
6680
6694
6681
6695
6682
6696
6683
6697
6684
6698
6685
6699
6686
6700
6687
6701
6688
6702
6689
6703
6704
6691
6705
6692
6706
6693
6707
6694
6708
6695
6709
6696
6710
6697
6711
6698
6712
6699
6713
6700
6714
6701
6715
6702
6716
6703
6717
6704
6718
6719
6706
6720
6707
6721
6708
6722
6709
6723
6710
6724
6711
6725
6712
6726
6713
6727
6714
6728
6715
6729
6716
6730
6717
6731
6718
6732
6719
6733
6734
6721
6735
6722
6736
6723
6737
6724
6738
6725
6739
6726
6740
6727
6741
6728
6742
6729
6743
6730
6744
6731
6745
6732
6746
6733
6747
6734
6748
6749
6736
6750
6737
6751
6738
6752
6739
6753
6740
6754
6741
6755
6742
6756
6743
6757
6744
6758
6745
6759
6746
6760
6747
6761
6748
6762
6749
6763
6764
6751
6765
6752
6766
6753
6767
6754
6768
6755
6769
6756
6770
6757
6771
6758
6772
6759
6773
6760
6774
6761
6775
6762
6776
6763
6777
6764
6778
6779
6766
6780
6767
6781
6768
6782
6769
6783
6770
6784
6771
6785
6772
6786
6773
6787
6774
6788
6775
6789
6776
6790
6777
6791
6778
6792
6779
6793
6794
6781
6795
6782
6796
6783
6797
6784
6798
6785
6799
6786
6800
6787
6801
6788
6802
6789
6803
6790
6804
6791
6805
6792
6806
6793
6807
6794
6808
6809
6796
6810
6797
6811
6798
6812
6799
6813
6800
6814
6801
6815
6802
6816
6803
6817
6804
6818
6805
6819
6806
6820
6807
6821
6808
6822
6809
6823
6824
6811
6825
6812
6826
6813
6827
6814
6828
6815
6829
6816
6830
6817
6831
6818
6832
6819
6833
6820
6834
6821
6835
6822
6836
6823
6837
6824
6838
6839
6826
6840
6827
6841
6828
6842
6829
6843
6830
6844
6831
6845
6832
6846
6833
6847
6834
6848
6835
6849
6836
6850
6837
6851
6838
6852
6839
6853
6854
6841
6855
6842
6856
6843
6857
6844
6858
6845
6859
6846
6860
6847
6861
6848
6862
6849
6863
6850
6864
6851
6865
6852
6866
6853
6867
6854
6868
6869
6856
6870
6857
6871
6858
6872
6859
6873
6860
6874
6861
6875
6862
6876
6863
6877
6864
6878
6865
6879
6866
6880
6867
6881
6868
6882
6869
6883
6884
6871
6885
6872
6886
6873
6887
6874
6888
6875
6889
6876
6890
6877
6891
6878
6892
6879
6893
6880
6894
6881
6895
6882
6896
6883
6897
6884
6898
6899
6886
6900
6887
6901
6888
6902
6889
6903
6890
6904
6891
6905
6892
6906
6893
6907
6894
6908
6895
6909
6896
6910
6897
6911
6898
6912
6899
6913
6914
6901
6915
6902
6916
6903
6917
6904
6918
6905
6919
6906
6920
6907
6921
6908
6922
6909
6923
6910
6924
6911
6925
6912
6926
6913
6927
6914
6928
6929
6916
6930
6917
6931
6918
6932
6919
6933
6920
6934
6921
6935
6922
6936
6923
6937
6924
6938
6925
6939
6926
6940
6927
6941
6928
6942
6929
6943
6944
6931
6945
6932
6946
6933
6947
6934
6948
6935
6949
6936
6950
6937
6951
6938
6952
6939
6953
6940
6954
6941
6955
6942
6956
6943
6957
6944
6958
6959
6946
6960
6947
6961
6948
6962
6949
6963
6950
6964
6951
6965
6952
6966
6953
6967
6954
6968
6955
6969
6956
6970
6957
6971
6958
6972
6959
6973
6974
6961
6975
6962
6976
6963
6977
6964
6978
6965
6979
6966
6980
6967
6981
6968
6982
6969
6983
6970
6984
6971
6985
6972
6986
6973
6987
6974
6988
6989
6976
6990
6977
6991
6978
6992
6979
6993
6980
6994
6981
6995
6982
6996
6983
6997
6984
6998
6985
6999
6986
7000
6987
7001
6988
7002
6989
7003
7004
6991
7005
6992
7006
6993
7007
6994
7008
6995
7009
6996
7010
6997
7011
6998
7012
6999
7013
7000
7014
7001
7015
7002
7016
7003
7017
7004
7018
7019
7006
7020
7007
7021
7008
7022
7009
7023
7010
7024
7011
7025
7012
7026
7013
7027
7014
7028
7015
7029
7016
7030
7017
7031
7018
7032
7019
7033
7034
7021
7035
7022
7036
7023
7037
7024
7038
7025
7039
7026
7040
7027
7041
7028
7042
7029
7043
7030
7044
7031
7045
7032
7046
7033
7047
7034
7048
7049
7036
7050
7037
7051
7038
7052
7039
7053
7040
7054
7041
7055
7042
7056
7043
7057
7044
7058
7045
7059
7046
7060
7047
7061
7048
7062
7049
7063
7064
7051
7065
7052
7066
7053
7067
7054
7068
7055
7069
7056
7070
7057
7071
7058
7072
7059
7073
7060
7074
7061
7075
7062
7076
7063
7077
7064
7078
7079
7066
7080
7067
7081
7068
7082
7069
7083
7070
7084
7071
7085
7072
7086
7073
7087
7074
7088
7075
7089
7076
7090
7077
7091
7078
7092
7079
7093
7094
7081
7095
7082
7096
7083
7097
7084
7098
7085
7099
7086
7100
7087
7101
7088
7102
7089
7103
7090
7104
7091
7105
7092
7106
7093
7107
7094
7108
7109
7096
7110
7097
7111
7098
7112
7099
7113
7100
7114
7101
7115
7102
7116
7103
7117
7104
7118
7105
7119
7106
7120
7107
7121
7108
7122
7109
7123
7124
7111
7125
7112
7126
7113
7127
7114
7128
7115
7129
7116
7130
7117
7131
7118
7132
7119
7133
7120
7134
7121
7135
7122
7136
7123
7137
7124
7138
7139
7126
7140
7127
7141
7128
7142
7129
7143
7130
7144
7131
7145
7132
7146
7133
7147
7134
7148
7135
7149
7136
7150
7137
7151
7138
7152
7139
7153
7154
7141
7155
7142
7156
7143
7157
7144
7158
7145
7159
7146
7160
7147
7161
7148
7162
7149
7163
7150
7164
7151
7165
7152
7166
7153
7167
7154
7168
7169
7156
7170
7157
7171
7158
7172
7159
7173
7160
7174
7161
7175
7162
7176
7163
7177
7164
7178
7165
7179
7166
7180
7167
7181
7168
7182
7169
7183
7184
7171
7185
7172
7186
7173
7187
7174
7188
7175
7189
7176
7190
7177
7191
7178
7192
7179
7193
7180
7194
7181
7195
7182
7196
7183
7197
7184
7198
7199
7186
7187
7188
7189
7190
7191
7192
7193
7194
7195
7196
7197
7198
7199
)


// ************************************************************************* //
