/*--------------------------------*- C++ -*----------------------------------*\
| =========                 |                                                 |
| \\      /  F ield         | OpenFOAM: The Open Source CFD Toolbox           |
|  \\    /   O peration     | Version:  2.4.0                                 |
|   \\  /    A nd           | Web:      www.OpenFOAM.org                      |
|    \\/     M anipulation  |                                                 |
\*---------------------------------------------------------------------------*/
FoamFile
{
    version     2.0;
    format      ascii;
    class       volScalarField;
    location    "0.03";
    object      p;
}
// * * * * * * * * * * * * * * * * * * * * * * * * * * * * * * * * * * * * * //

dimensions      [0 2 -2 0 0 0 0];

internalField   nonuniform List<scalar> 
7200
(
4.30093e-07
-1.64979
1.0648
-1.1406
-0.207261
-0.635336
-0.50451
-0.594556
-0.592874
-0.623399
-0.639987
-0.660265
-0.67848
-0.697114
-0.715737
-0.734924
-0.754865
-0.776188
-0.798436
-0.825573
-0.84547
-0.906154
-0.841061
-1.23332
-0.120591
-4.07141
8.5885
-28.7732
54.6136
-58.0697
-0.0204885
-1.70398
0.785425
-0.863998
-0.298991
-0.590217
-0.514706
-0.585588
-0.592141
-0.620719
-0.63876
-0.659306
-0.678139
-0.697312
-0.716551
-0.736424
-0.757169
-0.779391
-0.802951
-0.830694
-0.855405
-0.906445
-0.88738
-1.12863
-0.564937
-2.64063
3.97397
-17.8748
38.4222
-48.3156
-0.0132893
-1.75928
0.54884
-0.719099
-0.321728
-0.570648
-0.515602
-0.580753
-0.590672
-0.618869
-0.637705
-0.658592
-0.677894
-0.697531
-0.717297
-0.737778
-0.75925
-0.782325
-0.807046
-0.835801
-0.863394
-0.912445
-0.910033
-1.11042
-0.700518
-2.24643
2.28581
-12.6614
28.6196
-42.4611
-0.000536388
-1.79335
0.335999
-0.650237
-0.328017
-0.556581
-0.514837
-0.576925
-0.589377
-0.617359
-0.636827
-0.657979
-0.677663
-0.697683
-0.717906
-0.73893
-0.76108
-0.784963
-0.810825
-0.840599
-0.870985
-0.9187
-0.930744
-1.1006
-0.79872
-2.02731
1.39523
-9.68548
21.8148
-37.6212
0.0136102
-1.80673
0.142407
-0.630597
-0.333899
-0.546865
-0.513783
-0.573853
-0.588351
-0.616161
-0.636127
-0.657458
-0.677441
-0.697768
-0.718383
-0.739898
-0.762686
-0.787354
-0.814354
-0.845218
-0.878283
-0.925565
-0.949545
-1.09794
-0.870359
-1.89919
0.847353
-7.85161
16.7574
-33.3005
0.027661
-1.80524
-0.0257942
-0.646771
-0.34622
-0.542157
-0.513884
-0.571729
-0.587797
-0.615354
-0.63566
-0.65706
-0.677238
-0.697781
-0.718711
-0.740649
-0.764027
-0.789451
-0.817571
-0.849589
-0.885262
-0.932686
-0.967311
-1.09749
-0.934375
-1.81319
0.457015
-6.7213
13.0159
-29.4974
0.0404975
-1.79416
-0.165556
-0.686957
-0.367979
-0.543463
-0.516322
-0.571025
-0.587977
-0.615071
-0.635505
-0.65683
-0.67707
-0.697714
-0.71886
-0.741135
-0.765031
-0.791161
-0.820362
-0.853578
-0.891754
-0.939859
-0.983762
-1.09969
-0.995443
-1.75309
0.139635
-6.01841
10.2953
-26.1512
0.0512682
-1.77803
-0.277689
-0.74025
-0.399647
-0.551313
-0.522054
-0.572248
-0.589199
-0.61547
-0.635754
-0.656813
-0.676951
-0.697558
-0.718795
-0.7413
-0.765619
-0.792384
-0.822601
-0.857026
-0.897595
-0.946815
-0.999033
-1.10477
-1.05573
-1.70837
-0.148812
-5.53109
8.32871
-23.1865
0.0594517
-1.76049
-0.365302
-0.797976
-0.439775
-0.565683
-0.531679
-0.575859
-0.591774
-0.616722
-0.636507
-0.657061
-0.676899
-0.697301
-0.71848
-0.741081
-0.765704
-0.793004
-0.824141
-0.85975
-0.90259
-0.953298
-1.01318
-1.11267
-1.1142
-1.67327
-0.417626
-5.12341
6.90297
-20.5408
0.0647242
-1.74419
-0.432659
-0.854009
-0.485907
-0.585982
-0.545406
-0.582189
-0.595975
-0.618999
-0.637865
-0.657626
-0.67693
-0.696929
-0.717873
-0.740409
-0.765185
-0.792886
-0.824813
-0.861532
-0.906496
-0.958984
-1.02602
-1.12244
-1.16811
-1.64233
-0.658792
-4.71933
5.85699
-18.1635
0.0668552
-1.73078
-0.484425
-0.904564
-0.535316
-0.611179
-0.563089
-0.591395
-0.602008
-0.622453
-0.639926
-0.65856
-0.677059
-0.696425
-0.716928
-0.739206
-0.763951
-0.791881
-0.824419
-0.862115
-0.908999
-0.963405
-1.03698
-1.13216
-1.21378
-1.60939
-0.859021
-4.28381
5.07219
-16.0129
0.065637
-1.72108
-0.52511
-0.947792
-0.585512
-0.639997
-0.584292
-0.603446
-0.609981
-0.627194
-0.642769
-0.659906
-0.677297
-0.69577
-0.715592
-0.737386
-0.761878
-0.789816
-0.822731
-0.861189
-0.909687
-0.965897
-1.04502
-1.1392
-1.24717
-1.56787
-1.00658
-3.80817
4.46364
-14.0552
0.0608386
-1.71531
-0.558724
-0.983326
-0.634526
-0.671104
-0.608389
-0.618146
-0.619904
-0.633283
-0.646453
-0.661697
-0.677648
-0.694938
-0.713809
-0.734858
-0.75883
-0.786502
-0.819488
-0.858384
-0.908032
-0.965587
-1.04871
-1.1405
-1.26446
-1.51168
-1.0945
-3.29913
3.97268
-12.2627
0.0521767
-1.71332
-0.588582
-1.01181
-0.681031
-0.703279
-0.63466
-0.635177
-0.63169
-0.640727
-0.651004
-0.663952
-0.67811
-0.6939
-0.711518
-0.73152
-0.75466
-0.781729
-0.814396
-0.853275
-0.903401
-0.961424
-1.04634
-1.13303
-1.26243
-1.43604
-1.12145
-2.77088
3.56054
-10.6138
0.0393019
-1.7147
-0.617265
-1.03449
-0.724338
-0.735525
-0.662391
-0.654143
-0.645179
-0.649479
-0.656422
-0.666675
-0.678674
-0.692623
-0.708654
-0.727271
-0.749215
-0.775275
-0.807134
-0.845388
-0.895079
-0.952254
-1.03618
-1.11407
-1.23879
-1.33808
-1.09111
-2.23966
3.20303
-9.091
0.0217946
-1.71901
-0.646666
-1.0529
-0.764307
-0.767126
-0.690941
-0.674631
-0.660161
-0.659454
-0.662678
-0.669852
-0.67932
-0.691069
-0.705152
-0.722006
-0.742337
-0.766909
-0.797365
-0.834221
-0.882314
-0.936917
-1.0166
-1.08151
-1.1924
-1.21707
-1.01086
-1.7204
2.88603
-7.68078
-0.00083081
-1.72582
-0.678093
-1.06859
-0.801225
-0.797668
-0.719797
-0.696245
-0.676403
-0.670536
-0.669721
-0.673459
-0.680024
-0.689199
-0.700947
-0.71562
-0.733869
-0.756398
-0.78475
-0.819271
-0.864374
-0.91436
-0.986304
-1.03401
-1.12331
-1.07424
-0.89019
-1.22495
2.60206
-6.37243
-0.0291179
-1.73482
-0.712401
-1.08303
-0.835668
-0.827016
-0.7486
-0.718651
-0.693679
-0.682595
-0.677486
-0.677461
-0.680759
-0.686975
-0.695976
-0.708016
-0.723664
-0.743523
-0.768968
-0.800072
-0.840609
-0.883724
-0.94442
-0.97104
-1.03269
-0.912446
-0.739292
-0.761476
2.34765
-5.15754
-0.0636571
-1.74582
-0.750119
-1.09745
-0.868381
-0.855266
-0.777153
-0.741593
-0.711788
-0.695506
-0.685904
-0.68182
-0.681495
-0.684362
-0.690185
-0.699109
-0.711588
-0.728087
-0.749733
-0.776225
-0.810503
-0.844428
-0.890579
-0.892896
-0.922658
-0.735616
-0.567917
-0.334594
2.12147
-4.02934
-0.105074
-1.75877
-0.791569
-1.11291
-0.900172
-0.882701
-0.805409
-0.764911
-0.730575
-0.709158
-0.694909
-0.686498
-0.682208
-0.681331
-0.683531
-0.688827
-0.697534
-0.709928
-0.726819
-0.747432
-0.773722
-0.796208
-0.824923
-0.800576
-0.796043
-0.548231
-0.384629
0.0540792
1.92304
-2.98231
-0.154016
-1.77372
-0.836958
-1.13022
-0.931847
-0.909723
-0.833456
-0.788536
-0.749934
-0.723464
-0.704446
-0.691465
-0.682878
-0.677863
-0.675984
-0.677121
-0.681421
-0.688931
-0.700073
-0.713519
-0.730138
-0.739135
-0.748073
-0.695656
-0.656109
-0.354822
-0.196403
0.405183
1.752
-2.01177
-0.211144
-1.79084
-0.886443
-1.15004
-0.964154
-0.936815
-0.861485
-0.812489
-0.769823
-0.738372
-0.714479
-0.696702
-0.683497
-0.673953
-0.667532
-0.663968
-0.663211
-0.665038
-0.669432
-0.674452
-0.67984
-0.673599
-0.661052
-0.580114
-0.506291
-0.159589
-0.0085264
0.72086
1.60769
-1.11361
-0.277119
-1.81036
-0.940172
-1.17287
-0.997765
-0.964487
-0.889768
-0.836868
-0.790252
-0.753867
-0.724995
-0.702206
-0.684072
-0.66961
-0.658185
-0.649372
-0.642903
-0.638254
-0.634927
-0.630341
-0.623127
-0.60027
-0.565195
-0.456164
-0.349958
0.0338535
0.175288
1.00409
1.48897
-0.284103
-0.352595
-1.83255
-0.998311
-1.19913
-1.03327
-0.993254
-0.918628
-0.861835
-0.811288
-0.769971
-0.736006
-0.707992
-0.684624
-0.664863
-0.647975
-0.63337
-0.620547
-0.608652
-0.596688
-0.581438
-0.56049
-0.520047
-0.462044
-0.326096
-0.190232
0.222609
0.352663
1.25819
1.39426
0.480237
-0.438205
-1.85772
-1.06104
-1.22916
-1.07117
-1.02361
-0.948418
-0.887597
-0.83304
-0.786743
-0.747549
-0.714096
-0.685195
-0.65976
-0.636959
-0.616035
-0.596236
-0.576371
-0.55494
-0.528121
-0.492577
-0.433992
-0.353246
-0.192147
-0.0298619
0.404521
0.522257
1.48641
1.32163
1.18276
-0.534557
-1.88617
-1.12857
-1.26328
-1.11189
-1.05602
-0.979502
-0.914396
-0.855656
-0.804271
-0.759688
-0.720573
-0.685841
-0.654367
-0.62522
-0.597468
-0.57011
-0.541613
-0.509992
-0.470878
-0.420154
-0.343271
-0.240463
-0.0563939
0.128844
0.578121
0.683474
1.69174
1.2689
1.82672
-0.642217
-1.91821
-1.2011
-1.30175
-1.15581
-1.0909
-1.01224
-0.942493
-0.879313
-0.822673
-0.77251
-0.727498
-0.686642
-0.648772
-0.612862
-0.577807
-0.542354
-0.504639
-0.462226
-0.41028
-0.34407
-0.249087
-0.125295
0.0793113
0.284033
0.74253
0.836202
1.8768
1.23381
2.41531
-0.761703
-1.95412
-1.27883
-1.34485
-1.20324
-1.12862
-1.04697
-0.972155
-0.904203
-0.842087
-0.786122
-0.734965
-0.687689
-0.643081
-0.600015
-0.557216
-0.513187
-0.465756
-0.412081
-0.346958
-0.265214
-0.152636
-0.00922912
0.21338
0.43429
0.897331
0.980602
2.0438
1.21413
2.95166
-0.893465
-1.99417
-1.36194
-1.39282
-1.25446
-1.16952
-1.08403
-1.00365
-0.930531
-0.862665
-0.800643
-0.74308
-0.689092
-0.637416
-0.586827
-0.535885
-0.482864
-0.425311
-0.360039
-0.281576
-0.184481
-0.055055
0.106403
0.344501
0.578591
1.04245
1.11697
2.19458
1.20769
3.43884
-1.03788
-2.0386
-1.45058
-1.44588
-1.3097
-1.21389
-1.1237
-1.03723
-0.958502
-0.884569
-0.816206
-0.751964
-0.690972
-0.631913
-0.573463
-0.514025
-0.451663
-0.383677
-0.306604
-0.214809
-0.102742
0.0425991
0.220445
0.471627
0.716241
1.17803
1.24562
2.33066
1.21253
3.87986
-1.19521
-2.08763
-1.54485
-1.50424
-1.36916
-1.26197
-1.16624
-1.07313
-0.988315
-0.907962
-0.83295
-0.761741
-0.693457
-0.626718
-0.560099
-0.49186
-0.419876
-0.341244
-0.252291
-0.147321
-0.0208195
0.139378
0.331918
0.593957
0.846812
1.30439
1.36686
2.45333
1.22684
4.27762
-1.36563
-2.14144
-1.64481
-1.56805
-1.43299
-1.31397
-1.21188
-1.11156
-1.02016
-0.933001
-0.851011
-0.772543
-0.696684
-0.621984
-0.546923
-0.469627
-0.387808
-0.298405
-0.197605
-0.0797462
0.0605276
0.234449
0.440023
0.710907
0.970081
1.42189
1.48096
2.56365
1.24902
4.63496
-1.54915
-2.20018
-1.75044
-1.63744
-1.50131
-1.37004
-1.26079
-1.15272
-1.0542
-0.959835
-0.870526
-0.784499
-0.700787
-0.617866
-0.534122
-0.447562
-0.355764
-0.255551
-0.143038
-0.0126801
0.140619
0.327102
0.544123
0.822073
1.08598
1.53092
1.58814
2.66259
1.27768
4.95461
-1.74566
-2.26393
-1.86167
-1.71247
-1.5742
-1.43028
-1.31314
-1.19673
-1.09058
-0.988598
-0.891617
-0.79773
-0.705899
-0.614519
-0.521885
-0.425902
-0.324042
-0.213057
-0.0890493
0.0533343
0.218855
0.416745
0.643731
0.927201
1.19455
1.6319
1.6886
2.751
1.31159
5.23918
-1.95484
-2.33274
-1.97834
-1.79315
-1.65167
-1.49476
-1.369
-1.24373
-1.12943
-1.0194
-0.914396
-0.812353
-0.712147
-0.612091
-0.510394
-0.404875
-0.29293
-0.171277
-0.0360652
0.117812
0.294724
0.502898
0.738491
1.02616
1.29591
1.72522
1.7825
2.82967
1.3497
5.49116
-2.17622
-2.40659
-2.10023
-1.87941
-1.73369
-1.56349
-1.42843
-1.29378
-1.17082
-1.05234
-0.938956
-0.828465
-0.719644
-0.610719
-0.499821
-0.384698
-0.262695
-0.130538
0.0155309
0.180327
0.367795
0.585187
0.828158
1.1189
1.39023
1.81125
1.87003
2.89935
1.39108
5.71294
-2.40909
-2.4854
-2.22701
-1.97111
-1.82015
-1.6364
-1.49142
-1.3469
-1.21481
-1.08747
-0.965366
-0.84615
-0.728491
-0.610529
-0.490325
-0.36557
-0.233585
-0.0911372
0.0654007
0.240519
0.43772
0.663328
0.912582
1.20547
1.47772
1.89036
1.95136
2.96073
1.43497
5.90677
-2.65256
-2.56901
-2.3583
-2.06804
-1.91089
-1.71338
-1.55792
-1.40308
-1.26139
-1.12481
-0.993671
-0.865469
-0.738769
-0.611629
-0.482045
-0.347669
-0.20582
-0.0533338
0.113253
0.298086
0.504224
0.737125
0.991692
1.28596
1.55861
1.96288
2.02669
3.01449
1.48067
6.07477
-2.90553
-2.65716
-2.49359
-2.16987
-2.00567
-1.79426
-1.6278
-1.46224
-1.31055
-1.16437
-1.02389
-0.886458
-0.750538
-0.614107
-0.475101
-0.331149
-0.179589
-0.0173511
0.158844
0.352788
0.567103
0.806451
1.06548
1.36049
1.63314
2.02915
2.09622
3.06126
1.5276
6.21896
-3.16666
-2.74952
-2.63232
-2.27621
-2.10418
-1.87878
-1.70089
-1.52426
-1.36219
-1.2061
-1.05599
-0.909127
-0.763835
-0.618026
-0.469589
-0.31614
-0.155055
0.016626
0.201979
0.404439
0.626216
0.871245
1.134
1.42925
1.70158
2.0895
2.16018
3.10164
1.57528
6.34121
-3.43443
-2.84569
-2.77381
-2.38657
-2.20602
-1.96662
-1.77695
-1.58895
-1.41619
-1.2499
-1.08994
-0.933455
-0.77867
-0.623428
-0.465579
-0.302743
-0.132343
0.0484515
0.242506
0.452907
0.681476
0.931497
1.19734
1.49242
1.7642
2.14426
2.21882
3.13621
1.62329
6.4433
-3.70714
-2.94514
-2.91734
-2.50038
-2.31073
-2.0574
-1.85568
-1.65609
-1.47237
-1.29565
-1.12565
-0.959392
-0.795023
-0.630325
-0.463117
-0.291028
-0.111548
0.0780174
0.280319
0.49811
0.73285
0.987247
1.25564
1.55023
1.82127
2.19374
2.27239
3.16548
1.67125
6.52685
-3.98293
-3.0473
-3.06209
-2.61698
-2.41776
-2.15066
-1.93672
-1.72538
-1.53051
-1.34319
-1.16298
-0.986853
-0.812849
-0.638704
-0.462216
-0.281038
-0.0927325
0.105253
0.315354
0.540006
0.780345
1.03857
1.30904
1.60289
1.87309
2.23825
2.32115
3.18996
1.71888
6.59339
-4.25979
-3.1515
-3.20718
-2.73563
-2.52652
-2.24589
-2.01964
-1.79648
-1.59035
-1.3923
-1.20179
-1.01572
-0.832069
-0.64852
-0.462865
-0.272785
-0.0759251
0.130122
0.347583
0.578598
0.82401
1.08558
1.35773
1.65066
1.91992
2.2781
2.36537
3.21011
1.76594
6.64435
-4.53564
-3.257
-3.35168
-2.85552
-2.63632
-2.3425
-2.10396
-1.869
-1.65155
-1.44272
-1.24187
-1.04585
-0.852576
-0.659704
-0.465022
-0.266252
-0.0611241
0.152623
0.377017
0.613921
0.863926
1.12841
1.40191
1.69378
1.96206
2.31361
2.40531
3.22635
1.81221
6.68102
-4.80832
-3.36305
-3.49463
-2.97581
-2.74645
-2.43986
-2.18917
-1.9425
-1.71377
-1.49418
-1.283
-1.07706
-0.874234
-0.672155
-0.468619
-0.261394
-0.0482976
0.172786
0.403695
0.646044
0.900202
1.16723
1.44178
1.73251
1.99979
2.34505
2.44125
3.23908
1.85753
6.7046
-5.07567
-3.46881
-3.63505
-3.09559
-2.85613
-2.5373
-2.27467
-2.0165
-1.7766
-1.54633
-1.32491
-1.10914
-0.896877
-0.685748
-0.473561
-0.258137
-0.0373859
0.19067
0.427689
0.675063
0.932972
1.2022
1.47759
1.76711
2.0334
2.37272
2.47344
3.24866
1.9018
6.71621
-5.33555
-3.57344
-3.77195
-3.21394
-2.96457
-2.6341
-2.35988
-2.09047
-1.83961
-1.59883
-1.3673
-1.14185
-0.920316
-0.700331
-0.479727
-0.256384
-0.0283032
0.206358
0.449095
0.701098
0.96239
1.23354
1.50955
1.79784
2.06315
2.39689
2.50215
3.25541
1.94491
6.71691
-5.58586
-3.67612
-3.90437
-3.32993
-3.07095
-2.72954
-2.44416
-2.16388
-1.90234
-1.65128
-1.40985
-1.17493
-0.944335
-0.715728
-0.486973
-0.256012
-0.02094
0.21996
0.468032
0.724289
0.988625
1.26142
1.5379
1.82495
2.08932
2.41783
2.52761
3.25963
1.98672
6.70735
-5.82461
-3.77602
-4.03136
-3.44264
-3.17446
-2.82287
-2.52684
-2.23616
-1.9643
-1.70327
-1.45222
-1.20809
-0.968696
-0.731743
-0.495135
-0.25688
-0.0151657
0.231604
0.484637
0.744792
1.01186
1.28608
1.56288
1.84869
2.11218
2.43579
2.55007
3.26163
2.02747
6.68838
-6.04995
-3.87234
-4.15203
-3.55115
-3.27429
-2.91335
-2.60728
-2.30672
-2.02499
-1.75438
-1.49406
-1.24103
-0.993146
-0.748161
-0.504029
-0.258826
-0.0108311
0.241438
0.499067
0.76278
1.03229
1.30772
1.58472
1.86931
2.13197
2.45101
2.56976
3.26157
2.06694
6.66096
-6.26018
-3.96433
-4.26555
-3.65463
-3.36966
-3.00025
-2.68483
-2.375
-2.08392
-1.80418
-1.53498
-1.27342
-1.01741
-0.764753
-0.513455
-0.261672
-0.00777098
0.249624
0.511488
0.778433
1.05011
1.32656
1.60366
1.88706
2.14894
2.46372
2.58689
3.25974
2.1051
6.62565
-6.45375
-4.05131
-4.37118
-3.75226
-3.45982
-3.08287
-2.75884
-2.44042
-2.14057
-1.85222
-1.57461
-1.30495
-1.04122
-0.781276
-0.523203
-0.265228
-0.0058074
0.256337
0.522081
0.791942
1.06553
1.34283
1.61993
1.90217
2.16332
2.47413
2.60167
3.25632
2.14202
6.58301
-6.62916
-4.13261
-4.46824
-3.8433
-3.5441
-3.16056
-2.82871
-2.50242
-2.19445
-1.89806
-1.61256
-1.33528
-1.06427
-0.79748
-0.53305
-0.269293
-0.004752
0.26176
0.531032
0.803502
1.07876
1.35673
1.63375
1.91486
2.17534
2.48245
2.61429
3.25148
2.17775
6.53355
-6.78523
-4.20784
-4.55617
-3.9271
-3.62185
-3.23269
-2.89387
-2.56048
-2.24509
-1.94128
-1.64845
-1.36408
-1.08629
-0.813109
-0.542768
-0.27366
-0.00440912
0.266084
0.538534
0.813311
1.09
1.36849
1.64535
1.92534
2.1852
2.48885
2.62494
3.24537
2.21234
6.47769
-6.92126
-4.27639
-4.63443
-4.00312
-3.69254
-3.29873
-2.95378
-2.6141
-2.29202
-1.98146
-1.68193
-1.39103
-1.10698
-0.827906
-0.552127
-0.278115
-0.00457845
0.269504
0.544781
0.821568
1.09945
1.37831
1.65493
1.93383
2.1931
2.49353
2.63378
3.23813
2.24586
6.41582
-7.03654
-4.33794
-4.70272
-4.07084
-3.75567
-3.35817
-3.00797
-2.66283
-2.33482
-2.01823
-1.71263
-1.4158
-1.12605
-0.841617
-0.560895
-0.282446
-0.00505784
0.272217
0.549968
0.828471
1.10732
1.38639
1.6627
1.94052
2.19923
2.49665
2.64099
3.22987
2.2784
6.34824
-7.13058
-4.39224
-4.76074
-4.1299
-3.81087
-3.41061
-3.05603
-2.70626
-2.37311
-2.05121
-1.74023
-1.4381
-1.14324
-0.853993
-0.568844
-0.28644
-0.00564578
0.274418
0.554291
0.834215
1.1138
1.39294
1.66884
1.94559
2.20377
2.49834
2.6467
3.2207
2.31005
6.27522
-7.20308
-4.43911
-4.80833
-4.18003
-3.85782
-3.45571
-3.0976
-2.74403
-2.40653
-2.08007
-1.76441
-1.45764
-1.15828
-0.864794
-0.575752
-0.289889
-0.00614398
0.2763
0.557938
0.838988
1.11908
1.39813
1.67355
1.94922
2.20688
2.49877
2.65106
3.21068
2.34091
6.19695
-7.25396
-4.47849
-4.8454
-4.22104
-3.89629
-3.49319
-3.13239
-2.77585
-2.4348
-2.10453
-1.7849
-1.47415
-1.17093
-0.873791
-0.581406
-0.292592
-0.00635957
0.27805
0.561096
0.842976
1.12335
1.40216
1.67699
1.95157
2.20871
2.49805
2.6542
3.19991
2.37109
6.11362
-7.28329
-4.51038
-4.87199
-4.25285
-3.92617
-3.52288
-3.16018
-2.80147
-2.45765
-2.12432
-1.80145
-1.48741
-1.18096
-0.88077
-0.585603
-0.294356
-0.00610727
0.279849
0.56394
0.846353
1.12678
1.40518
1.67933
1.95279
2.2094
2.4963
2.65625
3.18842
2.4007
6.02532
-7.29132
-4.53488
-4.88819
-4.27546
-3.94738
-3.54466
-3.18081
-2.8207
-2.47487
-2.13924
-1.81383
-1.49718
-1.18816
-0.885533
-0.588155
-0.295
-0.00521135
0.281869
0.566641
0.849285
1.12953
1.40735
1.68072
1.95303
2.20909
2.49365
2.6573
3.17627
2.42989
5.93215
-7.27845
-4.55218
-4.89419
-4.28895
-3.95996
-3.5585
-3.1942
-2.83342
-2.48631
-2.1491
-1.82187
-1.5033
-1.19236
-0.887902
-0.588887
-0.294355
-0.00350726
0.284271
0.569357
0.85193
1.13176
1.40883
1.68131
1.95241
2.20791
2.49018
2.65748
3.16349
2.45877
5.83415
-7.2452
-4.56254
-4.89026
-4.29351
-3.96401
-3.56442
-3.20032
-2.83954
-2.49187
-2.15378
-1.82542
-1.5056
-1.19338
-0.887717
-0.587642
-0.292266
-0.000843262
0.287204
0.572236
0.854433
1.1336
1.40976
1.68123
1.95107
2.20595
2.48599
2.65687
3.15011
2.48748
5.73134
-7.19223
-4.56627
-4.87672
-4.28937
-3.9597
-3.56252
-3.19919
-2.83905
-2.49147
-2.15317
-1.82436
-1.50395
-1.1911
-0.88484
-0.584281
-0.288595
0.0029183
0.290804
0.575412
0.856926
1.13519
1.41025
1.68058
1.9491
2.20333
2.48117
2.65558
3.13615
2.51615
5.6237
-7.12033
-4.56377
-4.85397
-4.27682
-3.94724
-3.55294
-3.19091
-2.83197
-2.48509
-2.14722
-1.81861
-1.49825
-1.1854
-0.879152
-0.578684
-0.28322
0.00789992
0.295195
0.579008
0.85953
1.13664
1.41043
1.6795
1.94662
2.20014
2.4758
2.65369
3.12163
2.54494
5.51121
-7.03037
-4.5555
-4.82245
-4.25624
-3.92691
-3.53588
-3.17558
-2.81836
-2.47274
-2.13591
-1.80811
-1.48844
-1.17619
-0.870559
-0.570748
-0.276035
0.0142079
0.300483
0.583129
0.862352
1.13807
1.4104
1.67807
1.94372
2.19648
2.46995
2.65128
3.10657
2.57399
5.39384
-6.92335
-4.54194
-4.78265
-4.22802
-3.89903
-3.51157
-3.15337
-2.79833
-2.45449
-2.11924
-1.79284
-1.47445
-1.16342
-0.858984
-0.560393
-0.266955
0.0219314
0.306759
0.58787
0.865484
1.13956
1.41024
1.67638
1.94048
2.19242
2.4637
2.64843
3.09097
2.60343
5.27155
-6.80035
-4.52364
-4.73511
-4.1926
-3.86394
-3.48028
-3.12448
-2.77199
-2.43039
-2.09725
-1.7728
-1.45627
-1.14704
-0.844374
-0.547554
-0.255912
0.0311423
0.314097
0.593304
0.869002
1.14119
1.41003
1.67452
1.93698
2.18804
2.45713
2.64524
3.07487
2.63339
5.14432
-6.66258
-4.50117
-4.68038
-4.15044
-3.82201
-3.4423
-3.08911
-2.7395
-2.40054
-2.06998
-1.74802
-1.4339
-1.12703
-0.826695
-0.53219
-0.242856
0.0418938
0.322553
0.59949
0.872967
1.14302
1.40985
1.67254
1.93329
2.18342
2.45029
2.64176
3.05831
2.66401
5.01218
-6.51136
-4.47513
-4.61907
-4.10201
-3.77363
-3.3979
-3.04748
-2.70101
-2.36506
-2.03751
-1.71852
-1.40735
-1.10339
-0.80593
-0.514275
-0.227757
0.0542205
0.332166
0.606469
0.877422
1.14511
1.40973
1.6705
1.92946
2.17861
2.44326
2.63809
3.04132
2.69538
4.87522
-6.34814
-4.44611
-4.55178
-4.04776
-3.71915
-3.34737
-2.99981
-2.65669
-2.32405
-1.99992
-1.68436
-1.37664
-1.07612
-0.782083
-0.493805
-0.210604
0.0681375
0.342953
0.614263
0.88239
1.14746
1.40971
1.66844
1.92555
2.17368
2.4361
2.63431
3.024
2.72757
4.73367
-6.17454
-4.41464
-4.47909
-3.98814
-3.65892
-3.29099
-2.9463
-2.60667
-2.27764
-1.95728
-1.6456
-1.34182
-1.04526
-0.755172
-0.470792
-0.191405
0.0836401
0.354912
0.622871
0.887878
1.15011
1.40981
1.66639
1.92159
2.16868
2.4289
2.6305
3.00646
2.76061
4.58794
-5.99238
-4.38116
-4.4016
-3.92351
-3.59325
-3.22897
-2.88712
-2.55111
-2.22591
-1.90968
-1.60229
-1.30293
-1.01085
-0.725232
-0.445266
-0.170188
0.100703
0.368022
0.632275
0.893869
1.15303
1.41003
1.66436
1.91761
2.16366
2.42171
2.62673
2.98887
2.79444
4.43877
-5.80373
-4.34592
-4.31984
-3.85419
-3.52239
-3.1615
-2.82241
-2.4901
-2.16896
-1.85718
-1.55451
-1.26004
-0.972941
-0.69231
-0.417274
-0.146998
0.119281
0.382236
0.642431
0.900323
1.15619
1.41033
1.66233
1.91361
2.15864
2.41462
2.6231
2.97146
2.82888
4.28742
-5.61105
-4.30888
-4.23431
-3.78042
-3.44655
-3.08875
-2.75232
-2.42377
-2.10688
-1.79988
-1.50233
-1.21322
-0.931609
-0.656489
-0.386897
-0.121916
0.139295
0.39748
0.653267
0.907173
1.15953
1.41068
1.66028
1.9096
2.15366
2.40768
2.61969
2.95451
2.86353
4.13588
-5.4171
-4.2696
-4.14548
-3.70245
-3.36599
-3.01093
-2.67703
-2.35229
-2.03986
-1.73795
-1.44593
-1.16264
-0.887016
-0.61792
-0.35428
-0.0950779
0.160617
0.413633
0.664674
0.914321
1.16297
1.411
1.65815
1.90554
2.14873
2.40098
2.61659
2.93836
2.89783
3.98719
-5.22371
-4.22592
-4.05287
-3.61966
-3.28008
-2.92744
-2.59598
-2.27515
-1.96744
-1.67101
-1.38497
-1.10804
-0.838956
-0.576453
-0.319322
-0.0664291
0.183263
0.430676
0.6766
0.921693
1.16642
1.4112
1.65585
1.90136
2.14382
2.39452
2.61392
2.92335
2.93072
3.84589
-5.03281
-4.1697
-3.95421
-3.52864
-3.18562
-2.83505
-2.50606
-2.18942
-1.88691
-1.59658
-1.31728
-1.04751
-0.785801
-0.53073
-0.280928
-0.0351217
0.207848
0.449014
0.689265
0.929344
1.1698
1.4111
1.65315
1.8968
2.13868
2.38825
2.61149
2.91057
2.95799
3.72164
-4.86248
-4.08636
-3.85622
-3.42835
-3.08388
-2.73402
-2.40764
-2.09527
-1.79839
-1.51474
-1.24291
-0.981106
-0.727663
-0.480932
-0.239365
-0.00152516
0.233894
0.468056
0.701967
0.936476
1.17222
1.40974
1.64902
1.89094
2.1321
2.38192
2.60633
2.90575
2.9626
3.63857
64.5494
-48.1789
35.2271
-2.16974
10.4885
6.52311
7.62689
7.22408
7.27958
7.20912
7.17954
7.14258
7.11031
7.07865
7.04792
7.01738
6.98664
6.95496
6.92267
6.88568
6.85605
6.78554
6.84098
6.43785
7.54262
3.57218
16.2491
-21.2105
62.3552
-50.6081
54.8015
-31.9789
24.3308
2.45253
9.06114
6.97182
7.52563
7.27356
7.28252
7.22126
7.18636
7.14826
7.11409
7.08089
7.04865
7.01663
6.98438
6.95115
6.91695
6.87882
6.84386
6.78254
6.7914
6.53916
7.09324
5.0017
11.619
-10.2927
46.1185
-40.84
48.952
-22.1695
19.12
4.14673
8.67079
7.11131
7.51077
7.29923
7.29111
7.23142
7.19317
7.15355
7.11767
7.08299
7.04933
7.01592
6.98225
6.94755
6.91163
6.87196
6.83365
6.77388
6.76565
6.55395
6.95352
5.39253
9.92219
-5.07274
36.2864
-34.9782
44.1175
-15.358
16.1474
5.04277
8.45579
7.21346
7.50443
7.32307
7.3001
7.24133
7.19983
7.1587
7.12112
7.08502
7.04999
7.01524
6.98019
6.94406
6.90645
6.86526
6.82369
6.76484
6.74172
6.56023
6.85117
5.60777
9.02467
-2.09568
29.4591
-30.1333
39.802
-10.2941
14.3174
5.59593
8.33207
7.28925
7.50545
7.34523
7.30991
7.25117
7.20654
7.16382
7.12455
7.08703
7.05063
7.01457
6.97816
6.94061
6.90129
6.85851
6.81379
6.75496
6.71947
6.55912
6.7752
5.73153
8.47033
-0.263549
24.3833
-25.8085
36.0042
-6.54584
13.1914
5.99152
8.25068
7.35763
7.50893
7.36659
7.32023
7.26094
7.21325
7.16888
7.12792
7.089
7.05127
7.01392
6.97617
6.93722
6.8962
6.85175
6.80397
6.74457
6.69801
6.55554
6.70659
5.8128
8.07359
0.863152
20.6263
-22.0024
32.6631
-3.81851
12.4932
6.31418
8.19538
7.42327
7.51529
7.38687
7.33085
7.27048
7.21985
7.17378
7.13117
7.09089
7.05188
7.0133
6.97426
6.93394
6.89127
6.84511
6.79436
6.73386
6.67762
6.54903
6.64067
5.86784
7.7497
1.56129
17.8927
-18.654
29.7032
-1.84543
12.0109
6.60799
8.15563
7.48832
7.52476
7.40621
7.34151
7.27964
7.22619
7.17842
7.13423
7.09266
7.05245
7.01272
6.97248
6.93086
6.8866
6.83873
6.78513
6.72311
6.65814
6.53938
6.57527
5.90719
7.45459
2.04329
15.9152
-15.6876
27.0621
-0.413356
11.6085
6.88228
8.12566
7.55174
7.53727
7.42467
7.35196
7.28824
7.2321
7.18267
7.13701
7.09425
7.05296
7.0122
6.97088
6.92806
6.88231
6.83277
6.77646
6.71255
6.63952
6.52664
6.51144
5.93667
7.179
2.44547
14.4799
-13.0408
24.6891
0.638703
11.2097
7.12901
8.09999
7.61079
7.55187
7.44208
7.36189
7.29605
7.23739
7.1864
7.13941
7.09561
7.05339
7.01176
6.96951
6.92564
6.87855
6.82742
6.76857
6.7025
6.62194
6.51177
6.45193
5.96177
6.93101
2.8441
13.4255
-10.6627
22.5427
1.4293
10.7795
7.33488
8.07244
7.66177
7.56664
7.45785
7.37083
7.30277
7.24182
7.18943
7.14132
7.09667
7.05373
7.01142
6.96845
6.92373
6.8755
6.82294
6.76177
6.69342
6.60597
6.49669
6.40047
5.98872
6.72402
3.27436
12.6332
-8.51172
20.5889
2.04337
10.3092
7.48812
8.03641
7.70062
7.57892
7.47094
7.37813
7.30798
7.24509
7.19155
7.14259
7.09735
7.05395
7.01121
6.96777
6.92245
6.87335
6.81962
6.75647
6.68598
6.59266
6.48406
6.36111
6.02415
6.56984
3.74501
12.0179
-6.55374
18.8003
2.53959
9.80534
7.58173
7.98578
7.7235
7.58566
7.4799
7.3829
7.31117
7.24685
7.19252
7.14307
7.09757
7.05401
7.01117
6.96756
6.92197
6.87236
6.81781
6.75319
6.68106
6.58345
6.47697
6.33774
6.07421
6.47549
4.24931
11.5206
-4.76131
17.155
2.95672
9.28214
7.61432
7.91576
7.72716
7.58379
7.48305
7.38409
7.31171
7.24668
7.19208
7.14258
7.09722
7.05389
7.01131
6.96793
6.92245
6.87278
6.81793
6.75255
6.67971
6.58006
6.47847
6.33361
6.14374
6.44235
4.77308
11.1027
-3.1125
15.6358
3.31903
8.75582
7.58956
7.82343
7.70931
7.57059
7.4786
7.38054
7.30888
7.24412
7.18993
7.14094
7.0962
7.05356
7.01168
6.96898
6.92411
6.87492
6.82044
6.75528
6.68309
6.58426
6.49132
6.35104
6.23565
6.46677
5.30004
10.7397
-1.59001
14.229
3.64065
8.2413
7.51479
7.70804
7.66877
7.54393
7.46494
7.37109
7.30193
7.23867
7.18573
7.13794
7.0944
7.05297
7.01231
6.97082
6.92713
6.87911
6.82585
6.76213
6.69238
6.59769
6.51766
6.39121
6.35071
6.54137
5.81524
10.4176
-0.180221
12.924
3.92909
7.75044
7.3995
7.5708
7.60557
7.50244
7.44074
7.35466
7.29013
7.22983
7.17916
7.13337
7.0917
7.05209
7.01324
6.97356
6.93173
6.88568
6.83465
6.77385
6.70866
6.62166
6.55886
6.45412
6.48772
6.65665
6.30677
10.1288
1.12756
11.7125
4.18784
7.29143
7.25387
7.41455
7.52086
7.44557
7.40512
7.33039
7.27282
7.21714
7.16992
7.12703
7.08799
7.05089
7.0145
6.97732
6.9381
6.89493
6.84731
6.79109
6.73279
6.65709
6.61548
6.53861
6.64384
6.80241
6.76646
9.86976
2.34175
10.5876
4.41827
6.86889
7.08764
7.24321
7.41672
7.37359
7.35767
7.29767
7.24945
7.20018
7.15771
7.11874
7.08317
7.04933
7.01613
6.9822
6.94643
6.90716
6.86425
6.81438
6.76538
6.70436
6.68726
6.64259
6.81515
6.96887
7.18965
9.63922
3.46912
9.54377
4.62086
6.48447
6.90939
7.06125
7.29599
7.28748
7.29853
7.25623
7.21969
7.17865
7.1423
7.10834
7.07715
7.04738
7.01816
6.98829
6.95688
6.92259
6.88576
6.84408
6.80672
6.76336
6.77321
6.76324
6.99717
7.14744
7.57471
9.43664
4.5152
8.57643
4.79598
6.13754
6.7261
6.87319
7.16191
7.18881
7.2283
7.20611
7.18339
7.15236
7.12353
7.09572
7.06986
7.04502
7.0206
6.99566
6.96956
6.94139
6.91206
6.88034
6.85676
6.83349
6.87179
6.89732
7.18536
7.33113
7.92227
9.26164
5.48465
7.68144
4.94431
5.82596
6.54306
6.68324
7.01791
7.07952
7.14796
7.14767
7.1406
7.12124
7.10132
7.0808
7.06125
7.04224
7.02348
7.00434
6.98455
6.96364
6.94318
6.9231
6.91514
6.91376
6.98103
7.04139
7.37552
7.51462
8.23447
9.11355
6.38159
6.85507
5.06699
5.54677
6.364
6.49501
6.86734
6.96183
7.05885
7.08156
7.09161
7.08538
7.07567
7.06356
7.05131
7.03901
7.02679
7.01437
7.00185
6.98933
6.97905
6.97208
6.98121
7.00284
7.09873
7.19208
7.56403
7.69419
8.51427
8.9912
7.20973
6.09385
5.16561
5.29666
6.1913
6.31139
6.71332
6.83799
6.96247
7.00865
7.03687
7.04501
7.04667
7.04404
7.04004
7.03536
7.03053
7.02571
7.02143
7.01837
7.01944
7.02681
7.0541
7.09922
7.22263
7.34629
7.74797
7.86744
8.76498
8.893
7.97258
5.39442
5.2421
5.07239
6.0263
6.13455
6.5586
6.71025
6.86046
6.92999
6.97699
7.00045
7.01451
7.02233
7.02749
7.03128
7.03469
7.03833
7.0432
7.05057
7.06402
7.0867
7.13278
7.20128
7.35048
7.50126
7.9252
8.03302
8.98986
8.817
8.67347
4.75354
5.29863
4.87096
5.86962
5.96595
6.40548
6.58066
6.75445
6.84669
6.91271
6.95215
6.97945
6.99857
7.01373
7.02679
7.03924
7.05215
7.06701
7.08567
7.11234
7.151
7.2161
7.30736
7.48023
7.65468
8.09422
8.19031
9.19188
8.761
9.31566
4.16802
5.33747
4.68976
5.72135
5.80647
6.25581
6.45105
6.64602
6.75994
6.84483
6.90064
6.9418
6.97295
6.99885
7.02193
7.04415
7.06707
7.09267
7.12335
7.16387
7.2189
7.3029
7.41589
7.61003
7.8047
8.25416
8.3392
9.37366
8.72273
9.90234
3.63473
5.36087
4.52658
5.58134
5.65653
6.11098
6.32302
6.53665
6.67091
6.77421
6.8465
6.90195
6.9457
6.98299
7.01673
7.04938
7.08297
7.11994
7.16322
7.21804
7.28956
7.392
7.5254
7.7383
7.9499
8.40459
8.47984
9.53741
8.69993
10.4366
3.15061
5.37098
4.37959
5.4493
5.51619
5.97203
6.19785
6.42763
6.58069
6.7017
6.79033
6.8603
6.91709
6.96627
7.01124
7.05488
7.0997
7.14856
7.20487
7.27422
7.36211
7.4823
7.63457
7.86374
8.08926
8.54543
8.61251
9.68496
8.69044
10.9216
2.71266
5.36978
4.24725
5.32491
5.38531
5.83963
6.07658
6.32011
6.49032
6.62812
6.73275
6.81729
6.88737
6.94884
7.00549
7.06061
7.1171
7.17825
7.24787
7.3318
7.43572
7.57276
7.74227
7.98531
8.22208
8.67682
8.73753
9.81783
8.69225
11.3604
2.31796
5.35908
4.1283
5.20786
5.26358
5.71422
5.95999
6.21505
6.40072
6.55426
6.67437
6.77334
6.85686
6.93088
6.99955
7.0665
7.13501
7.20873
7.29179
7.39018
7.50963
7.66247
7.84754
8.10221
8.34793
8.79907
8.85519
9.93729
8.70356
11.7557
1.96369
5.34047
4.02165
5.09789
5.15063
5.596
5.84866
6.11322
6.31267
6.48082
6.61577
6.7289
6.82582
6.91255
6.99347
7.0725
7.15326
7.23969
7.33618
7.44877
7.58309
7.75063
7.94958
8.21386
8.46659
8.91254
8.96576
10.0444
8.72276
12.1105
1.64712
5.31536
3.92636
4.99477
5.04605
5.48504
5.74299
6.01524
6.22688
6.40846
6.55748
6.68438
6.79456
6.89402
6.98729
7.07856
7.17169
7.27086
7.38064
7.50703
7.65549
7.83654
8.04778
8.31987
8.57799
9.01762
9.06945
10.1402
8.74844
12.4274
1.36565
5.28497
3.84157
4.89831
4.94944
5.3813
5.6432
5.92158
6.1439
6.33773
6.49998
6.64015
6.76334
6.87544
6.98108
7.08462
7.19013
7.30196
7.42478
7.56448
7.72625
7.91964
8.14166
8.41999
8.68217
9.11471
9.16644
10.2254
8.77936
12.7092
1.11678
5.25038
3.76649
4.80835
4.8604
5.28464
5.54944
5.83259
6.06418
6.2691
6.44372
6.59656
6.73242
6.85697
6.97489
7.09063
7.20843
7.33274
7.46825
7.62069
7.7949
7.99947
8.23088
8.51408
8.77925
9.20421
9.25691
10.3008
8.81446
12.9583
0.898145
5.21248
3.70038
4.72469
4.77856
5.1949
5.46173
5.74848
5.98808
6.20298
6.38906
6.55394
6.70202
6.83874
6.96875
7.09655
7.22645
7.36296
7.51074
7.67528
7.86104
8.07568
8.31521
8.60211
8.8694
9.28649
9.34103
10.3673
8.85282
13.177
0.707486
5.17209
3.64254
4.64718
4.70357
5.11186
5.38003
5.6694
5.91586
6.13967
6.33633
6.51256
6.67236
6.82089
6.96272
7.10234
7.24407
7.39242
7.55198
7.72793
7.92435
8.14801
8.3945
8.68412
8.95281
9.36189
9.41896
10.4254
8.89364
13.3677
0.54268
5.12987
3.59232
4.57562
4.63507
5.0353
5.30424
5.59542
5.84771
6.07943
6.28578
6.47265
6.64361
6.80354
6.95684
7.10795
7.26117
7.42095
7.59172
7.77839
7.98459
8.21626
8.46868
8.7602
9.02972
9.43076
9.4909
10.4759
8.93624
13.5325
0.401728
5.08642
3.54908
4.50981
4.57275
4.96498
5.23422
5.52653
5.78373
6.02244
6.23763
6.43441
6.61595
6.78678
6.95114
7.11336
7.27766
7.44838
7.62979
7.82644
8.04157
8.28033
8.53775
8.83048
9.10037
9.49342
9.55705
10.5194
8.98003
13.6733
0.282753
5.04223
3.51222
4.44953
4.51626
4.90062
5.16982
5.46267
5.72398
5.96882
6.19203
6.39799
6.58948
6.77069
6.94565
7.11853
7.29345
7.4746
7.66602
7.87193
8.09516
8.34015
8.60177
8.89513
9.16501
9.5502
9.61762
10.5564
9.02451
13.7921
0.183998
4.99774
3.48119
4.39454
4.46531
4.84198
5.11084
5.40377
5.66847
5.91866
6.14909
6.36351
6.56433
6.75536
6.9404
7.12346
7.30849
7.49949
7.70029
7.91475
8.14529
8.39573
8.66083
8.95433
9.22391
9.60141
9.67285
10.5876
9.06925
13.8906
0.103828
4.9533
3.45546
4.34459
4.41958
4.78877
5.05707
5.34969
5.61715
5.87198
6.1089
6.33108
6.54056
6.74082
6.93542
7.12812
7.32271
7.52299
7.73252
7.95481
8.19193
8.44709
8.71503
9.00829
9.27733
9.64737
9.723
10.6134
9.1139
13.9705
0.0407212
4.90923
3.43455
4.29945
4.37876
4.74074
5.00829
5.30029
5.56996
5.82878
6.07148
6.30074
6.51824
6.72714
6.9307
7.1325
7.33609
7.54504
7.76266
7.99209
8.23508
8.49432
8.76454
9.05723
9.32555
9.68837
9.76831
10.6344
9.15814
14.0333
-0.00672881
4.86578
3.41799
4.25883
4.34256
4.6976
4.96426
5.2554
5.52681
5.78903
6.03686
6.27252
6.49741
6.71433
6.92628
7.13659
7.34859
7.56561
7.79067
8.02659
8.27479
8.5375
8.80953
9.10139
9.36884
9.72472
9.80903
10.651
9.20172
14.0805
-0.0398193
4.82315
3.40538
4.2225
4.31069
4.65908
4.92477
5.21483
5.48756
5.75265
6.005
6.24644
6.47808
6.70241
6.92216
7.14039
7.36021
7.58467
7.81654
8.05831
8.3111
8.57676
8.85016
9.14099
9.40748
9.7567
9.84545
10.6636
9.24443
14.1132
-0.0597462
4.78152
3.39633
4.1902
4.28287
4.62492
4.88956
5.1784
5.45208
5.71957
5.97587
6.22249
6.46027
6.69139
6.91834
7.1439
7.37093
7.60224
7.8403
8.0873
8.34412
8.61223
8.88665
9.17629
9.44172
9.7846
9.8778
10.6727
9.28612
14.1327
-0.0676276
4.74102
3.39049
4.16167
4.25883
4.59486
4.8584
5.14589
5.42022
5.68967
5.94941
6.20063
6.44395
6.68128
6.91482
7.14712
7.38077
7.61831
7.86197
8.11364
8.37395
8.64408
8.91918
9.2075
9.47185
9.80869
9.90634
10.6785
9.32665
14.1402
-0.0645002
4.70174
3.38754
4.13667
4.2383
4.56863
4.83106
5.11712
5.39182
5.66285
5.92554
6.18082
6.42912
6.67206
6.91161
7.15005
7.38973
7.63293
7.8816
8.13739
8.4007
8.67246
8.94797
9.23488
9.49811
9.82924
9.93132
10.6814
9.36593
14.1366
-0.0510231
4.66383
3.3872
4.11497
4.22104
4.54599
4.8073
5.09187
5.36671
5.63898
5.90417
6.163
6.41572
6.66372
6.90871
7.15271
7.39784
7.64612
7.89926
8.15864
8.42451
8.69754
8.97322
9.25865
9.52076
9.8465
9.95297
10.6816
9.40381
14.1228
-0.0280386
4.62708
3.38917
4.09635
4.20682
4.52669
4.7869
5.06994
5.34473
5.61791
5.8852
6.14711
6.40374
6.65624
6.90609
7.1551
7.40511
7.65792
7.91501
8.17751
8.44551
8.7195
8.99514
9.27905
9.54004
9.86069
9.97154
10.6796
9.44051
14.0994
0.00350373
4.5917
3.3933
4.08059
4.19541
4.51051
4.76964
5.05113
5.32568
5.59952
5.86853
6.13307
6.3931
6.64958
6.90377
7.15723
7.41158
7.6684
7.92892
8.19409
8.46384
8.73851
9.01393
9.2963
9.55619
9.87206
9.98721
10.6754
9.47582
14.0674
0.0430413
4.55773
3.39931
4.06748
4.18659
4.49723
4.7553
5.03524
5.30942
5.58366
5.85404
6.1208
6.38378
6.64373
6.90173
7.15911
7.41729
7.67759
7.94108
8.20849
8.47965
8.75474
9.02979
9.3106
9.56943
9.88082
10.0002
10.6692
9.50971
14.0274
0.0900189
4.52511
3.40702
4.05684
4.18019
4.48663
4.74369
5.02208
5.29576
5.57018
5.84163
6.11022
6.37569
6.63865
6.89995
7.16076
7.42225
7.68557
7.95158
8.22084
8.49307
8.76836
9.04292
9.32217
9.57997
9.88715
10.0108
10.6614
9.54224
13.9801
0.143937
4.49379
3.41627
4.04848
4.17601
4.47852
4.73462
5.01147
5.28454
5.55895
5.83118
6.10124
6.36879
6.63429
6.89844
7.16218
7.42652
7.69239
7.9605
8.23125
8.50427
8.77955
9.05349
9.3312
9.58802
9.89125
10.019
10.6521
9.57345
13.9258
0.204361
4.46374
3.42692
4.04223
4.17388
4.47271
4.72789
5.00322
5.27559
5.54982
5.82256
6.09376
6.36302
6.63064
6.89717
7.16339
7.43012
7.69812
7.96793
8.23983
8.51337
8.78846
9.0617
9.33788
9.59375
9.8933
10.0251
10.6413
9.60339
13.865
0.270922
4.43488
3.43885
4.03794
4.17363
4.46903
4.72334
4.99718
5.26877
5.54266
5.81567
6.08771
6.3583
6.62764
6.89613
7.1644
7.43309
7.70282
7.97397
8.2467
8.52052
8.79527
9.06771
9.34238
9.59735
9.89345
10.0293
10.6293
9.63214
13.7981
0.343306
4.40713
3.45194
4.03545
4.17514
4.46732
4.72079
4.99316
5.26392
5.53733
5.8104
6.08298
6.35457
6.62526
6.89532
7.16522
7.43548
7.70655
7.9787
8.25198
8.52585
8.8001
9.07169
9.34487
9.599
9.89186
10.0317
10.6161
9.65978
13.7254
0.421254
4.3804
3.4661
4.03463
4.17824
4.46741
4.7201
4.99104
5.26089
5.53369
5.80663
6.07951
6.35178
6.62346
6.89471
7.16587
7.43732
7.70938
7.98221
8.25578
8.52949
8.80313
9.07379
9.34552
9.59883
9.88867
10.0324
10.6018
9.6864
13.6471
0.504556
4.3546
3.48125
4.03533
4.18282
4.46916
4.72111
4.99064
5.25955
5.53164
5.80426
6.07718
6.34986
6.6222
6.89429
7.16635
7.43864
7.71137
7.98459
8.25819
8.53157
8.80447
9.07417
9.34446
9.59701
9.884
10.0315
10.5866
9.7121
13.5636
0.593047
4.32961
3.49732
4.03744
4.18877
4.47244
4.72369
4.99185
5.25977
5.53104
5.80318
6.07594
6.34874
6.62145
6.89406
7.16669
7.43949
7.71257
7.98591
8.25933
8.53221
8.80427
9.07295
9.34184
9.59367
9.87798
10.0293
10.5704
9.73699
13.4748
0.686605
4.30531
3.51425
4.04083
4.19595
4.47712
4.72772
4.99453
5.26142
5.53179
5.8033
6.07569
6.34838
6.62118
6.894
7.16688
7.43989
7.71305
7.98626
8.25929
8.53152
8.80264
9.07027
9.33779
9.58893
9.87072
10.0258
10.5534
9.7612
13.3811
0.785142
4.28158
3.532
4.0454
4.20429
4.48309
4.73306
4.99855
5.26439
5.53377
5.80452
6.07636
6.34871
6.62133
6.89409
7.16694
7.43988
7.71285
7.9857
8.25816
8.5296
8.79971
9.06626
9.33243
9.58292
9.86232
10.0212
10.5356
9.78485
13.2823
0.888606
4.25828
3.55053
4.05105
4.21367
4.49022
4.7396
5.0038
5.26856
5.53689
5.80675
6.07788
6.34967
6.62189
6.89432
7.16688
7.43949
7.71204
7.98432
8.25603
8.52656
8.79559
9.06102
9.32587
9.57575
9.85289
10.0155
10.517
9.80808
13.1787
0.996972
4.23527
3.5698
4.05766
4.224
4.49842
4.74725
5.01018
5.27383
5.54105
5.80992
6.08017
6.35123
6.62281
6.89469
7.16671
7.43876
7.71066
7.98218
8.253
8.5225
8.79038
9.05468
9.31823
9.56753
9.84252
10.0088
10.4977
9.83104
13.0702
1.11024
4.2124
3.58979
4.06515
4.23521
4.50758
4.75588
5.01757
5.2801
5.54615
5.81393
6.08317
6.35332
6.62407
6.89517
7.16644
7.4377
7.70876
7.97934
8.24912
8.5175
8.78418
9.04732
9.30961
9.55835
9.83129
10.0013
10.4777
9.85387
12.9569
1.22842
4.18952
3.61046
4.07341
4.24719
4.51761
4.76541
5.02589
5.28729
5.55212
5.81872
6.08682
6.3559
6.62564
6.89577
7.16607
7.43635
7.70637
7.97587
8.24448
8.51165
8.77708
9.03905
9.3001
9.54832
9.81929
9.99297
10.457
9.87673
12.8386
1.35154
4.16647
3.6318
4.08236
4.25987
4.5284
4.77575
5.03504
5.29529
5.55886
5.82421
6.09107
6.35894
6.6275
6.89646
7.16561
7.43472
7.70355
7.97181
8.23915
8.50503
8.76916
9.02997
9.28979
9.53754
9.8066
9.984
10.4356
9.89977
12.7155
1.47962
4.14311
3.65376
4.09189
4.27315
4.53988
4.7868
5.04493
5.30404
5.56632
5.83034
6.09585
6.36238
6.6296
6.89725
7.16507
7.43285
7.70033
7.96722
8.23318
8.4977
8.76052
9.02014
9.27878
9.52608
9.79332
9.97447
10.4137
9.92315
12.5874
1.61266
4.11927
3.6763
4.10192
4.28697
4.55195
4.79848
5.05548
5.31345
5.57441
5.83705
6.10113
6.3662
6.63195
6.89811
7.16445
7.43074
7.69673
7.96214
8.22664
8.48974
8.75121
9.00967
9.26716
9.51404
9.77952
9.96446
10.3911
9.94702
12.4543
1.75061
4.09483
3.69938
4.11233
4.30122
4.56452
4.8107
5.06661
5.32345
5.58309
5.84429
6.10686
6.37036
6.63451
6.89905
7.16376
7.42842
7.69279
7.95661
8.21956
8.48121
8.74131
8.99861
9.25499
9.50151
9.7653
9.95408
10.3681
9.97152
12.3164
1.89336
4.06965
3.7229
4.12303
4.31581
4.57751
4.82339
5.07826
5.33399
5.59228
5.85202
6.113
6.37483
6.63726
6.90006
7.163
7.4259
7.68854
7.95067
8.21201
8.47216
8.73089
8.98705
9.24237
9.48857
9.75074
9.94342
10.3446
9.99677
12.1737
2.04067
4.04363
3.74677
4.1339
4.33065
4.59082
4.83646
5.09036
5.345
5.60196
5.86019
6.11952
6.3796
6.6402
6.90112
7.16217
7.42319
7.68399
7.94434
8.20401
8.46262
8.71999
8.97504
9.22936
9.47532
9.73595
9.9326
10.3207
10.0229
12.0265
2.1921
4.01673
3.77083
4.14484
4.34562
4.60437
4.84986
5.10285
5.35644
5.61207
5.86877
6.1264
6.38464
6.64331
6.90224
7.16128
7.4203
7.67915
7.93765
8.19559
8.45265
8.70866
8.96265
9.21603
9.46183
9.72103
9.92174
10.2967
10.0499
11.8752
2.34686
3.98898
3.79489
4.15572
4.36063
4.61808
4.86351
5.11567
5.36828
5.62259
5.87775
6.13362
6.38995
6.64659
6.90341
7.16033
7.41723
7.67404
7.9306
8.18677
8.44227
8.69694
8.94991
9.20246
9.44819
9.70608
9.91093
10.2727
10.0778
11.7205
2.5037
3.96052
3.81868
4.16643
4.37556
4.63187
4.87737
5.1288
5.38048
5.6335
5.8871
6.14118
6.39551
6.65002
6.90463
7.1593
7.41399
7.66865
7.92321
8.17756
8.43148
8.68485
8.93688
9.18868
9.43447
9.69121
9.90032
10.2489
10.1064
11.5638
2.66059
3.9317
3.84188
4.17683
4.39029
4.64566
4.89137
5.14221
5.39304
5.64481
5.89684
6.14907
6.40134
6.65362
6.90591
7.15821
7.41057
7.66299
7.91547
8.16796
8.42029
8.67239
8.92356
9.17476
9.42076
9.67656
9.89002
10.2258
10.1354
11.4071
2.81445
3.90305
3.86411
4.18678
4.40469
4.65938
4.90548
5.15586
5.40593
5.65649
5.90696
6.15729
6.40743
6.65738
6.90722
7.15705
7.40696
7.65705
7.90738
8.15796
8.40872
8.6596
8.90999
9.16073
9.40713
9.66223
9.88019
10.2036
10.1642
11.2534
2.96074
3.8756
3.885
4.19613
4.41872
4.67302
4.91975
5.16984
5.41925
5.66864
5.91753
6.16592
6.41382
6.66133
6.9086
7.15581
7.40314
7.65078
7.89887
8.1475
8.39666
8.64637
8.8961
9.14654
9.39357
9.64828
9.87096
10.1828
10.1918
11.1073
3.08991
3.85364
3.90358
4.20518
4.43261
4.68701
4.93464
5.18465
5.43349
5.68172
5.92896
6.17528
6.42077
6.66562
6.91008
7.15443
7.39896
7.64393
7.8896
8.13615
8.38367
8.63221
8.88137
9.13172
9.37967
9.63448
9.86203
10.1643
10.2139
10.9783
3.17777
3.85414
3.91409
4.21686
4.44652
4.70253
4.95107
5.20125
5.44953
5.69654
5.94196
6.18594
6.42869
6.67051
6.91176
7.15284
7.39415
7.63609
7.87902
8.12324
8.36892
8.61624
8.86484
9.11538
9.36424
9.62066
9.85047
10.154
10.2136
10.8907
72.2697
-40.6321
42.9153
5.48257
18.1648
14.2081
15.3224
14.9298
14.995
14.9343
14.9145
14.8874
14.8652
14.8439
14.824
14.8048
14.7863
14.7676
14.7495
14.7292
14.7126
14.682
14.6838
14.5934
14.7251
14.2944
15.2343
13.0132
15.7477
14.0862
62.4926
-24.4102
31.9955
10.106
16.7314
14.653
15.2174
14.9761
14.9952
14.9442
14.9196
14.8919
14.8684
14.8462
14.8255
14.8057
14.7865
14.7673
14.7485
14.728
14.71
14.6813
14.6749
14.6037
14.6798
14.3868
14.9557
13.2947
15.8025
14.1071
56.6239
-14.59
26.7712
11.7974
16.3364
14.7886
15.1991
14.9986
15.0011
14.9522
14.9246
14.8959
14.8713
14.8483
14.8268
14.8064
14.7867
14.7671
14.7478
14.7269
14.7081
14.6799
14.6701
14.6046
14.6601
14.4098
14.8098
13.5332
15.8583
14.1
51.7724
-7.77329
23.7885
12.6894
16.1169
14.8869
15.1892
15.0193
15.0073
14.9597
14.9294
14.8997
14.8739
14.8501
14.828
14.807
14.7868
14.7669
14.7472
14.7261
14.7066
14.6786
14.6662
14.6039
14.646
14.4162
14.7406
13.7478
15.8928
14.0874
47.4414
-2.70737
21.9498
13.2379
15.9884
14.9584
15.1864
15.038
15.0141
14.9669
14.9339
14.9032
14.8762
14.8516
14.8289
14.8075
14.7869
14.7667
14.7467
14.7254
14.7055
14.6777
14.6632
14.6029
14.6363
14.4221
14.7209
13.9429
15.9063
14.0733
43.6293
1.04036
20.816
13.6283
15.9019
15.0223
15.1857
15.0556
15.0211
14.9738
14.9382
14.9063
14.8783
14.853
14.8297
14.8078
14.7869
14.7665
14.7463
14.725
14.7047
14.6772
14.6611
14.6031
14.6317
14.4346
14.7373
14.1125
15.9049
14.0593
40.2751
3.76544
20.1105
13.9455
15.8413
15.0832
15.1878
15.072
15.0282
14.9802
14.9421
14.9091
14.88
14.8539
14.8301
14.808
14.7869
14.7663
14.7462
14.7249
14.7045
14.6774
14.6605
14.6056
14.633
14.4566
14.7779
14.2535
15.8938
14.0465
37.3033
5.73506
19.6209
14.2335
15.796
15.1433
15.1926
15.0871
15.035
14.9859
14.9455
14.9112
14.8811
14.8545
14.8303
14.8079
14.7868
14.7662
14.7462
14.7252
14.7049
14.6787
14.6618
14.6115
14.641
14.4886
14.8317
14.3666
15.8776
14.0358
34.6512
7.16293
19.2113
14.5018
15.7602
15.2014
15.2002
15.101
15.0413
14.9908
14.9481
14.9127
14.8817
14.8546
14.8301
14.8076
14.7865
14.7662
14.7465
14.726
14.7063
14.6814
14.6655
14.6212
14.6556
14.5292
14.8899
14.455
15.8599
14.0276
32.2681
8.21036
18.8053
14.7424
15.7285
15.2549
15.2097
15.1136
15.0468
14.9946
14.9498
14.9133
14.8815
14.854
14.8294
14.807
14.7862
14.7663
14.7471
14.7274
14.7086
14.6857
14.672
14.6351
14.6761
14.5757
14.9465
14.523
15.8435
14.0224
30.1123
8.99613
18.3679
14.9419
15.6947
15.3001
15.219
15.1243
15.051
14.9969
14.9503
14.9128
14.8805
14.8527
14.8282
14.806
14.7857
14.7665
14.7481
14.7296
14.7122
14.6918
14.6813
14.653
14.7016
14.6256
14.9975
14.5752
15.83
14.0204
28.1499
9.60532
17.8905
15.0888
15.6523
15.3329
15.2256
15.132
15.0533
14.9974
14.9492
14.911
14.8783
14.8506
14.8263
14.8047
14.7851
14.7667
14.7495
14.7325
14.717
14.6999
14.6935
14.6745
14.7308
14.6763
15.0412
14.6163
15.8202
14.0216
26.3532
10.0967
17.3797
15.1758
15.5952
15.3496
15.2264
15.1354
15.0527
14.9956
14.9463
14.9077
14.875
14.8475
14.8238
14.8029
14.7843
14.7672
14.7514
14.7363
14.7232
14.71
14.7084
14.6989
14.7622
14.7258
15.0771
14.6502
15.8143
14.0265
24.7004
10.5092
16.8497
15.2019
15.5186
15.3468
15.2184
15.1326
15.0482
14.9907
14.941
14.9024
14.8701
14.8433
14.8204
14.8007
14.7833
14.7677
14.7537
14.7409
14.7308
14.722
14.7257
14.7254
14.7947
14.7727
15.1058
14.6803
15.8122
14.0352
23.1741
10.8669
16.3168
15.1706
15.4196
15.3224
15.1988
15.122
15.0387
14.9821
14.9329
14.8951
14.8636
14.8378
14.8162
14.7978
14.782
14.7683
14.7565
14.7465
14.7397
14.7356
14.7449
14.7534
14.8273
14.8164
15.1287
14.7092
15.8135
14.0481
21.7607
11.1841
15.796
15.0894
15.2975
15.2752
15.1656
15.1019
15.023
14.9691
14.9215
14.8851
14.8551
14.8309
14.8109
14.7943
14.7805
14.769
14.7598
14.7528
14.7499
14.7508
14.7656
14.7823
14.8592
14.8567
15.1473
14.7388
15.8176
14.0656
20.4496
11.4682
15.2991
14.9678
15.1537
15.2053
15.1174
15.071
15
14.9508
14.9063
14.8724
14.8445
14.8223
14.8045
14.7901
14.7787
14.7698
14.7635
14.76
14.7611
14.7673
14.7875
14.8114
14.89
14.8939
15.1631
14.7704
15.8243
14.0883
19.2322
11.7228
14.8344
14.8159
14.9909
15.1138
15.0537
15.0286
14.9689
14.9267
14.8869
14.8564
14.8315
14.8121
14.7968
14.7852
14.7765
14.7706
14.7676
14.7679
14.7733
14.7847
14.8101
14.8405
14.9196
14.9286
15.1776
14.8048
15.8331
14.1166
18.1018
11.9491
14.4064
14.6436
14.813
15.0029
14.9748
14.9741
14.9292
14.8962
14.8628
14.837
14.8159
14.7999
14.7879
14.7794
14.7739
14.7714
14.7721
14.7765
14.7864
14.803
14.8333
14.8693
14.9481
14.9616
15.192
14.8427
15.8439
14.1511
17.0529
12.1477
14.0168
14.4595
14.6247
14.8753
14.8817
14.9079
14.8805
14.8591
14.8337
14.8138
14.7976
14.7858
14.7776
14.7727
14.7709
14.7722
14.7768
14.7856
14.8002
14.822
14.8568
14.8978
14.9757
14.9936
15.2075
14.8842
15.8567
14.1926
16.0806
12.3188
13.6648
14.2705
14.4304
14.7345
14.776
14.8304
14.8229
14.8151
14.7995
14.7868
14.7764
14.7695
14.7658
14.7651
14.7675
14.7729
14.7819
14.7952
14.8147
14.8415
14.8806
14.926
15.0029
15.0254
15.2248
14.9297
15.8714
14.2416
15.181
12.4633
13.3485
14.0819
14.2343
14.5839
14.6597
14.7427
14.7568
14.7643
14.7601
14.756
14.7523
14.7512
14.7526
14.7567
14.7636
14.7736
14.7872
14.8054
14.8297
14.8616
14.9047
14.9542
15.0301
15.0578
15.2445
14.9793
15.8882
14.2988
14.3502
12.5821
13.0647
13.8975
14.0402
14.4268
14.535
14.6462
14.6829
14.7072
14.7156
14.7212
14.7254
14.7308
14.7379
14.7473
14.7592
14.7742
14.7928
14.816
14.8453
14.8822
14.9293
14.9827
15.0579
15.0915
15.2673
15.0331
15.9075
14.3649
13.5848
12.677
12.8102
13.7196
13.8507
14.2663
14.4043
14.5423
14.6021
14.6441
14.6663
14.6826
14.6955
14.7082
14.7218
14.737
14.7545
14.7747
14.7986
14.8271
14.8615
14.9033
14.9544
15.0117
15.0868
15.1271
15.2935
15.0913
15.9294
14.4405
12.8814
12.7497
12.5817
13.5495
13.6682
14.1053
14.2696
14.4329
14.5155
14.5757
14.6126
14.6406
14.663
14.6837
14.7043
14.7259
14.7493
14.7753
14.8047
14.8387
14.8784
14.9252
14.9802
15.0415
15.1172
15.165
15.3234
15.1541
15.9542
14.5262
12.2367
12.8025
12.3762
13.3879
13.4941
13.946
14.1332
14.3195
14.4242
14.5028
14.5549
14.5953
14.628
14.6574
14.6856
14.714
14.7438
14.7759
14.8112
14.8508
14.8959
14.9478
15.0071
15.0727
15.1496
15.2057
15.3574
15.2217
15.9823
14.6228
11.6475
12.8377
12.1909
13.2349
13.3293
13.7902
13.9969
14.2037
14.3294
14.4262
14.4939
14.5472
14.5907
14.6294
14.6657
14.7015
14.7381
14.7766
14.8181
14.8637
14.9144
14.9715
15.0352
15.1054
15.1844
15.2496
15.3957
15.2942
16.0141
14.7308
11.1107
12.8575
12.0239
13.0903
13.1742
13.6395
13.8623
14.0871
14.2324
14.3468
14.4301
14.4966
14.5515
14.6
14.6449
14.6885
14.7323
14.7776
14.8255
14.8772
14.9338
14.9964
15.0649
15.1402
15.2221
15.297
15.4387
15.372
16.0496
14.8506
10.6232
12.8639
11.8731
12.9537
13.0288
13.4947
13.7307
13.9709
14.1343
14.2655
14.3643
14.4442
14.5107
14.5693
14.6233
14.6751
14.7265
14.7789
14.8335
14.8917
14.9543
15.0227
15.0963
15.1772
15.2629
15.3482
15.4865
15.4552
16.0894
14.9828
10.1819
12.8591
11.737
12.8249
12.8929
13.3567
13.6031
13.8563
14.0361
14.1833
14.297
14.3903
14.4686
14.5378
14.6011
14.6615
14.7207
14.7806
14.8422
14.9071
14.9761
15.0506
15.1298
15.2168
15.3072
15.4033
15.5394
15.5439
16.1335
15.1278
9.78398
12.8448
11.6144
12.7035
12.7664
13.2258
13.4803
13.7443
13.9388
14.1008
14.229
14.3355
14.4258
14.5056
14.5786
14.6478
14.7153
14.7828
14.8518
14.9237
14.9993
15.0803
15.1656
15.2592
15.3552
15.4627
15.5977
15.6383
16.1822
15.2858
9.42657
12.8226
11.5041
12.5893
12.6487
13.1022
13.363
13.6357
13.8432
14.0189
14.1609
14.2803
14.3824
14.4731
14.556
14.6343
14.7102
14.7858
14.8624
14.9415
15.0242
15.112
15.2039
15.3047
15.407
15.5264
15.6613
15.7383
16.2358
15.457
9.10691
12.7939
11.4052
12.4821
12.5396
12.9861
13.2514
13.5312
13.75
13.9383
14.0932
14.2251
14.3391
14.4405
14.5335
14.6211
14.7057
14.7895
14.874
14.9608
15.0508
15.1458
15.2449
15.3534
15.463
15.5946
15.7306
15.8441
16.2943
15.6414
8.8224
12.7599
11.3169
12.3815
12.4385
12.8773
13.146
13.4311
13.6598
13.8595
14.0266
14.1706
14.296
14.4083
14.5113
14.6083
14.702
14.7942
14.8869
14.9816
15.0793
15.1819
15.2886
15.4056
15.523
15.6674
15.8056
15.9555
16.3579
15.8389
8.57052
12.7217
11.2383
12.2875
12.345
12.7757
13.0467
13.3359
13.5731
13.783
13.9615
14.117
14.2536
14.3766
14.4897
14.5963
14.699
14.8
14.9011
15.004
15.1097
15.2205
15.3354
15.4612
15.5874
15.7448
15.8862
16.0724
16.4266
16.0493
8.34889
12.6802
11.1687
12.1999
12.2589
12.6811
12.9536
13.2458
13.4903
13.7093
13.8984
14.0647
14.2122
14.3457
14.4689
14.5852
14.6971
14.807
14.9167
15.0281
15.1423
15.2615
15.3851
15.5204
15.6559
15.8267
15.9724
16.1946
16.5005
16.272
8.15525
12.6362
11.1074
12.1185
12.1797
12.5934
12.8667
13.161
13.4117
13.6388
13.8375
14.0141
14.1721
14.3159
14.4491
14.575
14.6963
14.8153
14.9339
15.054
15.177
15.3051
15.4379
15.5831
15.7286
15.9131
16.0642
16.3217
16.5793
16.5063
7.98746
12.5904
11.0537
12.0431
12.1071
12.5123
12.7859
13.0814
13.3373
13.5717
13.7793
13.9656
14.1335
14.2873
14.4304
14.566
14.6967
14.8249
14.9526
15.0818
15.2138
15.3513
15.4938
15.6494
15.8054
16.0038
16.1612
16.4534
16.6631
16.7514
7.8435
12.5433
11.007
11.9735
12.0407
12.4376
12.7111
13.0072
13.2674
13.5082
13.7239
13.9192
14.0968
14.2603
14.4131
14.5583
14.6984
14.836
14.9729
15.1114
15.2529
15.4
15.5525
15.719
15.8862
16.0986
16.2631
16.5891
16.7515
17.0061
7.7215
12.4954
10.9666
11.9094
11.9802
12.3689
12.642
12.9382
13.2021
13.4484
13.6715
13.8753
14.0619
14.2349
14.3973
14.5519
14.7015
14.8485
14.9949
15.1429
15.294
15.4511
15.6142
15.7918
15.9705
16.1971
16.3697
16.7283
16.8442
17.269
7.61968
12.4472
10.9321
11.8506
11.9253
12.306
12.5785
12.8744
13.1413
13.3924
13.6222
13.8339
14.0292
14.2113
14.383
14.547
14.7061
14.8625
15.0185
15.1761
15.3372
15.5046
15.6785
15.8676
16.0583
16.299
16.4803
16.8704
16.9409
17.5387
7.5364
12.399
10.9028
11.7969
11.8757
12.2487
12.5203
12.8157
13.085
13.3404
13.5763
13.7952
13.9988
14.1896
14.3703
14.5436
14.7121
14.878
15.0436
15.2111
15.3823
15.5603
15.7452
15.946
16.1489
16.4038
16.5944
17.0145
17.0409
17.8134
7.47013
12.3512
10.8784
11.748
11.831
12.1966
12.4673
12.7618
13.033
13.2922
13.5336
13.7593
13.9706
14.1698
14.3593
14.5417
14.7195
14.8949
15.0702
15.2477
15.4292
15.6179
15.8141
16.0268
16.2421
16.511
16.7114
17.1599
17.1437
18.0911
7.41945
12.3039
10.8582
11.7036
11.791
12.1495
12.4192
12.7126
12.9854
13.2478
13.4942
13.7262
13.9448
14.152
14.35
14.5414
14.7283
14.9132
15.0982
15.2857
15.4776
15.6771
15.8848
16.1095
16.3373
16.6199
16.8305
17.3057
17.2487
18.37
7.38306
12.2573
10.8419
11.6635
11.7553
12.1071
12.3757
12.668
12.942
13.2072
13.458
13.6958
13.9213
14.1361
14.3425
14.5425
14.7385
14.9327
15.1275
15.325
15.5274
15.7378
15.9569
16.1936
16.434
16.73
16.9509
17.451
17.3551
18.6478
7.35976
12.2117
10.8291
11.6274
11.7236
12.0691
12.3365
12.6276
12.9026
13.1702
13.4251
13.6683
13.9001
14.1223
14.3365
14.545
14.7499
14.9534
15.1578
15.3653
15.5781
15.7995
16.03
16.2787
16.5314
16.8404
17.0718
17.5948
17.4621
18.9223
7.34841
12.1672
10.8195
11.595
11.6957
12.0352
12.3016
12.5913
12.867
13.1367
13.3952
13.6434
13.8813
14.1103
14.3322
14.5489
14.7625
14.9751
15.1889
15.4064
15.6296
15.8618
16.1037
16.3641
16.6289
16.9504
17.1922
17.7361
17.5689
19.1915
7.34798
12.1238
10.8127
11.5661
11.6714
12.0051
12.2705
12.5589
12.8351
13.1066
13.3684
13.6211
13.8646
14.1002
14.3294
14.554
14.776
14.9975
15.2207
15.448
15.6815
15.9243
16.1774
16.4492
16.7259
17.0593
17.3113
17.8739
17.6747
19.453
7.3578
12.0818
10.8083
11.5404
11.6502
11.9786
12.243
12.53
12.8066
13.0797
13.3444
13.6012
13.85
14.0918
14.328
14.5602
14.7904
15.0206
15.2529
15.4898
15.7333
15.9866
16.2505
16.5334
16.8216
17.1661
17.428
18.0072
17.7786
19.7047
7.37701
12.0407
10.8063
11.5177
11.632
11.9555
12.2189
12.5046
12.7814
13.0558
13.3232
13.5838
13.8375
14.0851
14.3279
14.5674
14.8054
15.044
15.2853
15.5314
15.7847
16.0482
16.3226
16.6161
16.9152
17.2701
17.5415
18.1351
17.8798
19.9448
7.40468
12.001
10.8062
11.4978
11.6166
11.9354
12.1979
12.4823
12.7592
13.0347
13.3044
13.5686
13.8268
14.0798
14.3289
14.5753
14.8209
15.0676
15.3174
15.5726
15.8353
16.1085
16.393
16.6967
17.006
17.3705
17.6508
18.2568
17.9774
20.1713
7.44022
11.9626
10.808
11.4805
11.6036
11.9181
12.1798
12.463
12.7399
13.0163
13.2881
13.5554
13.8178
14.0759
14.3308
14.5838
14.8366
15.0911
15.3491
15.6129
15.8846
16.1672
16.4612
16.7743
17.0932
17.4665
17.7551
18.3713
18.0708
20.3824
7.48309
11.9254
10.8113
11.4655
11.593
11.9035
12.1644
12.4463
12.7232
13.0003
13.274
13.5441
13.8103
14.0731
14.3335
14.5928
14.8524
15.1141
15.38
15.652
15.9323
16.2236
16.5267
16.8486
17.1763
17.5573
17.8537
18.478
18.1591
20.5768
7.53277
11.8895
10.8161
11.4527
11.5845
11.8912
12.1514
12.4321
12.7088
12.9866
13.2619
13.5345
13.8042
14.0713
14.3368
14.6019
14.8679
15.1365
15.4097
15.6895
15.9778
16.2774
16.5887
16.9187
17.2545
17.6423
17.9457
18.5761
18.2418
20.7532
7.58883
11.8546
10.8221
11.4419
11.5779
11.8811
12.1406
12.4202
12.6967
12.9749
13.2515
13.5264
13.7992
14.0704
14.3405
14.6109
14.8829
15.158
15.4381
15.7251
16.0209
16.328
16.647
16.9842
17.3272
17.7209
18.0304
18.6651
18.3185
20.9105
7.6509
11.8209
10.8293
11.4329
11.5731
11.873
12.1319
12.4103
12.6866
12.9651
13.2428
13.5197
13.7953
14.07
14.3444
14.6197
14.8971
15.1782
15.4647
15.7583
16.0609
16.375
16.7008
17.0446
17.3939
17.7924
18.1075
18.7445
18.3885
21.0477
7.71866
11.7882
10.8375
11.4255
11.5698
11.8667
12.125
12.4023
12.6782
12.9569
13.2356
13.5141
13.7921
14.07
14.3483
14.6281
14.9105
15.197
15.4892
15.7889
16.0977
16.4179
16.7499
17.0993
17.454
17.8564
18.1762
18.8139
18.4516
21.1641
7.79186
11.7564
10.8466
11.4197
11.568
11.862
12.1198
12.396
12.6714
12.9502
13.2296
13.5095
13.7896
14.0703
14.352
14.6357
14.9226
15.2139
15.5113
15.8164
16.1308
16.4564
16.7937
17.1479
17.5072
17.9125
18.2364
18.8732
18.5074
21.2593
7.87029
11.7254
10.8566
11.4152
11.5675
11.8588
12.116
12.3912
12.6661
12.9447
13.2246
13.5056
13.7875
14.0705
14.3552
14.6424
14.9332
15.2289
15.5309
15.8407
16.1599
16.4902
16.832
17.1902
17.5531
17.9604
18.2876
18.922
18.5558
21.333
7.95378
11.695
10.8674
11.412
11.5682
11.8569
12.1136
12.3876
12.662
12.9404
13.2205
13.5024
13.7856
14.0706
14.3578
14.648
14.9422
15.2416
15.5475
15.8614
16.1846
16.5189
16.8644
17.2257
17.5915
17.9999
18.3298
18.9603
18.5967
21.385
8.04222
11.6653
10.8789
11.4099
11.5699
11.8562
12.1124
12.3853
12.6589
12.9369
13.2171
13.4995
13.7838
14.0704
14.3596
14.6522
14.9492
15.2517
15.561
15.8783
16.2048
16.5423
16.8906
17.2542
17.622
18.0308
18.3627
18.9881
18.6301
21.4156
8.13552
11.6361
10.891
11.4089
11.5725
11.8565
12.1121
12.3839
12.6568
12.9342
13.2142
13.4969
13.7819
14.0696
14.3604
14.655
14.9542
15.2592
15.5711
15.8911
16.2203
16.5601
16.9106
17.2757
17.6448
18.0531
18.3865
19.0056
18.6562
21.4249
8.23364
11.6071
10.9038
11.4087
11.576
11.8577
12.1128
12.3834
12.6554
12.9321
13.2117
13.4943
13.7797
14.0681
14.36
14.656
14.9569
15.2638
15.5777
15.8996
16.2307
16.5723
16.9241
17.29
17.6596
18.0667
18.4012
19.0129
18.6749
21.4134
8.33656
11.5784
10.9173
11.4093
11.5803
11.8598
12.1142
12.3836
12.6547
12.9305
13.2095
13.4917
13.7771
14.0658
14.3583
14.6552
14.9572
15.2653
15.5805
15.9038
16.2361
16.5786
16.931
17.297
17.6665
18.0719
18.4069
19.0102
18.6867
21.3816
8.4443
11.5497
10.9313
11.4106
11.5852
11.8625
12.1163
12.3844
12.6544
12.9292
13.2073
13.4889
13.7739
14.0625
14.3551
14.6523
14.9549
15.2637
15.5795
15.9034
16.2362
16.579
16.9314
17.2968
17.6656
18.0686
18.4039
18.998
18.6919
21.3301
8.55687
11.5209
10.9459
11.4126
11.5907
11.8658
12.119
12.3857
12.6545
12.928
13.2051
13.4857
13.77
14.058
14.3503
14.6473
14.9499
15.2586
15.5745
15.8984
16.2311
16.5734
16.9252
17.2894
17.657
18.0572
18.3925
18.9765
18.6907
21.2598
8.67432
11.4919
10.961
11.4151
11.5966
11.8696
12.1221
12.3874
12.6548
12.927
13.2027
13.4821
13.7652
14.0523
14.3437
14.6401
14.942
15.2502
15.5655
15.8887
16.2206
16.5619
16.9125
17.275
17.6409
18.0379
18.3729
18.9462
18.6837
21.1716
8.79667
11.4625
10.9767
11.4181
11.603
11.8739
12.1256
12.3894
12.6553
12.9259
13.2
13.4779
13.7595
14.0452
14.3354
14.6305
14.9312
15.2382
15.5523
15.8743
16.2048
16.5445
16.8933
17.2537
17.6175
18.011
18.3457
18.9075
18.6714
21.0664
8.92395
11.4327
10.9929
11.4214
11.6098
11.8785
12.1294
12.3916
12.6559
12.9247
13.197
13.4731
13.7529
14.0367
14.3251
14.6184
14.9174
15.2227
15.535
15.8551
16.1836
16.5213
16.8678
17.2256
17.587
17.9768
18.3113
18.8611
18.6542
20.9453
9.05613
11.4022
11.0095
11.425
11.6168
11.8833
12.1334
12.3939
12.6565
12.9234
13.1936
13.4675
13.7451
14.0267
14.3128
14.6039
14.9006
15.2035
15.5135
15.8312
16.1572
16.4922
16.8361
17.191
17.5498
17.9357
18.27
18.8074
18.6327
20.8096
9.19313
11.3709
11.0266
11.4289
11.624
11.8884
12.1375
12.3963
12.6571
12.9218
13.1898
13.4612
13.7362
14.0152
14.2985
14.5868
14.8807
15.1808
15.4878
15.8025
16.1255
16.4575
16.7983
17.1501
17.5061
17.888
18.2223
18.747
18.6076
20.6606
9.33471
11.3389
11.0441
11.4328
11.6314
11.8936
12.1417
12.3988
12.6576
12.92
13.1854
13.454
13.7261
14.002
14.2822
14.5672
14.8577
15.1543
15.4579
15.7691
16.0886
16.4172
16.7546
17.103
17.4561
17.8341
18.1686
18.6806
18.5794
20.4996
9.48047
11.3061
11.0617
11.4368
11.6388
11.8988
12.146
12.4012
12.6579
12.9179
13.1805
13.4461
13.7149
13.9873
14.2638
14.545
14.8316
15.1243
15.4238
15.7311
16.0466
16.3713
16.7051
17.0499
17.4002
17.7743
18.1095
18.6085
18.5485
20.3283
9.62966
11.2724
11.0794
11.4408
11.6462
11.9041
12.1503
12.4036
12.6581
12.9154
13.1751
13.4373
13.7025
13.9709
14.2433
14.5202
14.8024
15.0906
15.3856
15.6884
15.9996
16.3201
16.6499
16.9911
17.3384
17.7089
18.0451
18.5315
18.5155
20.1484
9.78104
11.2382
11.097
11.4446
11.6535
11.9094
12.1546
12.406
12.6583
12.9128
13.1691
13.4278
13.6889
13.953
14.2208
14.4929
14.7701
15.0533
15.3433
15.6411
15.9475
16.2635
16.5892
16.9265
17.271
17.638
17.9759
18.45
18.4805
19.9621
9.93261
11.2038
11.114
11.4483
11.6607
11.9147
12.1589
12.4084
12.6583
12.9099
13.1628
13.4175
13.6742
13.9336
14.1964
14.4632
14.7349
15.0125
15.297
15.5894
15.8906
16.2016
16.5229
16.8564
17.1981
17.562
17.9019
18.3644
18.4434
19.7716
10.0814
11.1697
11.1303
11.4516
11.6676
11.9198
12.1632
12.4109
12.6583
12.9068
13.1561
13.4065
13.6586
13.9128
14.1701
14.4311
14.6968
14.9684
15.2468
15.5333
15.8288
16.1347
16.4514
16.7809
17.12
17.481
17.8234
18.2752
18.4038
19.5797
10.2227
11.1371
11.1454
11.4545
11.6742
11.925
12.1677
12.4134
12.6585
12.9037
13.1491
13.395
13.642
13.8906
14.1418
14.3965
14.6557
14.9206
15.1924
15.4724
15.7619
16.0621
16.374
16.6995
17.036
17.3944
17.7398
18.1817
18.3593
19.3881
10.3471
11.1101
11.1583
11.4571
11.6807
11.9303
12.1725
12.4164
12.6589
12.9007
13.1418
13.3827
13.624
13.8664
14.1109
14.3584
14.6102
14.8676
15.132
15.4047
15.6873
15.9813
16.2879
16.609
16.9428
17.2989
17.6476
18.0814
18.3015
19.1987
10.4304
11.1056
11.1633
11.4624
11.6872
11.9371
12.1786
12.4208
12.6605
12.8985
13.1349
13.3703
13.6052
13.8406
14.0775
14.317
14.5606
14.8096
15.0656
15.3302
15.6052
15.8924
16.1931
16.5098
16.8407
17.1959
17.5456
17.9815
18.2155
19.0302
)
;

boundaryField
{
    movingWall
    {
        type            zeroGradient;
    }
    Inlet
    {
        type            zeroGradient;
    }
    Outlet
    {
        type            zeroGradient;
    }
    Bottom
    {
        type            zeroGradient;
    }
    frontAndBack
    {
        type            empty;
    }
}


// ************************************************************************* //
