/*--------------------------------*- C++ -*----------------------------------*\
| =========                 |                                                 |
| \\      /  F ield         | OpenFOAM: The Open Source CFD Toolbox           |
|  \\    /   O peration     | Version:  2.4.0                                 |
|   \\  /    A nd           | Web:      www.OpenFOAM.org                      |
|    \\/     M anipulation  |                                                 |
\*---------------------------------------------------------------------------*/
FoamFile
{
    version     2.0;
    format      ascii;
    class       volVectorField;
    location    "0.03";
    object      wallShearStress;
}
// * * * * * * * * * * * * * * * * * * * * * * * * * * * * * * * * * * * * * //

dimensions      [0 2 -2 0 0 0 0];

internalField   uniform (0 0 0);

boundaryField
{
    movingWall
    {
        type            calculated;
        value           nonuniform List<vector> 
90
(
(8.45894 -0.0268262 0)
(8.44689 -0.0590222 5.59615e-20)
(8.20911 -0.0391234 5.02547e-20)
(8.08799 -0.0461625 9.17169e-20)
(7.92521 -0.0457456 -4.06401e-20)
(7.78116 -0.0461739 0)
(7.63842 -0.0450871 -3.06663e-20)
(7.50528 -0.043327 0)
(7.38084 -0.0408859 2.21796e-20)
(7.26676 -0.0380126 0)
(7.16274 -0.0348158 1.41495e-20)
(7.06948 -0.0314113 -1.98159e-20)
(6.98648 -0.0278769 -4.14978e-21)
(6.91422 -0.0243462 0)
(6.85154 -0.0209425 0)
(6.79828 -0.0176652 0)
(6.75369 -0.0146276 0)
(6.71697 -0.0118523 0)
(6.68747 -0.00938953 0)
(6.66419 -0.00729118 0)
(6.64626 -0.0056015 1.5579e-20)
(6.63238 -0.00430281 0)
(6.62218 -0.00340321 -4.69562e-20)
(6.61361 -0.0030157 7.2971e-20)
(6.60785 -0.0028714 2.90672e-20)
(6.59689 -0.00375843 0)
(6.6018 -0.0029506 -1.10835e-19)
(6.55486 -0.00957496 3.87664e-20)
(6.6417 0.0129343 -2.34958e-20)
(6.44296 -0.0306768 2.37967e-20)
(6.43907 0.0285265 -6.17911e-20)
(6.62955 -0.0150483 -2.49118e-20)
(6.53471 0.00705791 5.69378e-20)
(6.57195 0.000137567 6.05119e-20)
(6.55703 0.000436437 0)
(6.55611 -0.00113295 -6.35892e-20)
(6.54796 -0.00181645 0)
(6.54034 -0.00236856 -6.89262e-20)
(6.53184 -0.00266163 0)
(6.52316 -0.00269224 0)
(6.51546 -0.00250955 0)
(6.50839 -0.0021658 0)
(6.50297 -0.00165877 0)
(6.49896 -0.00105256 -4.33957e-20)
(6.497 -0.000351413 4.33337e-20)
(6.497 0.000351574 0)
(6.49896 0.00102262 0)
(6.50271 0.00162752 0)
(6.50813 0.00213296 0)
(6.51493 0.00250401 0)
(6.52289 0.0026842 -1.09045e-19)
(6.53129 0.00262054 0)
(6.53978 0.00232531 -1.17528e-19)
(6.54709 0.00176622 0)
(6.55523 0.00108602 1.26809e-19)
(6.55581 -0.000505628 0)
(6.5707 -0.000201709 1.38683e-19)
(6.53276 -0.00718092 2.34347e-21)
(6.62787 0.0150644 -1.44503e-19)
(6.43698 -0.0286761 0)
(6.4405 0.0305033 2.95486e-19)
(6.63867 -0.0129252 -1.58224e-19)
(6.55194 0.00941347 -2.29679e-21)
(6.59802 0.00288508 1.56653e-19)
(6.59324 0.00368104 0)
(6.60371 0.00278592 -1.61364e-19)
(6.60929 0.00292363 0)
(6.6174 0.00331558 1.6441e-19)
(6.62742 0.00421515 0)
(6.64085 0.00551562 1.67776e-19)
(6.65859 0.0072371 0)
(6.68167 0.00933791 -8.58273e-20)
(6.71096 0.0118036 1.7578e-19)
(6.74746 0.014612 -1.7528e-19)
(6.79206 0.0176538 0)
(6.84507 0.0209362 0)
(6.90773 0.0244053 -1.87476e-19)
(6.98021 0.027944 9.36279e-20)
(7.06316 0.0314881 0)
(7.1566 0.0349353 0)
(7.26079 0.0382367 0)
(7.37587 0.0411607 0)
(7.50077 0.0436296 0)
(7.63495 0.0454822 0)
(7.77878 0.0466905 -2.33716e-19)
(7.92456 0.0464854 4.65336e-19)
(8.09047 0.0471987 0)
(8.2141 0.0407289 7.5514e-19)
(8.46128 0.0624432 -2.56555e-19)
(8.47443 0.0351011 0)
)
;
    }
    Inlet
    {
        type            calculated;
        value           nonuniform List<vector> 
80
(
(0.183617 0.0213129 -8.92432e-22)
(0.213536 0.0316041 -4.98147e-21)
(0.238876 0.0409776 0)
(0.260987 0.0498521 -1.76828e-20)
(0.280675 0.0587615 -1.18272e-18)
(0.298513 0.0679531 1.13361e-18)
(0.314897 0.0776455 -1.74932e-18)
(0.330096 0.0879943 -4.56212e-19)
(0.344295 0.0990916 1.93061e-18)
(0.357587 0.110971 -2.6157e-18)
(0.370037 0.123618 5.56764e-18)
(0.381685 0.136988 -2.87378e-18)
(0.392536 0.151018 7.48251e-18)
(0.402595 0.165632 -7.25795e-18)
(0.411843 0.180752 -0)
(0.420254 0.196305 -1.33558e-19)
(0.42781 0.212207 0)
(0.434458 0.22839 1.59061e-19)
(0.440139 0.244766 0)
(0.444788 0.261219 1.35535e-17)
(0.44832 0.277638 -1.29122e-17)
(0.450629 0.293877 0)
(0.451606 0.309753 -0)
(0.451137 0.325033 -1.74127e-17)
(0.44908 0.339457 1.66537e-17)
(0.445291 0.352728 -0)
(0.439625 0.364473 -2.90273e-19)
(0.431934 0.374274 -3.05463e-19)
(0.422071 0.381671 -0)
(0.409883 0.386156 -0)
(0.395275 0.387165 -3.49381e-19)
(0.37808 0.384045 -3.62988e-19)
(0.358107 0.37614 -0)
(0.335451 0.362736 -3.87583e-19)
(0.309998 0.343056 -2.64218e-17)
(0.281573 0.316342 5.2283e-17)
(0.250348 0.281781 -2.66864e-17)
(0.216381 0.238552 -0)
(0.179613 0.18586 -2.77596e-17)
(0.140274 0.12297 2.67716e-17)
(0.0986527 0.049146 2.63256e-17)
(0.0549217 -0.0362675 -9.69562e-20)
(0.00937238 -0.133816 -2.60154e-17)
(-0.037591 -0.243947 -3.92076e-19)
(-0.0855052 -0.366997 0)
(-0.13408 -0.503171 2.0562e-17)
(-0.182848 -0.652516 -2.08613e-17)
(-0.231175 -0.814932 -2.92546e-19)
(-0.278653 -0.99018 0)
(-0.324756 -1.17786 -1.05331e-17)
(-0.369021 -1.37746 1.03557e-17)
(-0.410979 -1.58832 -1.06405e-19)
(-0.450167 -1.80967 1.16776e-18)
(-0.486261 -2.04067 -6.97873e-18)
(-0.518783 -2.28033 5.85768e-18)
(-0.547437 -2.5276 0)
(-0.572021 -2.78143 0)
(-0.592301 -3.04073 3.57719e-19)
(-0.608118 -3.30441 4.56954e-19)
(-0.619348 -3.5714 5.62212e-19)
(-0.625925 -3.8406 0)
(-0.627812 -4.11099 0)
(-0.625031 -4.38168 0)
(-0.617614 -4.65146 0)
(-0.605642 -4.91953 -1.17242e-18)
(-0.589228 -5.18519 -1.30966e-18)
(-0.568489 -5.44748 -1.45135e-18)
(-0.543572 -5.7058 5.48426e-17)
(-0.514657 -5.95934 -5.41338e-17)
(-0.481929 -6.2076 6.45938e-17)
(-0.445581 -6.45004 5.83633e-18)
(-0.405846 -6.6863 -6.87501e-17)
(-0.362956 -6.91613 3.99549e-17)
(-0.317155 -7.13909 3.11171e-18)
(-0.268729 -7.35525 3.16729e-18)
(-0.218014 -7.56514 -4.18229e-17)
(-0.165233 -7.76918 0)
(-0.110352 -7.96849 0)
(-0.0526905 -8.16461 0)
(-0.0114739 -8.35942 0)
)
;
    }
    Outlet
    {
        type            calculated;
        value           nonuniform List<vector> 
80
(
(0.185087 -0.0214792 1.88817e-19)
(0.21522 -0.0318457 -1.75633e-19)
(0.240734 -0.0412883 6.61036e-19)
(0.26299 -0.0502268 -5.89777e-19)
(0.282796 -0.0591988 0)
(0.300734 -0.0684547 1.47205e-18)
(0.317205 -0.0782139 -1.37628e-18)
(0.332474 -0.088631 2.06382e-18)
(0.346724 -0.099801 -1.94501e-18)
(0.360066 -0.111757 0)
(0.372558 -0.124484 0)
(0.384231 -0.137939 -6.79785e-18)
(0.395099 -0.152054 6.47976e-18)
(0.405164 -0.166756 0)
(0.414412 -0.181966 -1.22364e-19)
(0.422827 -0.197604 0)
(0.430369 -0.213603 -1.4711e-19)
(0.436997 -0.229884 -1.16448e-17)
(0.442653 -0.246347 1.12194e-17)
(0.44727 -0.262888 -1.34585e-17)
(0.450765 -0.279396 1.30003e-17)
(0.45303 -0.29573 -1.5562e-17)
(0.453963 -0.311686 1.48565e-17)
(0.453433 -0.327037 1.75284e-17)
(0.451308 -0.341539 -1.70257e-17)
(0.447451 -0.354872 1.95108e-17)
(0.441706 -0.366671 -1.86902e-17)
(0.433923 -0.376516 0)
(0.423958 -0.38394 0)
(0.411644 -0.388418 -2.26466e-17)
(0.396875 -0.389385 2.27517e-17)
(0.37953 -0.386204 3.65282e-19)
(0.359499 -0.378204 -3.78149e-19)
(0.336613 -0.364645 3.90001e-19)
(0.310873 -0.344767 -4.0061e-19)
(0.282275 -0.317792 -4.09734e-19)
(0.25082 -0.282901 0)
(0.216562 -0.239273 -2.75031e-17)
(0.179506 -0.186103 2.69225e-17)
(0.139935 -0.122657 -2.68756e-17)
(0.097967 -0.0481903 2.75322e-19)
(0.0538891 0.0379364 2.59451e-17)
(0.00810753 0.136268 2.4966e-17)
(-0.0391461 0.24726 -2.48892e-17)
(-0.0874089 0.371224 3.76267e-19)
(-0.136273 0.508329 0)
(-0.185217 0.658623 0)
(-0.233662 0.821972 1.64888e-17)
(-0.281256 0.9981 -1.59458e-17)
(-0.327476 1.18659 0)
(-0.371742 1.38686 7.00978e-18)
(-0.413644 1.59824 -6.89367e-18)
(-0.452716 1.8199 0)
(-0.488608 2.05095 -5.93336e-18)
(-0.52101 2.29044 -5.19612e-18)
(-0.549536 2.53736 1.08644e-17)
(-0.573958 2.79063 0)
(-0.594076 3.04917 -2.83215e-17)
(-0.609707 3.31194 2.82557e-17)
(-0.620757 3.5777 -4.28917e-17)
(-0.62716 3.84557 -7.96751e-18)
(-0.628885 4.11457 7.68758e-17)
(-0.625969 4.38352 -6.09906e-17)
(-0.618447 4.65155 3.22501e-17)
(-0.606399 4.91778 -1.17538e-18)
(-0.589956 5.18152 4.43203e-17)
(-0.569232 5.44207 -4.50274e-17)
(-0.544384 5.69855 -5.49167e-17)
(-0.515602 5.95044 1.13938e-16)
(-0.483051 6.19739 -6.08711e-17)
(-0.446935 6.43878 0)
(-0.407483 6.67426 -3.73786e-17)
(-0.364909 6.90374 -3.04629e-18)
(-0.319458 7.12713 3.94803e-17)
(-0.271402 7.34442 0)
(-0.221046 7.55623 4.50386e-17)
(-0.168581 7.76324 -5.04054e-17)
(-0.113926 7.96665 0)
(-0.0564998 8.16846 -3.39428e-18)
(-0.015503 8.37106 0)
)
;
    }
    Bottom
    {
        type            calculated;
        value           nonuniform List<vector> 
90
(
(0.340055 -4.6971 2.91878e-21)
(-0.114927 0.34771 -6.57524e-19)
(0.229218 -0.240044 1.58764e-18)
(-0.154179 -0.0531181 3.00927e-36)
(0.156822 -0.149439 7.25694e-21)
(0.00968478 -0.0650271 8.18524e-19)
(0.0698879 -0.0711598 -9.0278e-36)
(0.0403628 -0.0457579 9.63905e-37)
(0.0490654 -0.0383934 0)
(0.0417171 -0.0275103 1.20664e-20)
(0.0406342 -0.0204835 -3.97269e-19)
(0.0371539 -0.0140782 -4.14883e-19)
(0.0345708 -0.008955 -4.12528e-19)
(0.0317089 -0.00462164 6.56698e-21)
(0.0289923 -0.00100575 -6.88869e-23)
(0.0262883 0.00202744 -3.70281e-36)
(0.0236053 0.00455317 -7.25367e-21)
(0.0210885 0.00668682 1.79219e-22)
(0.0181323 0.00827869 -4.87466e-19)
(0.017014 0.0102448 7.36723e-21)
(0.00952857 0.00925072 1.68056e-20)
(0.0244058 0.0179463 1.09643e-18)
(-0.0351819 -0.00762683 -1.0106e-18)
(0.146593 0.0799736 -1.54625e-18)
(-0.438016 -0.190533 -8.16458e-20)
(1.39981 0.639505 2.91328e-18)
(-3.83411 -1.61803 -8.32222e-20)
(7.64889 3.0096 6.34905e-19)
(-9.66104 -1.6979 -3.85465e-17)
(10.6696 -1.31379 1.93471e-17)
(10.6696 1.33465 1.83565e-34)
(-9.67187 1.75109 -3.44108e-17)
(7.63937 -2.96822 6.31056e-19)
(-3.85238 1.65937 -4.39897e-20)
(1.38082 -0.601694 6.7096e-18)
(-0.462283 0.226604 -3.87359e-18)
(0.119293 -0.0467487 -9.69247e-18)
(-0.0661754 0.0381225 4.33048e-21)
(-0.00981151 0.00946307 1.82741e-17)
(-0.0279228 0.0148871 4.29539e-18)
(-0.023514 0.010351 -6.69488e-20)
(-0.025399 0.00850156 3.71993e-22)
(-0.0253602 0.00595947 -6.99254e-22)
(-0.0256944 0.00359587 1.01014e-19)
(-0.0257976 0.00119932 -3.3555e-20)
(-0.0258255 -0.00118914 1.06265e-35)
(-0.0257776 -0.003597 5.64237e-36)
(-0.025499 -0.00598374 6.50133e-20)
(-0.0255919 -0.0085616 -4.29189e-18)
(-0.0237628 -0.0104614 4.21648e-18)
(-0.0282229 -0.0150645 -1.30978e-19)
(-0.0101629 -0.00972374 1.31609e-19)
(-0.0666066 -0.0385148 -4.81482e-35)
(0.118975 0.0463037 7.99135e-18)
(-0.46334 -0.227587 5.01658e-18)
(1.3824 0.601712 -1.80307e-18)
(-3.85951 -1.66346 -1.11306e-17)
(7.65415 2.97268 2.40741e-35)
(-9.69233 -1.75274 -4.35216e-17)
(10.6897 -1.37606 1.16531e-17)
(10.6948 1.27476 -9.62965e-35)
(-9.67969 1.70206 -2.95737e-17)
(7.66437 -3.01883 2.40741e-35)
(-3.84043 1.61855 2.66209e-18)
(1.40347 -0.642856 2.33512e-17)
(-0.437485 0.189034 -8.39459e-18)
(0.148025 -0.0815731 -3.83635e-17)
(-0.033971 0.00641565 -1.84828e-17)
(0.0256886 -0.0189623 2.88722e-19)
(0.0107986 -0.0100594 -2.87434e-19)
(0.0182835 -0.0108786 4.81482e-35)
(0.0193943 -0.0087521 8.94904e-18)
(0.0223392 -0.00701323 1.41966e-19)
(0.024842 -0.00474229 -4.5152e-18)
(0.0275079 -0.00208644 1.12636e-18)
(0.0301929 0.00107188 -1.1249e-18)
(0.0328878 0.00480998 1.80556e-35)
(0.0357262 0.00926468 1.40058e-19)
(0.0382818 0.01451 -1.15463e-22)
(0.0417369 0.0210421 8.8795e-18)
(0.0427776 0.0281976 8.76115e-18)
(0.0501185 0.039232 2.83411e-19)
(0.0413056 0.0467263 9.62965e-35)
(0.070957 0.0723745 1.81805e-17)
(0.010295 0.0662841 2.83792e-19)
(0.158366 0.151361 -1.82508e-17)
(-0.154937 0.0544101 -9.62965e-35)
(0.231158 0.242814 -1.50463e-35)
(-0.115586 -0.349355 -5.14202e-18)
(0.342782 4.73505 -2.40076e-18)
)
;
    }
    frontAndBack
    {
        type            empty;
    }
}


// ************************************************************************* //
