/*--------------------------------*- C++ -*----------------------------------*\
| =========                 |                                                 |
| \\      /  F ield         | OpenFOAM: The Open Source CFD Toolbox           |
|  \\    /   O peration     | Version:  2.4.0                                 |
|   \\  /    A nd           | Web:      www.OpenFOAM.org                      |
|    \\/     M anipulation  |                                                 |
\*---------------------------------------------------------------------------*/
FoamFile
{
    version     2.0;
    format      ascii;
    class       volVectorField;
    location    "0";
    object      wallShearStress;
}
// * * * * * * * * * * * * * * * * * * * * * * * * * * * * * * * * * * * * * //

dimensions      [0 2 -2 0 0 0 0];

internalField   uniform (0 0 0);

boundaryField
{
    movingWall
    {
        type            calculated;
        value           nonuniform List<vector> 
90
(
(301.939 0 0)
(314.354 0 0)
(327.608 0 0)
(341.617 0 0)
(356.256 0 0)
(371.345 0 0)
(386.647 0 0)
(401.863 0 0)
(416.629 0 0)
(430.529 0 0)
(443.106 0 0)
(453.895 0 0)
(462.451 0 0)
(468.392 0 0)
(471.437 0 0)
(471.437 0 0)
(468.392 0 0)
(462.451 0 0)
(453.895 0 0)
(443.106 0 0)
(430.529 0 0)
(416.629 0 0)
(401.863 0 0)
(386.647 0 0)
(371.345 0 0)
(356.256 0 0)
(341.617 0 0)
(327.608 0 0)
(314.354 0 0)
(301.939 0 0)
(301.939 0 0)
(314.354 0 0)
(327.608 0 0)
(341.617 0 0)
(356.256 0 0)
(371.345 0 0)
(386.647 0 0)
(401.863 0 0)
(416.629 0 0)
(430.529 0 0)
(443.106 0 0)
(453.895 0 0)
(462.451 0 0)
(468.392 0 0)
(471.437 0 0)
(471.437 0 0)
(468.392 0 0)
(462.451 0 0)
(453.895 0 0)
(443.106 0 0)
(430.529 0 0)
(416.629 0 0)
(401.863 0 0)
(386.647 0 0)
(371.345 0 0)
(356.256 0 0)
(341.617 0 0)
(327.608 0 0)
(314.354 0 0)
(301.939 0 0)
(301.939 0 0)
(314.354 0 0)
(327.608 0 0)
(341.617 0 0)
(356.256 0 0)
(371.345 0 0)
(386.647 0 0)
(401.863 0 0)
(416.629 0 0)
(430.529 0 0)
(443.106 0 0)
(453.895 0 0)
(462.451 0 0)
(468.392 0 0)
(471.437 0 0)
(471.437 0 0)
(468.392 0 0)
(462.451 0 0)
(453.895 0 0)
(443.106 0 0)
(430.529 0 0)
(416.629 0 0)
(401.863 0 0)
(386.647 0 0)
(371.345 0 0)
(356.256 0 0)
(341.617 0 0)
(327.608 0 0)
(314.354 0 0)
(301.939 0 0)
)
;
    }
    Inlet
    {
        type            cyclic;
    }
    Outlet
    {
        type            cyclic;
    }
    Bottom
    {
        type            calculated;
        value           uniform (0 0 0);
    }
    frontAndBack
    {
        type            empty;
    }
}


// ************************************************************************* //
