/*--------------------------------*- C++ -*----------------------------------*\
| =========                 |                                                 |
| \\      /  F ield         | OpenFOAM: The Open Source CFD Toolbox           |
|  \\    /   O peration     | Version:  5.x                                   |
|   \\  /    A nd           | Web:      www.OpenFOAM.org                      |
|    \\/     M anipulation  |                                                 |
\*---------------------------------------------------------------------------*/
FoamFile
{
    version     2.0;
    format      ascii;
    class       volScalarField;
    location    "0.015";
    object      p;
}
// * * * * * * * * * * * * * * * * * * * * * * * * * * * * * * * * * * * * * //

dimensions      [0 2 -2 0 0 0 0];

internalField   nonuniform List<scalar> 
7200
(
-8.69229e-05
0.063623
0.176304
0.187092
0.441526
0.148455
1.13066
-0.773014
3.90128
-6.17611
16.5248
-31.0874
61.591
-86.9846
77.4003
0.00140833
0.0694216
0.183658
0.20555
0.44284
0.212382
1.04618
-0.462852
3.25627
-4.51234
12.94
-23.705
49.7874
-73.7726
71.646
0.00298749
0.0743252
0.191535
0.219812
0.451419
0.252607
1.01589
-0.294316
2.94467
-3.63179
11.0253
-19.4041
42.2625
-64.4196
67.6297
0.00445445
0.0793344
0.19917
0.234125
0.46043
0.289986
0.995668
-0.156628
2.71927
-2.97633
9.66051
-16.268
36.5466
-56.7477
63.9667
0.00590532
0.0846978
0.206928
0.249204
0.470024
0.327369
0.980837
-0.0320022
2.53778
-2.43078
8.57079
-13.7279
31.8171
-50.0119
60.5536
0.00737214
0.0903586
0.214942
0.264817
0.480627
0.36416
0.97201
0.0799717
2.396
-1.98084
7.71533
-11.6916
27.9676
-44.1401
57.4078
0.0088622
0.0962697
0.223247
0.280838
0.492308
0.400292
0.968651
0.181441
2.28639
-1.60663
7.04751
-10.0619
24.8842
-39.066
54.5065
0.0103823
0.102408
0.231872
0.297232
0.505061
0.435949
0.969979
0.27497
2.20145
-1.28797
6.5216
-8.73736
22.4264
-34.6931
51.8218
0.011939
0.108753
0.240835
0.313976
0.518873
0.471289
0.975393
0.362474
2.13584
-1.00969
6.10379
-7.63898
20.4705
-30.9315
49.3303
0.0135378
0.115287
0.250145
0.331051
0.533717
0.506436
0.984432
0.445378
2.08588
-0.760542
5.76936
-6.70738
18.9122
-27.7018
47.0125
0.0151824
0.121993
0.259802
0.348438
0.549558
0.54149
0.99673
0.524791
2.04902
-0.532265
5.49983
-5.89839
17.6631
-24.9327
44.851
0.0168747
0.128853
0.269799
0.366117
0.566352
0.576529
1.01199
0.601582
2.02346
-0.318959
5.28122
-5.18006
16.649
-22.5599
42.8304
0.0186149
0.135849
0.280119
0.384065
0.584045
0.611608
1.02998
0.676429
2.00791
-0.116641
5.10278
-4.53028
15.8091
-20.5257
40.9369
0.0204014
0.142964
0.290741
0.402253
0.602577
0.646761
1.05047
0.749829
2.00127
0.0771605
4.95604
-3.93452
15.0943
-18.7785
39.1582
0.0222306
0.150176
0.301635
0.420645
0.621873
0.681992
1.07326
0.822109
2.00254
0.263739
4.8341
-3.38386
14.4662
-17.2729
37.4831
0.0240974
0.157461
0.312764
0.439197
0.641845
0.717275
1.09811
0.89342
2.01068
0.443514
4.73109
-2.87336
13.8954
-15.9689
35.9017
0.0259948
0.164795
0.324082
0.457853
0.662388
0.752548
1.12474
0.96374
2.02456
0.616219
4.64205
-2.40076
13.3603
-14.832
34.405
0.0279145
0.172147
0.335538
0.476543
0.683378
0.787704
1.15283
1.03288
2.04294
0.781114
4.56261
-1.96532
12.8458
-13.8324
32.9847
0.029846
0.179484
0.347067
0.495184
0.704669
0.822595
1.18201
1.10051
2.06447
0.937209
4.48893
-1.56702
12.3421
-12.9452
31.6337
0.0317778
0.186767
0.358601
0.51368
0.72609
0.857028
1.21182
1.16615
2.08778
1.08338
4.41769
-1.20599
11.8436
-12.1494
30.3453
0.0336963
0.193956
0.370059
0.531918
0.74745
0.890766
1.24178
1.22926
2.11146
1.21848
4.34609
-0.882124
11.3476
-11.428
29.1138
0.0355871
0.201003
0.381354
0.549773
0.768533
0.923533
1.27135
1.28919
2.13415
1.34147
4.27186
-0.594849
10.8539
-10.767
27.9341
0.0374339
0.207859
0.39239
0.567104
0.789107
0.955025
1.29997
1.34529
2.15455
1.45147
4.19327
-0.343029
10.3635
-10.1554
26.8017
0.0392199
0.214471
0.403066
0.583762
0.808927
0.984918
1.32707
1.39691
2.17152
1.54784
4.10914
-0.124978
9.87866
-9.58487
25.7126
0.0409272
0.220783
0.413276
0.599591
0.827737
1.01288
1.3521
1.44345
2.18404
1.63018
4.01877
0.0614702
9.40174
-9.04884
24.6635
0.0425373
0.226738
0.422912
0.614429
0.845281
1.03857
1.37452
1.48437
2.19131
1.69838
3.92193
0.218847
8.9353
-8.54257
23.6515
0.0440318
0.232278
0.431865
0.628117
0.861311
1.06168
1.39387
1.51923
2.19272
1.75259
3.81879
0.34992
8.48167
-8.0626
22.6742
0.0453923
0.237345
0.440029
0.640499
0.875589
1.08192
1.40971
1.5477
2.18786
1.7932
3.70983
0.45756
8.04284
-7.60654
21.7295
0.046601
0.241886
0.447301
0.651429
0.887899
1.09903
1.42172
1.56957
2.17654
1.82082
3.59578
0.544618
7.62033
-7.17271
20.8158
0.0476411
0.245849
0.453587
0.660774
0.898048
1.11282
1.42963
1.58474
2.15875
1.83627
3.47754
0.613828
7.21522
-6.76003
19.9316
0.0484973
0.249187
0.458804
0.668419
0.905878
1.12311
1.43328
1.59324
2.13462
1.84047
3.35611
0.667733
6.82813
-6.36774
19.0759
0.0491559
0.25186
0.462878
0.674267
0.911263
1.12981
1.43257
1.59521
2.10446
1.83446
3.23252
0.708627
6.45926
-5.99531
18.2477
0.0496052
0.253833
0.46575
0.678247
0.914117
1.13287
1.42751
1.59089
2.06868
1.81932
3.10776
0.738536
6.1085
-5.64231
17.4464
0.049836
0.25508
0.467376
0.68031
0.91439
1.1323
1.41818
1.58062
2.02776
1.79615
2.98278
0.759208
5.77547
-5.30834
16.6714
0.0498416
0.255583
0.467729
0.680433
0.912072
1.12816
1.4047
1.56477
1.98226
1.76605
2.85842
0.772125
5.45956
-4.99299
15.9221
0.0496178
0.255334
0.466796
0.678618
0.907192
1.12055
1.3873
1.54381
1.93277
1.73004
2.73542
0.778524
5.16009
-4.69576
15.1983
0.0491632
0.254332
0.464581
0.674893
0.899811
1.10964
1.36622
1.51822
1.87988
1.68911
2.6144
0.779428
4.87625
-4.41613
14.4994
0.0484792
0.252587
0.461105
0.669307
0.890024
1.0956
1.34176
1.4885
1.8242
1.64417
2.49586
0.775678
4.60723
-4.15344
13.8253
0.0475696
0.250114
0.456404
0.661932
0.877952
1.07866
1.31424
1.45516
1.7663
1.59602
2.38019
0.767968
4.35223
-3.90703
13.1756
0.0464409
0.246938
0.450526
0.652859
0.863741
1.05906
1.28399
1.41872
1.70671
1.54541
2.26769
0.756875
4.11048
-3.67613
12.5498
0.0451018
0.243094
0.443532
0.642194
0.847557
1.03706
1.25136
1.37966
1.64595
1.49298
2.15858
0.742887
3.88124
-3.45996
11.9477
0.0435633
0.238618
0.435496
0.63006
0.829581
1.01292
1.21672
1.33847
1.58448
1.43931
2.05299
0.726428
3.66385
-3.25769
11.3688
0.0418381
0.233556
0.426497
0.616588
0.810004
0.986938
1.18039
1.29559
1.52272
1.38489
1.95102
0.707873
3.45769
-3.06849
10.8126
0.0399404
0.227956
0.416626
0.601918
0.789026
0.959375
1.14271
1.25145
1.46103
1.33014
1.85273
0.687563
3.26218
-2.89152
10.2788
0.0378859
0.221873
0.405976
0.586198
0.766848
0.930508
1.10402
1.20643
1.39976
1.27545
1.75812
0.665814
3.07681
-2.72597
9.76657
0.0356913
0.215363
0.394648
0.569577
0.743674
0.900604
1.06462
1.1609
1.33919
1.22113
1.66719
0.642923
2.90109
-2.57103
9.27548
0.0333741
0.208482
0.38274
0.552206
0.719704
0.869922
1.02479
1.11517
1.27959
1.16747
1.57993
0.61917
2.7346
-2.42592
8.80485
0.0309522
0.201291
0.370357
0.534235
0.695137
0.838707
0.9848
1.06955
1.22118
1.11471
1.49631
0.594821
2.57689
-2.28988
8.35401
0.0284441
0.19385
0.357601
0.515814
0.670161
0.807192
0.94491
1.0243
1.16416
1.06305
1.41629
0.570127
2.42759
-2.16222
7.92223
0.0258681
0.186218
0.344573
0.497086
0.644961
0.775599
0.905344
0.97966
1.10869
1.01269
1.33983
0.545324
2.28631
-2.04224
7.50877
0.0232426
0.178455
0.331372
0.478192
0.619711
0.744133
0.866315
0.935855
1.05492
0.963784
1.26689
0.520632
2.15268
-1.92932
7.11286
0.0205857
0.170618
0.318094
0.459266
0.594576
0.712985
0.828015
0.893074
1.00299
0.916471
1.19743
0.496253
2.02635
-1.82284
6.73371
0.0179153
0.162764
0.304833
0.440436
0.569713
0.682333
0.790621
0.851491
0.953011
0.870877
1.1314
0.472373
1.90698
-1.72223
6.37053
0.0152487
0.154946
0.291679
0.421824
0.545267
0.652343
0.754291
0.81126
0.905071
0.827109
1.06875
0.44916
1.79423
-1.62698
6.0225
0.0126025
0.147217
0.278715
0.403546
0.521376
0.623164
0.719171
0.772519
0.859257
0.785261
1.00944
0.426767
1.68777
-1.53656
5.68884
0.00999312
0.139627
0.266023
0.385709
0.498166
0.594936
0.685392
0.735391
0.815642
0.745416
0.953421
0.405328
1.5873
-1.45053
5.36873
0.00743594
0.132223
0.25368
0.368415
0.475756
0.567787
0.653073
0.699988
0.774291
0.707647
0.900639
0.384965
1.49251
-1.36845
5.06139
0.0049459
0.125051
0.241757
0.35176
0.454255
0.541834
0.622322
0.666408
0.73526
0.672019
0.85105
0.365787
1.40311
-1.28991
4.76607
0.00253721
0.118152
0.230323
0.335832
0.433766
0.517185
0.593239
0.634741
0.6986
0.638589
0.80461
0.347891
1.31883
-1.21454
4.48201
0.00022342
0.111567
0.21944
0.320714
0.414382
0.49394
0.565913
0.605071
0.664356
0.607411
0.761278
0.331364
1.23941
-1.14198
4.20852
-0.00198257
0.105333
0.20917
0.306484
0.396192
0.47219
0.54043
0.577472
0.632573
0.578534
0.721019
0.316288
1.16461
-1.07193
3.94492
-0.0040685
0.0994866
0.199567
0.293213
0.379278
0.452022
0.516866
0.552017
0.603293
0.552007
0.683804
0.30274
1.09421
-1.00409
3.69061
-0.00602269
0.0940609
0.190684
0.28097
0.363715
0.433515
0.495295
0.528773
0.576558
0.52788
0.649611
0.290792
1.02804
-0.938186
3.445
-0.00783408
0.0890872
0.18257
0.269819
0.349576
0.416746
0.475788
0.507807
0.552414
0.506203
0.61843
0.280519
0.965921
-0.873986
3.20761
-0.00949213
0.0845952
0.175272
0.259817
0.336928
0.401786
0.458414
0.489186
0.530906
0.487032
0.590262
0.271997
0.907732
-0.811275
2.97802
-0.0109869
0.0806127
0.168833
0.251023
0.325836
0.388705
0.443238
0.472974
0.512087
0.470425
0.565122
0.265304
0.853376
-0.74987
2.75588
-0.0123088
0.0771658
0.163294
0.243489
0.316362
0.377568
0.430328
0.459239
0.496014
0.456451
0.543038
0.260527
0.802796
-0.689615
2.54097
-0.013449
0.074279
0.158694
0.237265
0.308562
0.368441
0.419748
0.448052
0.482749
0.445185
0.524056
0.25776
0.755977
-0.630385
2.33319
-0.0143991
0.0719753
0.155068
0.232398
0.302494
0.361387
0.411566
0.439485
0.472362
0.436709
0.508238
0.257105
0.712952
-0.57209
2.13255
-0.0151511
0.0702759
0.15245
0.228934
0.298211
0.356467
0.405848
0.433612
0.464928
0.431117
0.495666
0.258678
0.6738
-0.514675
1.93926
-0.0156977
0.0692006
0.150871
0.226913
0.295765
0.353742
0.402662
0.430514
0.460531
0.428513
0.486438
0.262605
0.638656
-0.458126
1.75371
-0.0160323
0.0687672
0.15036
0.226375
0.295202
0.35327
0.402074
0.430269
0.45926
0.429009
0.48067
0.269029
0.607707
-0.402478
1.57652
-0.0161489
0.0689919
0.150942
0.227356
0.29657
0.355107
0.404153
0.432962
0.461209
0.432728
0.478495
0.278102
0.581199
-0.347823
1.4086
-0.0160421
0.0698888
0.152641
0.229888
0.299909
0.359308
0.408964
0.438677
0.466478
0.439801
0.480065
0.289997
0.559438
-0.294321
1.25117
-0.0157075
0.07147
0.155478
0.233999
0.30526
0.365923
0.416571
0.447498
0.475171
0.450367
0.485544
0.304895
0.542797
-0.242239
1.10588
-0.0151428
0.0737413
0.15946
0.239706
0.312643
0.374985
0.42702
0.459491
0.48737
0.464547
0.495086
0.322965
0.531695
-0.191993
0.974816
-0.0143484
0.0766997
0.164585
0.247003
0.322056
0.386498
0.440321
0.474686
0.503118
0.482432
0.508795
0.344384
0.526504
-0.144035
0.860473
-0.0133068
0.0804016
0.170948
0.256028
0.333678
0.400686
0.456741
0.49341
0.522766
0.504481
0.527082
0.369794
0.527799
-0.0985242
0.765899
-0.0119536
0.0850636
0.178919
0.267307
0.348197
0.418394
0.477292
0.5168
0.547661
0.531981
0.551768
0.40003
0.53888
-0.0582899
0.698354
-0.0105816
0.0897536
0.186951
0.278701
0.362951
0.436441
0.498522
0.540809
0.574299
0.559692
0.581422
0.426167
0.566358
-0.0418475
0.673405
-77.519
86.8715
-61.7022
30.9725
-16.6353
6.06359
-4.0119
0.661536
-1.24157
-0.25957
-0.552399
-0.297863
-0.286789
-0.173718
-0.109559
-0.0191373
0.045021
0.158111
0.169167
0.423777
0.130815
1.11306
-0.790623
3.88372
-6.19334
16.5085
-31.1022
61.5782
-86.9943
77.3948
-71.7656
73.6581
-49.8987
23.59
-13.0509
4.39981
-3.36707
0.351378
-1.15714
-0.323517
-0.553754
-0.316363
-0.294203
-0.179622
-0.111296
-0.0174012
0.0509245
0.165525
0.187667
0.425124
0.194765
1.02859
-0.480424
3.23881
-4.52932
12.9241
-23.7192
49.7754
-73.7815
71.6412
-67.7501
64.3038
-42.3741
19.289
-11.1366
3.51914
-3.05565
0.182793
-1.12692
-0.363782
-0.562385
-0.330683
-0.30216
-0.184662
-0.113125
-0.0155707
0.0559657
0.173482
0.201987
0.433749
0.235027
0.998344
-0.311817
2.92739
-3.64845
11.0099
-19.4176
42.2514
-64.4276
67.6254
-64.0876
56.6306
-36.6587
16.1527
-9.77215
2.86349
-2.83043
0.0450205
-1.10677
-0.401216
-0.571459
-0.345067
-0.30989
-0.189825
-0.114829
-0.0138613
0.0611333
0.181215
0.216374
0.44282
0.272459
0.978188
-0.174015
2.70221
-2.99259
9.64569
-16.2808
36.5364
-56.755
63.9626
-60.675
49.8936
-31.9297
13.6123
-8.6828
2.31773
-2.64917
-0.0797238
-1.09204
-0.438674
-0.581133
-0.360233
-0.317757
-0.195351
-0.116489
-0.0121941
0.0666656
0.189089
0.231545
0.452494
0.309921
0.963456
-0.0492229
2.52102
-2.44658
8.55659
-13.7399
31.8076
-50.0185
60.5498
-57.5296
44.0207
-28.081
11.5758
-7.8277
1.86753
-2.50762
-0.19185
-1.08334
-0.47556
-0.59183
-0.375945
-0.325893
-0.201174
-0.118144
-0.0105296
0.0724994
0.197234
0.247267
0.463197
0.346817
0.954768
0.0629718
2.37958
-1.99613
7.70178
-11.7029
27.9588
-44.1462
57.4042
-54.6288
38.9457
-24.9982
9.9457
-7.16024
1.49304
-2.39827
-0.293504
-1.08013
-0.511807
-0.603621
-0.39208
-0.334331
-0.207248
-0.119809
-0.00885107
0.0785868
0.205685
0.263414
0.475
0.383084
0.951589
0.164715
2.27039
-1.62136
7.03462
-10.0725
24.8761
-39.0716
54.5032
-51.9443
34.5719
-22.5411
8.62081
-6.63469
1.17408
-2.31362
-0.387245
-1.08163
-0.5476
-0.616501
-0.408601
-0.343098
-0.213551
-0.121499
-0.00714445
0.0849057
0.214468
0.279953
0.487898
0.418906
0.95314
0.258567
2.1859
-1.30213
6.50936
-8.74733
22.4188
-34.6983
51.8186
-49.4532
30.8095
-20.5859
7.522
-6.21724
0.895475
-2.24831
-0.474986
-1.08724
-0.583098
-0.630456
-0.425487
-0.352214
-0.220064
-0.123226
-0.00539801
0.0914387
0.223605
0.296861
0.501878
0.454446
0.958819
0.346439
2.12078
-1.02325
6.09218
-7.64834
20.4635
-30.9363
49.3273
-47.1357
27.5791
-19.0282
6.58993
-5.88319
0.645993
-2.19865
-0.558148
-1.09649
-0.618424
-0.645461
-0.442717
-0.361687
-0.22677
-0.124998
-0.00360294
0.0981691
0.233103
0.31412
0.516918
0.489825
0.968161
0.429748
2.07133
-0.773516
5.75836
-6.71618
18.9056
-27.7063
47.0097
-44.9745
24.8094
-17.7797
5.78043
-5.61405
0.417368
-2.16211
-0.637836
-1.10903
-0.653676
-0.66148
-0.460273
-0.371518
-0.233654
-0.12682
-0.00175315
0.105081
0.242963
0.331711
0.532981
0.525144
0.980798
0.509596
2.035
-0.544656
5.48941
-5.90667
17.6569
-24.9369
44.8483
-42.9543
22.4361
-16.7662
5.06157
-5.39584
0.203703
-2.13688
-0.714918
-1.12455
-0.68893
-0.678468
-0.478135
-0.381697
-0.240699
-0.128697
0.00015497
0.112159
0.253178
0.349615
0.550022
0.560478
0.996431
0.586846
2.00998
-0.330784
5.27135
-5.18786
16.6432
-22.5639
42.8278
-41.0611
20.4014
-15.9268
4.41126
-5.2178
0.00101559
-2.12166
-0.790066
-1.1428
-0.724242
-0.696372
-0.496279
-0.392211
-0.247888
-0.130628
0.00212274
0.119387
0.263734
0.367808
0.567989
0.59588
1.01481
0.662167
1.99496
-0.127919
5.09342
-4.53764
15.8037
-20.5295
40.9344
-39.2828
18.6538
-15.2125
3.81496
-5.07147
-0.193164
-2.11536
-0.863778
-1.16358
-0.759642
-0.715127
-0.514676
-0.403036
-0.255203
-0.132613
0.00414931
0.126746
0.274607
0.386263
0.586817
0.631381
1.03572
0.736051
1.98884
0.0664077
4.94716
-3.94147
15.0892
-18.7821
39.1557
-37.6081
17.1478
-14.5849
3.26378
-4.94995
-0.380125
-2.11698
-0.936375
-1.18665
-0.795133
-0.734659
-0.533289
-0.414143
-0.262624
-0.134647
0.00623172
0.134216
0.285769
0.404941
0.606432
0.666983
1.05894
0.808818
1.99063
0.253487
4.82567
-3.39045
14.4614
-17.2763
37.4808
-36.0271
15.8434
-14.0145
2.75275
-4.84736
-0.560288
-2.12547
-1.00801
-1.2118
-0.830686
-0.754878
-0.552071
-0.425493
-0.270125
-0.136726
0.00836502
0.141775
0.297182
0.423797
0.626742
0.702654
1.08423
0.880614
1.99927
0.433737
4.72308
-2.8796
13.8908
-15.9722
35.8994
-34.5308
14.706
-13.4798
2.27965
-4.75874
-0.733382
-2.1397
-1.07866
-1.23873
-0.866236
-0.775677
-0.570965
-0.43704
-0.277681
-0.138842
0.0105423
0.149395
0.3088
0.442774
0.647641
0.738328
1.11131
0.951414
2.01362
0.606893
4.63443
-2.40669
13.3559
-14.8351
34.4027
-33.111
13.7061
-12.9657
1.84372
-4.67971
-0.898668
-2.15843
-1.14813
-1.26713
-0.901675
-0.79693
-0.5899
-0.44873
-0.28526
-0.140985
0.0127548
0.157047
0.320568
0.4618
0.669002
0.773896
1.13985
1.02103
2.03247
0.772214
4.55536
-1.97096
12.8416
-13.8355
32.9825
-31.7603
12.8185
-12.4624
1.44495
-4.60645
-1.05515
-2.18033
-1.21608
-1.29662
-0.936853
-0.818488
-0.608792
-0.460498
-0.292828
-0.143143
0.0149917
0.164696
0.332425
0.480792
0.690675
0.809206
1.16948
1.08912
2.05445
0.928713
4.48202
-1.5724
12.3381
-12.9482
31.6315
-30.4724
12.0223
-11.9643
1.08346
-4.53562
-1.20171
-2.20399
-1.28205
-1.32674
-0.971573
-0.840179
-0.627541
-0.472273
-0.300346
-0.145305
0.0172407
0.172305
0.344298
0.49965
0.712488
0.844062
1.19974
1.1552
2.07818
1.07527
4.4111
-1.21113
11.8397
-12.1523
30.3432
-29.2413
11.3003
-11.4687
0.759142
-4.46442
-1.33719
-2.22802
-1.34548
-1.357
-1.0056
-0.861808
-0.646034
-0.483974
-0.307768
-0.147453
0.0194875
0.179829
0.356106
0.518259
0.734245
0.878222
1.23013
1.21874
2.10227
1.21072
4.33979
-0.887049
11.3439
-11.4308
29.1117
-28.062
10.6389
-10.9754
0.471422
-4.3906
-1.46055
-2.25105
-1.40572
-1.38688
-1.03865
-0.883159
-0.66414
-0.495509
-0.315048
-0.149573
0.0217165
0.187221
0.36776
0.536492
0.75573
0.911411
1.26014
1.27909
2.12534
1.33405
4.26583
-0.599576
10.8503
-10.7697
27.932
-26.93
10.0269
-10.4855
0.219162
-4.31242
-1.57092
-2.2718
-1.46214
-1.4158
-1.07042
-0.903996
-0.681719
-0.506782
-0.322134
-0.151645
0.0239105
0.194431
0.379162
0.554208
0.776708
0.943321
1.28918
1.33559
2.14612
1.44437
4.1875
-0.347576
10.36
-10.1581
26.7996
-25.8413
9.45582
-10.0011
0.000673093
-4.22869
-1.66765
-2.2891
-1.51407
-1.44319
-1.10058
-0.924071
-0.698619
-0.51769
-0.328969
-0.15365
0.0260513
0.201404
0.390211
0.571254
0.796931
0.973627
1.31669
1.38761
2.16343
1.54103
4.1036
-0.129362
9.87525
-9.58753
25.7106
-24.7926
8.91932
-9.52462
-0.186212
-4.13874
-1.75035
-2.30195
-1.56091
-1.46849
-1.1288
-0.943128
-0.714681
-0.528123
-0.335496
-0.155569
0.0281197
0.208082
0.400798
0.587472
0.816142
1.00199
1.34211
1.43452
2.17628
1.62365
4.01345
0.0572332
9.39841
-9.05146
24.6615
-23.7809
8.41258
-9.05865
-0.344027
-4.04231
-1.81891
-2.30955
-1.60212
-1.49119
-1.15474
-0.960909
-0.729741
-0.537971
-0.341655
-0.15738
0.0300959
0.214408
0.410813
0.6027
0.834084
1.02808
1.36492
1.4758
2.18387
1.69212
3.91681
0.214744
8.93205
-8.54516
23.6495
-22.8039
7.93216
-8.60549
-0.475539
-3.93959
-1.87347
-2.31128
-1.63726
-1.51079
-1.17809
-0.977162
-0.743639
-0.547123
-0.347387
-0.159063
0.03196
0.220321
0.420146
0.616776
0.850506
1.05158
1.38463
1.511
2.18558
1.74657
3.81385
0.345938
8.47849
-8.06516
22.6722
-21.8595
7.47565
-8.16712
-0.583616
-3.83105
-1.91443
-2.30674
-1.66601
-1.52689
-1.19855
-0.991649
-0.756215
-0.55547
-0.352631
-0.160597
0.0336924
0.225763
0.428689
0.629542
0.86517
1.0722
1.40084
1.5398
2.18101
1.78741
3.70506
0.453688
8.03971
-7.60906
21.7275
-20.946
7.0414
-7.74508
-0.671108
-3.71742
-1.94241
-2.29574
-1.68814
-1.53913
-1.21588
-1.00415
-0.767323
-0.56291
-0.357332
-0.161963
0.0352738
0.230679
0.436339
0.640853
0.877858
1.08968
1.41319
1.56198
2.16996
1.81525
3.59116
0.540847
7.61726
-7.17522
20.8138
-20.062
6.62832
-7.34042
-0.740748
-3.59961
-1.95821
-2.27825
-1.70356
-1.54727
-1.22986
-1.01448
-0.776828
-0.569345
-0.361436
-0.163141
0.0366863
0.235015
0.443001
0.650573
0.888378
1.10382
1.42144
1.57744
2.15241
1.83089
3.47307
0.61015
7.2122
-6.76251
19.9296
-19.2065
6.23566
-6.95377
-0.795073
-3.47861
-1.96276
-2.25443
-1.7123
-1.55113
-1.24033
-1.02247
-0.784613
-0.574691
-0.364895
-0.164115
0.0379131
0.238723
0.448589
0.658587
0.896569
1.11446
1.42541
1.58623
2.12853
1.83528
3.35178
0.664139
6.82515
-6.3702
19.0739
-18.3785
5.86288
-6.58532
-0.836375
-3.35543
-1.95709
-2.22458
-1.71452
-1.55062
-1.2472
-1.02799
-0.790583
-0.578873
-0.367667
-0.16487
0.0389395
0.241763
0.453028
0.664797
0.902307
1.1215
1.42501
1.58847
2.09859
1.82944
3.2283
0.705111
6.45633
-5.99774
18.2457
-17.5774
5.50957
-6.23497
-0.866678
-3.23109
-1.94229
-2.18909
-1.71043
-1.54575
-1.25041
-1.03097
-0.794664
-0.581832
-0.369718
-0.165393
0.0397527
0.244098
0.45626
0.66913
0.905502
1.12488
1.42024
1.58441
2.06302
1.81447
3.10366
0.735094
6.10562
-5.64472
17.4444
-16.8025
5.17532
-5.90231
-0.887726
-3.10652
-1.91945
-2.14846
-1.70038
-1.53659
-1.24997
-1.03134
-0.796807
-0.583523
-0.37102
-0.165675
0.0403425
0.245702
0.458239
0.671539
0.906107
1.12462
1.41119
1.57438
2.0223
1.79146
2.97879
0.755835
5.77262
-5.31073
16.6694
-16.0533
4.85971
-5.58675
-0.900996
-2.98255
-1.88967
-2.10325
-1.68475
-1.52328
-1.24595
-1.02911
-0.796991
-0.583919
-0.371556
-0.165708
0.0407012
0.246556
0.458937
0.671998
0.904111
1.12078
1.39798
1.55877
1.97699
1.7615
2.85453
0.768817
5.45675
-4.99535
15.9202
-15.3296
4.56227
-5.2876
-0.907725
-2.85993
-1.85398
-2.05403
-1.664
-1.50604
-1.23845
-1.0243
-0.795218
-0.583008
-0.371317
-0.165489
0.0408239
0.24665
0.458341
0.67051
0.899542
1.11346
1.38084
1.53803
1.92768
1.72563
2.73163
0.775278
5.15731
-4.69811
15.1963
-14.6308
4.28245
-5.00405
-0.908931
-2.73927
-1.81336
-2.00142
-1.6386
-1.48511
-1.22762
-1.01698
-0.791516
-0.580796
-0.370304
-0.165018
0.0407084
0.245983
0.456454
0.667102
0.892461
1.10282
1.36001
1.51265
1.87497
1.68483
2.6107
0.776241
4.87351
-4.41845
14.4975
-13.9567
4.01962
-4.73529
-0.905454
-2.62106
-1.7687
-1.946
-1.60907
-1.46078
-1.21367
-1.00723
-0.785937
-0.577304
-0.368527
-0.164297
0.0403554
0.244564
0.453298
0.661823
0.882963
1.08905
1.33578
1.48313
1.81945
1.64001
2.49224
0.772548
4.60453
-4.15575
13.8234
-13.307
3.77308
-4.48053
-0.897987
-2.50571
-1.72082
-1.88834
-1.57591
-1.43338
-1.1968
-0.995184
-0.778554
-0.57257
-0.366006
-0.163332
0.0397683
0.242409
0.448906
0.654745
0.871169
1.07236
1.30848
1.44998
1.7617
1.59198
2.37666
0.764894
4.34957
-3.90931
13.1736
-12.6812
3.5421
-4.23898
-0.887104
-2.39349
-1.67046
-1.82899
-1.53964
-1.40325
-1.17726
-0.980989
-0.769459
-0.566644
-0.362766
-0.162131
0.0389531
0.239543
0.443328
0.645958
0.857227
1.053
1.27845
1.41372
1.70226
1.54148
2.26424
0.753855
4.10785
-3.67838
12.5479
-12.0791
3.32587
-4.00991
-0.873295
-2.28464
-1.61826
-1.76845
-1.50075
-1.37074
-1.15531
-0.964812
-0.758762
-0.55959
-0.358843
-0.160706
0.0379182
0.235997
0.436624
0.63557
0.8413
1.03124
1.24603
1.37484
1.64164
1.48916
2.1552
0.739921
3.87865
-3.46219
11.9458
-11.5001
3.12357
-3.79265
-0.856982
-2.17929
-1.5648
-1.70719
-1.4597
-1.33619
-1.13122
-0.946834
-0.746586
-0.551484
-0.354279
-0.159071
0.0366742
0.23181
0.428867
0.623701
0.823571
1.00733
1.21157
1.33381
1.5803
1.43558
2.04969
0.723514
3.6613
-3.25989
11.3669
-10.9439
2.93439
-3.58659
-0.838539
-2.07752
-1.51056
-1.64561
-1.41696
-1.29996
-1.10527
-0.92725
-0.733066
-0.542409
-0.349121
-0.157241
0.0352336
0.227027
0.420138
0.610484
0.80423
0.981554
1.17543
1.29109
1.51866
1.38126
1.94779
0.705011
3.45517
-3.07067
10.8108
-10.41
2.75747
-3.39116
-0.818307
-1.9794
-1.45597
-1.58409
-1.37295
-1.26237
-1.07774
-0.90626
-0.718346
-0.532458
-0.343422
-0.155234
0.0336105
0.221697
0.410527
0.59606
0.783478
0.954194
1.13794
1.2471
1.45709
1.3266
1.84957
0.684752
3.2597
-2.89368
10.2769
-9.89766
2.59199
-3.20584
-0.796604
-1.88493
-1.40141
-1.52297
-1.32804
-1.22376
-1.0489
-0.88407
-0.702574
-0.521727
-0.337238
-0.153069
0.0318205
0.215873
0.400126
0.580575
0.761517
0.925522
1.09941
1.20222
1.39594
1.272
1.75502
0.663054
3.07436
-2.7281
9.76474
-9.40644
2.43715
-3.03014
-0.773725
-1.79412
-1.3472
-1.46253
-1.28261
-1.18442
-1.01903
-0.860883
-0.685903
-0.51032
-0.330629
-0.150767
0.0298803
0.209612
0.389037
0.564179
0.738551
0.895804
1.06017
1.15682
1.33548
1.21777
1.66417
0.640212
2.89869
-2.57313
9.27367
-8.93566
2.29217
-2.86363
-0.749953
-1.70694
-1.29362
-1.40304
-1.23697
-1.14466
-0.988373
-0.836904
-0.668486
-0.498339
-0.323656
-0.148349
0.0278072
0.20297
0.377359
0.547024
0.714779
0.865299
1.02049
1.11122
1.27599
1.16419
1.57697
0.616508
2.73223
-2.42799
8.80306
-8.48465
2.1563
-2.70588
-0.725553
-1.62336
-1.24091
-1.34472
-1.19142
-1.10473
-0.957184
-0.81233
-0.650477
-0.485892
-0.316382
-0.145835
0.0256195
0.196008
0.365195
0.529259
0.690401
0.834252
0.980655
1.06572
1.21768
1.11151
1.49341
0.592208
2.57456
-2.29193
8.35223
-8.05268
2.02883
-2.55651
-0.700778
-1.54336
-1.18929
-1.28777
-1.14623
-1.0649
-0.925697
-0.787353
-0.632025
-0.473082
-0.308871
-0.143249
0.0233354
0.188786
0.352649
0.511035
0.665606
0.802899
0.940905
1.02059
1.16075
1.05994
1.41345
0.567562
2.42529
-2.16424
7.92046
-7.63901
1.90907
-2.41513
-0.675864
-1.4669
-1.13893
-1.23235
-1.10165
-1.02538
-0.894133
-0.76216
-0.613279
-0.460014
-0.301185
-0.140611
0.0209737
0.181363
0.339821
0.492495
0.640578
0.77146
0.901473
0.976068
1.10537
1.00965
1.33705
0.542806
2.28405
-2.04424
7.50702
-7.24288
1.7964
-2.28138
-0.651033
-1.39393
-1.09
-1.17863
-1.05788
-0.986401
-0.862698
-0.736925
-0.594379
-0.44679
-0.293385
-0.137943
0.0185527
0.1738
0.326811
0.473779
0.615491
0.74014
0.862571
0.932371
1.0517
0.960817
1.26417
0.518159
2.15045
-1.93129
7.11112
-6.86349
1.69019
-2.15491
-0.626487
-1.32441
-1.04265
-1.12671
-1.01513
-0.948144
-0.831587
-0.711816
-0.575463
-0.433509
-0.285534
-0.135266
0.0160909
0.166153
0.313715
0.455023
0.590512
0.709131
0.824393
0.889694
0.999858
0.913575
1.19477
0.493825
2.02416
-1.82479
6.73199
-6.50005
1.58988
-2.03537
-0.602415
-1.25829
-0.996994
-1.07673
-0.97357
-0.91079
-0.800977
-0.68699
-0.55666
-0.420265
-0.277688
-0.132601
0.0136061
0.15848
0.300628
0.436355
0.565797
0.678612
0.787114
0.848209
0.949958
0.868049
1.12879
0.469989
1.90482
-1.72416
6.36883
-6.15175
1.49495
-1.92243
-0.578985
-1.19554
-0.953141
-1.02877
-0.93335
-0.8745
-0.771033
-0.662594
-0.538094
-0.40715
-0.269904
-0.129965
0.0111158
0.150834
0.287637
0.417898
0.541492
0.648747
0.750894
0.808072
0.902096
0.824346
1.0662
0.446819
1.7921
-1.62888
6.02082
-5.8178
1.40488
-1.81576
-0.556351
-1.1361
-0.91119
-0.982926
-0.894611
-0.839418
-0.741909
-0.638767
-0.51988
-0.39425
-0.262237
-0.127379
0.00863722
0.143269
0.27483
0.399765
0.517734
0.619688
0.715879
0.769421
0.856358
0.782561
1.00694
0.424466
1.68568
-1.53845
5.68717
-5.49739
1.31921
-1.71506
-0.53465
-1.07993
-0.871225
-0.939267
-0.857479
-0.805677
-0.713742
-0.615635
-0.502129
-0.381647
-0.254737
-0.12486
0.00618656
0.135834
0.262286
0.382067
0.494651
0.591574
0.6822
0.732379
0.812816
0.742777
0.95097
0.403067
1.58524
-1.45239
5.36707
-5.18974
1.23751
-1.62002
-0.514006
-1.02697
-0.833319
-0.897859
-0.822066
-0.773397
-0.686664
-0.593319
-0.484943
-0.369419
-0.247452
-0.122424
0.00377965
0.128577
0.250083
0.364904
0.472361
0.564532
0.649975
0.697057
0.771534
0.705066
0.898235
0.382743
1.49048
-1.37029
5.05975
-4.89409
1.15938
-1.53035
-0.494527
-0.977198
-0.797539
-0.85876
-0.788471
-0.742688
-0.66079
-0.571928
-0.468417
-0.357639
-0.240429
-0.120087
0.0014316
0.121542
0.238293
0.348373
0.450974
0.538681
0.619314
0.663555
0.732569
0.669493
0.848692
0.363602
1.40111
-1.29173
4.76444
-4.6097
1.08442
-1.44579
-0.476312
-0.930555
-0.763944
-0.822023
-0.756786
-0.713649
-0.636231
-0.551565
-0.452641
-0.346374
-0.23371
-0.117864
-0.000843157
0.114774
0.226983
0.332561
0.430592
0.514128
0.590316
0.631962
0.695971
0.636115
0.802296
0.345741
1.31685
-1.21633
4.4804
-4.33586
1.01231
-1.36607
-0.459452
-0.887006
-0.73259
-0.787696
-0.727095
-0.686371
-0.613085
-0.532325
-0.437697
-0.335688
-0.227336
-0.115768
-0.00303083
0.108312
0.216218
0.317553
0.411309
0.490974
0.56307
0.602361
0.661787
0.604987
0.759006
0.329248
1.23746
-1.14376
4.20692
-4.07191
0.942708
-1.29096
-0.444029
-0.846518
-0.703528
-0.755822
-0.699474
-0.66094
-0.591446
-0.514295
-0.423664
-0.325641
-0.221343
-0.113811
-0.00511832
0.102194
0.206058
0.303427
0.393214
0.46931
0.537662
0.574828
0.63006
0.576158
0.718786
0.314205
1.16268
-1.07369
3.94333
-3.81722
0.875329
-1.22025
-0.43012
-0.809062
-0.676808
-0.726447
-0.673998
-0.637435
-0.5714
-0.497558
-0.410613
-0.316288
-0.215766
-0.112005
-0.00709312
0.0964563
0.196559
0.290253
0.376388
0.449222
0.514169
0.549434
0.600833
0.549677
0.681608
0.300687
1.09231
-1.00583
3.68903
-3.57124
0.809906
-1.15374
-0.417802
-0.774621
-0.652481
-0.699615
-0.650734
-0.615929
-0.553028
-0.48219
-0.398611
-0.307682
-0.210639
-0.110361
-0.00894336
0.091132
0.187773
0.278101
0.360909
0.43079
0.492665
0.526249
0.574148
0.525592
0.647451
0.288768
1.02616
-0.93991
3.44344
-3.33346
0.746196
-1.09129
-0.40715
-0.743184
-0.6306
-0.675371
-0.629752
-0.596494
-0.536405
-0.468262
-0.387722
-0.299869
-0.205992
-0.108889
-0.0106578
0.0862531
0.17975
0.267035
0.346848
0.414092
0.473221
0.505338
0.550051
0.503955
0.616303
0.278523
0.964064
-0.875694
3.20606
-3.10347
0.683987
-1.03275
-0.398239
-0.714754
-0.611221
-0.653764
-0.611117
-0.5792
-0.521604
-0.455843
-0.378004
-0.292896
-0.201853
-0.107597
-0.0122256
0.0818492
0.172536
0.257113
0.334273
0.399198
0.455905
0.486767
0.528587
0.48482
0.588167
0.270026
0.905895
-0.812968
2.97647
-2.88093
0.623092
-0.978035
-0.391153
-0.689347
-0.594407
-0.634848
-0.594897
-0.564113
-0.508694
-0.444996
-0.369513
-0.286805
-0.198247
-0.106494
-0.0136368
0.0779484
0.166176
0.248392
0.323249
0.386177
0.440783
0.470602
0.509809
0.468248
0.563055
0.263357
0.851557
-0.751549
2.75435
-2.66561
0.563357
-0.927091
-0.385977
-0.666994
-0.580226
-0.618681
-0.581162
-0.551301
-0.497741
-0.435782
-0.362301
-0.281635
-0.1952
-0.105588
-0.0148815
0.0745769
0.160709
0.240925
0.313837
0.375097
0.427922
0.456911
0.493773
0.454306
0.540998
0.258601
0.800995
-0.691281
2.53945
-2.4574
0.504655
-0.879902
-0.382808
-0.647742
-0.568754
-0.605326
-0.569981
-0.540829
-0.488811
-0.428259
-0.356417
-0.277423
-0.192735
-0.104885
-0.0159508
0.0717595
0.156175
0.234764
0.306095
0.366021
0.417389
0.445764
0.480543
0.443069
0.52204
0.255854
0.754192
-0.632039
2.33167
-2.25633
0.446894
-0.836501
-0.38175
-0.631656
-0.560077
-0.594855
-0.561428
-0.532766
-0.481967
-0.422481
-0.351906
-0.274204
-0.190871
-0.104392
-0.016836
0.0695192
0.15261
0.229954
0.300079
0.359015
0.409249
0.437234
0.470187
0.43462
0.506245
0.255217
0.711181
-0.573733
2.13104
-2.06259
0.39002
-0.796968
-0.382919
-0.618815
-0.554289
-0.587344
-0.555579
-0.527178
-0.477269
-0.418503
-0.348813
-0.272009
-0.189629
-0.104115
-0.0175291
0.0678775
0.150047
0.226541
0.295844
0.354138
0.403569
0.431395
0.462782
0.429053
0.493693
0.256807
0.672042
-0.516307
1.93776
-1.87658
0.334018
-0.761437
-0.386443
-0.609322
-0.551495
-0.582879
-0.552515
-0.524133
-0.474779
-0.416375
-0.347179
-0.270868
-0.189027
-0.104059
-0.0180226
0.0668541
0.148518
0.224567
0.29344
0.351452
0.400417
0.428326
0.458411
0.42647
0.484482
0.260749
0.636909
-0.45975
1.75222
-1.69893
0.278921
-0.730096
-0.392465
-0.603294
-0.55181
-0.58155
-0.552316
-0.523699
-0.474555
-0.416144
-0.34704
-0.270807
-0.189079
-0.104228
-0.0183098
0.0664672
0.148051
0.224071
0.292917
0.351014
0.399861
0.428108
0.457162
0.426985
0.47873
0.267184
0.605971
-0.404095
1.57504
-1.53052
0.22482
-0.703189
-0.401141
-0.600864
-0.555357
-0.583451
-0.555067
-0.525944
-0.476652
-0.417854
-0.348431
-0.271853
-0.189801
-0.104626
-0.0183845
0.0667329
0.148673
0.225089
0.294318
0.352882
0.401966
0.430824
0.459131
0.43072
0.476569
0.276269
0.579471
-0.349433
1.40712
-1.37258
0.171877
-0.681024
-0.412642
-0.602185
-0.562269
-0.588685
-0.560852
-0.530934
-0.481125
-0.421549
-0.351385
-0.274025
-0.191206
-0.105258
-0.0182413
0.0676655
0.150406
0.227653
0.297687
0.357109
0.4068
0.436559
0.464417
0.437807
0.47815
0.288172
0.557717
-0.295926
1.2497
-1.22676
0.120356
-0.66397
-0.427153
-0.607422
-0.572686
-0.597355
-0.569759
-0.538733
-0.488026
-0.427266
-0.355929
-0.277344
-0.193303
-0.106125
-0.0178757
0.0692772
0.153272
0.231792
0.303062
0.363747
0.414427
0.445397
0.473123
0.448385
0.483637
0.303078
0.541081
-0.24384
1.1044
-1.09514
0.0706739
-0.652448
-0.444841
-0.616731
-0.58673
-0.609546
-0.581851
-0.549388
-0.497385
-0.435026
-0.362077
-0.281817
-0.196097
-0.107229
-0.0172852
0.0715737
0.157279
0.237521
0.310466
0.372827
0.424892
0.457403
0.485333
0.462573
0.493186
0.321152
0.529983
-0.193591
0.973344
-0.980217
0.0232809
-0.646827
-0.465888
-0.630217
-0.604495
-0.625303
-0.597162
-0.56291
-0.509208
-0.444827
-0.369824
-0.287438
-0.199583
-0.108567
-0.0164703
0.0745522
0.162423
0.244836
0.319896
0.384354
0.438205
0.472608
0.501089
0.480464
0.5069
0.342575
0.524794
-0.145631
0.859004
-0.885018
-0.0216567
-0.647679
-0.49093
-0.64829
-0.626439
-0.644977
-0.616019
-0.579568
-0.523722
-0.456851
-0.37931
-0.294308
-0.203822
-0.11016
-0.0154134
0.0782692
0.1688
0.253875
0.33153
0.398552
0.454633
0.491339
0.520743
0.502517
0.525189
0.367986
0.52609
-0.100119
0.76443
-0.816771
-0.0612908
-0.658283
-0.520798
-0.672768
-0.653852
-0.669922
-0.639572
-0.600389
-0.541788
-0.471804
-0.391083
-0.302817
-0.209052
-0.112096
-0.0140499
0.0829413
0.176781
0.265163
0.346056
0.416267
0.47519
0.514733
0.54564
0.530019
0.549877
0.398222
0.537171
-0.0598853
0.696886
-0.791121
-0.0771861
-0.685289
-0.546622
-0.702231
-0.681512
-0.696625
-0.663758
-0.621891
-0.56019
-0.48698
-0.402952
-0.311364
-0.214283
-0.114022
-0.0126723
0.0876369
0.184817
0.276561
0.360815
0.434318
0.496423
0.538743
0.572279
0.55773
0.57953
0.424358
0.564648
-0.0434437
0.671936
-77.5209
86.871
-61.7022
30.9725
-16.6353
6.06348
-4.01216
0.661153
-1.24203
-0.260071
-0.552925
-0.298406
-0.287347
-0.174291
-0.110145
-0.0197363
0.0444085
0.157485
0.168524
0.423115
0.130121
1.11231
-0.791472
3.88274
-6.19444
16.5074
-31.1032
61.5776
-86.9941
77.3972
-71.7678
73.6574
-49.8988
23.59
-13.0509
4.39972
-3.3673
0.351014
-1.15759
-0.324011
-0.554276
-0.316903
-0.29476
-0.180193
-0.111881
-0.018
0.0503118
0.164897
0.187023
0.424457
0.194063
1.02783
-0.481291
3.23782
-4.53041
12.9231
-23.72
49.775
-73.7809
71.6439
-67.7523
64.3028
-42.3744
19.2889
-11.1366
3.51905
-3.05586
0.182452
-1.12735
-0.364267
-0.562902
-0.33122
-0.302714
-0.185231
-0.113708
-0.0161687
0.055353
0.172853
0.201341
0.433078
0.234315
0.997562
-0.312703
2.92639
-3.6495
11.009
-19.4182
42.2513
-64.4266
67.6282
-64.0898
56.6293
-36.6593
16.1525
-9.77223
2.8634
-2.83063
0.0447037
-1.10719
-0.40169
-0.571969
-0.345599
-0.31044
-0.190392
-0.115411
-0.0144583
0.0605209
0.180586
0.215725
0.442143
0.271737
0.977391
-0.174914
2.70122
-2.99358
9.64487
-16.2812
36.5366
-56.7536
63.9655
-60.6772
49.8922
-31.9305
13.612
-8.68294
2.31762
-2.64935
-0.0800179
-1.09244
-0.439134
-0.581633
-0.360759
-0.318303
-0.195914
-0.117069
-0.0127894
0.0660539
0.188459
0.230894
0.451812
0.309188
0.962646
-0.0501277
2.52005
-2.4475
8.55592
-13.7401
31.8082
-50.0169
60.5527
-57.5318
44.0192
-28.0819
11.5753
-7.82793
1.86739
-2.5078
-0.192125
-1.08371
-0.476004
-0.59232
-0.376464
-0.326434
-0.201733
-0.11872
-0.0111226
0.0718889
0.196604
0.246613
0.462509
0.346075
0.953948
0.0620712
2.37865
-1.99695
7.70128
-11.7029
27.9597
-44.1443
57.4071
-54.6309
38.944
-24.9993
9.94507
-7.16056
1.49285
-2.39846
-0.293765
-1.08048
-0.512235
-0.604099
-0.39259
-0.334865
-0.207802
-0.120381
-0.00944114
0.0779782
0.205055
0.262758
0.474307
0.382334
0.950767
0.163831
2.26951
-1.62206
7.03429
-10.0722
24.8772
-39.0696
54.506
-51.9464
34.5702
-22.5423
8.62005
-6.63512
1.17384
-2.31382
-0.387498
-1.08197
-0.548012
-0.616966
-0.409102
-0.343625
-0.214099
-0.122067
-0.00773082
0.0842997
0.21384
0.279296
0.487202
0.418155
0.952323
0.257713
2.1851
-1.3027
6.50922
-8.74681
22.4202
-34.6962
51.8214
-49.4553
30.8077
-20.5872
7.52111
-6.21778
0.89516
-2.24854
-0.475241
-1.08756
-0.583494
-0.630908
-0.425978
-0.352733
-0.220605
-0.123788
-0.00597986
0.0908361
0.222979
0.296206
0.501182
0.453696
0.958017
0.345628
2.12007
-1.02368
6.09223
-7.64763
20.4649
-30.9341
49.33
-47.1377
27.5773
-19.0296
6.58894
-5.88383
0.645602
-2.19893
-0.558413
-1.09681
-0.618807
-0.645901
-0.443198
-0.362198
-0.227304
-0.125554
-0.00417936
0.0975712
0.23248
0.313467
0.516225
0.489085
0.967384
0.428994
2.07073
-0.773797
5.75859
-6.7153
18.9072
-27.7041
47.0123
-44.9765
24.8077
-17.7811
5.77935
-5.61479
0.416896
-2.16243
-0.638119
-1.10934
-0.654048
-0.661908
-0.460743
-0.372019
-0.23418
-0.127369
-0.00232319
0.104489
0.242346
0.331064
0.532296
0.524419
0.980056
0.508911
2.0345
-0.544787
5.48981
-5.90565
17.6586
-24.9347
44.8509
-42.9561
22.4344
-16.7677
5.06042
-5.39666
0.203151
-2.13726
-0.715227
-1.12487
-0.689297
-0.678886
-0.478595
-0.38219
-0.241217
-0.129238
-0.000407669
0.111575
0.252569
0.348976
0.549349
0.559776
0.995735
0.586241
2.0096
-0.330767
5.27189
-5.18671
16.645
-22.5617
42.8303
-41.063
20.3997
-15.9283
4.41006
-5.2187
0.000386631
-2.1221
-0.790409
-1.14313
-0.724607
-0.696782
-0.49673
-0.392695
-0.248398
-0.131161
0.00156858
0.118811
0.263134
0.367181
0.567334
0.59521
1.01417
0.66165
1.9947
-0.127761
5.0941
-4.5364
15.8054
-20.5273
40.9368
-39.2846
18.6522
-15.214
3.81372
-5.07244
-0.193864
-2.11586
-0.864158
-1.16392
-0.760009
-0.715531
-0.515119
-0.403511
-0.255704
-0.133136
0.00360473
0.12618
0.274019
0.385651
0.586185
0.630749
1.03515
0.735627
1.98871
0.0666974
4.94796
-3.94015
15.091
-18.78
39.1581
-37.6099
17.1462
-14.5863
3.26251
-4.95097
-0.380891
-2.11754
-0.936798
-1.18702
-0.795505
-0.735061
-0.533725
-0.414609
-0.263115
-0.135161
0.00569787
0.133663
0.285196
0.404348
0.605828
0.666395
1.05843
0.808491
1.99061
0.253897
4.82657
-3.38906
14.4631
-17.2743
37.4831
-36.0288
15.8418
-14.0159
2.75147
-4.84842
-0.561111
-2.12608
-1.00847
-1.21219
-0.831068
-0.75528
-0.552502
-0.425951
-0.270607
-0.137229
0.00784304
0.141235
0.296625
0.423227
0.626172
0.702117
1.0838
0.880385
1.99936
0.434256
4.72407
-2.87817
13.8925
-15.9702
35.9017
-34.5325
14.7045
-13.4812
2.27837
-4.75983
-0.734253
-2.14036
-1.07916
-1.23916
-0.866631
-0.776081
-0.571392
-0.437491
-0.278154
-0.139334
0.0100333
0.148871
0.308263
0.442231
0.647109
0.737847
1.11095
0.951281
2.01382
0.607506
4.63549
-2.40524
13.3576
-14.8332
34.4049
-33.1126
13.7046
-12.9671
1.84244
-4.68083
-0.899578
-2.15914
-1.14868
-1.26759
-0.902087
-0.797339
-0.590325
-0.449174
-0.285724
-0.141465
0.0122598
0.15654
0.320054
0.461287
0.668512
0.773474
1.13958
1.02099
2.03276
0.77291
4.55646
-1.96949
12.8433
-13.8336
32.9846
-31.762
12.817
-12.4638
1.44368
-4.60758
-1.05609
-2.18108
-1.21667
-1.2971
-0.937282
-0.818904
-0.609216
-0.460937
-0.293283
-0.143612
0.0145119
0.164209
0.331935
0.480312
0.690231
0.808847
1.16928
1.08916
2.05483
0.929478
4.48317
-1.57093
12.3398
-12.9463
31.6336
-30.474
12.0209
-11.9656
1.0822
-4.53675
-1.20267
-2.20477
-1.28268
-1.32725
-0.972021
-0.840604
-0.627966
-0.472707
-0.300791
-0.145761
0.0167769
0.171837
0.343835
0.499205
0.712092
0.843765
1.19961
1.15533
2.07864
1.07609
4.41228
-1.20967
11.8414
-12.1505
30.3452
-29.2429
11.299
-11.47
0.757909
-4.46555
-1.33817
-2.22883
-1.34614
-1.35755
-1.00606
-0.862242
-0.646459
-0.484403
-0.308205
-0.147896
0.0190407
0.179383
0.355671
0.517852
0.733899
0.877988
1.23008
1.21895
2.1028
1.21159
4.34098
-0.885599
11.3455
-11.429
29.1137
-28.0636
10.6375
-10.9767
0.470212
-4.39172
-1.46154
-2.25188
-1.40641
-1.38744
-1.03913
-0.883603
-0.664568
-0.495934
-0.315476
-0.150002
0.0212874
0.186799
0.367355
0.536124
0.755434
0.911239
1.26015
1.27937
2.12593
1.33495
4.26703
-0.598146
10.8518
-10.768
27.934
-26.9316
10.0255
-10.4867
0.217976
-4.31353
-1.57191
-2.27265
-1.46285
-1.41639
-1.07092
-0.904451
-0.68215
-0.507204
-0.322552
-0.152061
0.0234997
0.194033
0.378788
0.55388
0.776462
0.943209
1.28926
1.33593
2.14675
1.4453
4.1887
-0.346171
10.3616
-10.1565
26.8015
-25.8429
9.45451
-10.0023
-0.000488133
-4.22979
-1.66864
-2.28996
-1.51479
-1.4438
-1.1011
-0.924536
-0.699053
-0.518108
-0.329379
-0.154053
0.0256593
0.20103
0.389869
0.570966
0.796734
0.973571
1.31683
1.388
2.1641
1.54198
4.10479
-0.127984
9.87675
-9.5859
25.7124
-24.7941
8.91802
-9.52581
-0.18735
-4.13981
-1.75134
-2.30282
-1.56165
-1.46912
-1.12933
-0.943602
-0.715117
-0.528538
-0.335897
-0.155957
0.0277469
0.207734
0.400488
0.587225
0.815994
1.00199
1.34231
1.43496
2.17699
1.62462
4.01463
0.058582
9.39987
-9.04987
24.6633
-23.7825
8.41128
-9.05982
-0.345142
-4.04337
-1.81989
-2.31042
-1.60287
-1.49183
-1.15529
-0.961391
-0.730181
-0.538382
-0.342047
-0.157755
0.0297426
0.214084
0.410535
0.602492
0.833982
1.02813
1.36517
1.47628
2.1846
1.69309
3.91798
0.216063
8.93347
-8.54359
23.6513
-22.8055
7.93086
-8.60665
-0.476632
-3.94063
-1.87444
-2.31215
-1.63802
-1.51144
-1.17865
-0.977652
-0.74408
-0.547531
-0.34777
-0.159424
0.0316263
0.220023
0.4199
0.616606
0.850448
1.05167
1.38492
1.51152
2.18633
1.74754
3.815
0.347227
8.47988
-8.06362
22.674
-21.861
7.47435
-8.16827
-0.58469
-3.83207
-1.91539
-2.30761
-1.66677
-1.52754
-1.19912
-0.992145
-0.756658
-0.555875
-0.353006
-0.160944
0.0333781
0.22549
0.428474
0.62941
0.865153
1.07233
1.40117
1.54034
2.18177
1.78837
3.70619
0.454948
8.04108
-7.60755
21.7293
-20.9476
7.0401
-7.74622
-0.672167
-3.71843
-1.94335
-2.29659
-1.68889
-1.53979
-1.21645
-1.00465
-0.767766
-0.56331
-0.357697
-0.162295
0.0349789
0.23043
0.436155
0.640756
0.87788
1.08986
1.41355
1.56254
2.17073
1.81621
3.59228
0.542079
7.6186
-7.17372
20.8155
-20.0636
6.62702
-7.34156
-0.741794
-3.6006
-1.95913
-2.2791
-1.70431
-1.54793
-1.23044
-1.01498
-0.777271
-0.569741
-0.361792
-0.163459
0.0364104
0.234791
0.442845
0.650509
0.888435
1.10403
1.42183
1.57803
2.15319
1.83184
3.47416
0.611357
7.21352
-6.76102
19.9314
-19.2081
6.23434
-6.9549
-0.796108
-3.47958
-1.96366
-2.25527
-1.71306
-1.55179
-1.24091
-1.02297
-0.785055
-0.575082
-0.365242
-0.164419
0.0376559
0.238523
0.448461
0.658554
0.896659
1.1147
1.42582
1.58682
2.1293
1.83622
3.35285
0.665323
6.82645
-6.36872
19.0756
-18.3801
5.86156
-6.58646
-0.837404
-3.35639
-1.95798
-2.2254
-1.71526
-1.55128
-1.24777
-1.0285
-0.791023
-0.579258
-0.368005
-0.16516
0.0387005
0.241585
0.452927
0.664793
0.902425
1.12176
1.42544
1.58907
2.09937
1.83037
3.22936
0.706275
6.45762
-5.99627
18.2475
-17.579
5.50823
-6.23611
-0.867702
-3.23204
-1.94317
-2.1899
-1.71117
-1.54641
-1.25098
-1.03147
-0.795101
-0.582211
-0.370045
-0.16567
0.0395314
0.243942
0.456183
0.669153
0.905647
1.12517
1.42069
1.58502
2.06379
1.81538
3.1047
0.736239
6.10689
-5.64326
17.4462
-16.8041
5.17397
-5.90345
-0.888748
-3.10745
-1.92032
-2.14926
-1.70111
-1.53724
-1.25054
-1.03184
-0.79724
-0.583896
-0.371338
-0.165938
0.0401382
0.245566
0.458186
0.671586
0.906275
1.12493
1.41165
1.575
2.02307
1.79236
2.97981
0.756965
5.77388
-5.30928
16.6711
-16.055
4.85836
-5.58791
-0.902018
-2.98348
-1.89053
-2.10404
-1.68547
-1.52393
-1.24651
-1.02961
-0.797419
-0.584285
-0.371864
-0.165958
0.0405132
0.246439
0.458905
0.672067
0.9043
1.1211
1.39845
1.55939
1.97775
1.76238
2.85554
0.769935
5.45801
-4.9939
15.9219
-15.3312
4.56091
-5.28876
-0.908749
-2.86086
-1.85483
-2.05481
-1.66471
-1.50667
-1.23901
-1.02479
-0.795641
-0.583367
-0.371615
-0.165727
0.0406514
0.246551
0.458328
0.6706
0.899749
1.1138
1.38132
1.53865
1.92843
1.7265
2.73262
0.776386
5.15857
-4.69666
15.198
-14.6324
4.28107
-5.00522
-0.909959
-2.74019
-1.8142
-2.00219
-1.6393
-1.48573
-1.22818
-1.01746
-0.791933
-0.581147
-0.370593
-0.165244
0.0405507
0.245902
0.45646
0.667209
0.892684
1.10317
1.36049
1.51327
1.87571
1.68569
2.61168
0.777342
4.87476
-4.417
14.4992
-13.9584
4.01823
-4.73648
-0.906487
-2.62198
-1.76953
-1.94676
-1.60976
-1.4614
-1.21422
-1.00771
-0.786347
-0.577648
-0.368807
-0.164511
0.0402118
0.244498
0.45332
0.661946
0.883199
1.08941
1.33627
1.48374
1.82019
1.64086
2.49321
0.773643
4.60578
-4.1543
13.8251
-13.3086
3.77169
-4.48172
-0.899025
-2.50663
-1.72166
-1.8891
-1.5766
-1.434
-1.19734
-0.995656
-0.778956
-0.572906
-0.366275
-0.163534
0.039638
0.242358
0.448944
0.654883
0.871418
1.07273
1.30897
1.45059
1.76243
1.59282
2.37762
0.765985
4.35082
-3.90786
13.1753
-12.6829
3.5407
-4.24018
-0.88815
-2.39442
-1.67129
-1.82974
-1.54032
-1.40386
-1.17779
-0.981454
-0.769854
-0.566972
-0.363026
-0.162322
0.0388353
0.239505
0.443379
0.646108
0.857485
1.05338
1.27894
1.41433
1.70298
1.54232
2.26519
0.754943
4.1091
-3.67694
12.5496
-12.0807
3.32446
-4.01112
-0.874347
-2.28557
-1.61909
-1.7692
-1.50141
-1.37134
-1.15583
-0.965269
-0.75915
-0.55991
-0.359094
-0.160887
0.0378122
0.235972
0.436688
0.635731
0.841568
1.03162
1.24652
1.37544
1.64236
1.48999
2.15615
0.741008
3.8799
-3.46074
11.9475
-11.5018
3.12217
-3.79387
-0.85804
-2.18022
-1.56562
-1.70793
-1.46037
-1.33678
-1.13174
-0.947284
-0.746967
-0.551796
-0.354521
-0.159241
0.0365792
0.231797
0.428942
0.623872
0.823846
1.00771
1.21207
1.33441
1.58101
1.43641
2.05064
0.724601
3.66255
-3.25845
11.3686
-10.9456
2.93297
-3.58782
-0.839603
-2.07846
-1.51138
-1.64635
-1.41762
-1.30054
-1.10578
-0.927693
-0.73344
-0.542713
-0.349354
-0.157402
0.0351488
0.227024
0.420223
0.610664
0.804512
0.981941
1.17593
1.29169
1.51937
1.38208
1.94874
0.706097
3.45642
-3.06923
10.8124
-10.4116
2.75605
-3.39239
-0.819377
-1.98033
-1.4568
-1.58483
-1.3736
-1.26295
-1.07825
-0.906697
-0.718712
-0.532754
-0.343647
-0.155386
0.0335353
0.221704
0.410621
0.596248
0.783766
0.954584
1.13843
1.2477
1.4578
1.32743
1.85051
0.685838
3.26095
-2.89224
10.2785
-9.89926
2.59058
-3.20707
-0.797679
-1.88587
-1.40224
-1.5237
-1.32869
-1.22433
-1.04941
-0.8845
-0.702933
-0.522016
-0.337455
-0.153213
0.0317542
0.215889
0.400229
0.58077
0.761809
0.925914
1.09991
1.20282
1.39664
1.27282
1.75597
0.66414
3.07561
-2.72667
9.76636
-9.40804
2.43574
-3.03138
-0.774804
-1.79506
-1.34803
-1.46327
-1.28325
-1.18499
-1.01952
-0.861307
-0.686256
-0.510601
-0.330838
-0.150903
0.0298221
0.209635
0.389147
0.56438
0.738847
0.896199
1.06066
1.15742
1.33619
1.21859
1.66511
0.641299
2.89994
-2.57171
9.27528
-8.93725
2.29076
-2.86487
-0.751035
-1.70788
-1.29445
-1.40378
-1.23761
-1.14522
-0.988863
-0.837322
-0.668833
-0.498614
-0.323858
-0.148477
0.0277568
0.203001
0.377475
0.54723
0.71508
0.865696
1.02099
1.11182
1.27669
1.16501
1.57791
0.617595
2.73347
-2.42657
8.80466
-8.48622
2.1549
-2.70712
-0.726638
-1.62431
-1.24174
-1.34545
-1.19206
-1.1053
-0.957669
-0.812742
-0.650817
-0.48616
-0.316578
-0.145956
0.0255761
0.196046
0.365318
0.529471
0.690705
0.834651
0.981151
1.06632
1.21838
1.11233
1.49435
0.593294
2.57581
-2.29052
8.35381
-8.05425
2.02743
-2.55775
-0.701864
-1.54432
-1.19012
-1.2885
-1.14687
-1.06546
-0.926178
-0.787761
-0.63236
-0.473345
-0.30906
-0.143363
0.0232986
0.18883
0.352777
0.511251
0.665913
0.8033
0.941402
1.02119
1.16145
1.06075
1.41439
0.568647
2.42654
-2.16284
7.92204
-7.64057
1.90768
-2.41637
-0.676951
-1.46785
-1.13976
-1.23308
-1.10229
-1.02594
-0.89461
-0.762563
-0.613609
-0.460271
-0.301368
-0.140719
0.0209429
0.181413
0.339954
0.492715
0.640887
0.771862
0.901971
0.976665
1.10608
1.01047
1.338
0.54389
2.28528
-2.04284
7.50858
-7.24442
1.79501
-2.28261
-0.652119
-1.39488
-1.09084
-1.17936
-1.05852
-0.986954
-0.863172
-0.737324
-0.594704
-0.447042
-0.293563
-0.138046
0.0185276
0.173855
0.326949
0.474003
0.615804
0.740543
0.86307
0.932968
1.0524
0.961634
1.26512
0.519242
2.15169
-1.9299
7.11268
-6.86502
1.68881
-2.15614
-0.627573
-1.32536
-1.04349
-1.12744
-1.01577
-0.948695
-0.832058
-0.712211
-0.575784
-0.433756
-0.285707
-0.135364
0.0160708
0.166213
0.313857
0.45525
0.590827
0.709536
0.824892
0.890291
1.00056
0.914392
1.19571
0.494905
2.02539
-1.8234
6.73353
-6.50157
1.58851
-2.03659
-0.603498
-1.25925
-0.997828
-1.07746
-0.974205
-0.911339
-0.801445
-0.687381
-0.556976
-0.420507
-0.277856
-0.132693
0.0135908
0.158544
0.300774
0.436586
0.566114
0.679019
0.787614
0.848807
0.95066
0.868865
1.12973
0.471066
1.90604
-1.72278
6.37036
-6.15327
1.49358
-1.92365
-0.580066
-1.19649
-0.953975
-1.0295
-0.933983
-0.875046
-0.771499
-0.662982
-0.538406
-0.407388
-0.270068
-0.130053
0.0111049
0.150902
0.287787
0.418131
0.541811
0.649156
0.751395
0.808671
0.902799
0.825162
1.06714
0.447893
1.79332
-1.62751
6.02234
-5.8193
1.40352
-1.81698
-0.557429
-1.13705
-0.912023
-0.983654
-0.895244
-0.839962
-0.742371
-0.639151
-0.520189
-0.394484
-0.262396
-0.127463
0.00863031
0.143341
0.274982
0.400001
0.518056
0.620098
0.716381
0.77002
0.857061
0.783376
1.00788
0.425537
1.68689
-1.53708
5.68867
-5.49888
1.31786
-1.71627
-0.535725
-1.08087
-0.872056
-0.939994
-0.85811
-0.80622
-0.714203
-0.616017
-0.502435
-0.381878
-0.254893
-0.12494
0.00618334
0.135909
0.262442
0.382305
0.494974
0.591985
0.682702
0.732979
0.813518
0.743591
0.951905
0.404134
1.58645
-1.45104
5.36857
-5.19123
1.23617
-1.62122
-0.515076
-1.02792
-0.834149
-0.898585
-0.822695
-0.773939
-0.687122
-0.593698
-0.485246
-0.369647
-0.247605
-0.122501
0.00377981
0.128655
0.250241
0.365144
0.472686
0.564944
0.650478
0.697657
0.772236
0.705878
0.899168
0.383806
1.49168
-1.36895
5.06124
-4.89556
1.15804
-1.53155
-0.495592
-0.97814
-0.798367
-0.859485
-0.789099
-0.743228
-0.661247
-0.572305
-0.468717
-0.357863
-0.240578
-0.120161
0.00143486
0.121624
0.238453
0.348615
0.4513
0.539094
0.619818
0.664155
0.73327
0.670304
0.849622
0.36466
1.4023
-1.29039
4.76591
-4.61116
1.0831
-1.44698
-0.477373
-0.931494
-0.76477
-0.822746
-0.757413
-0.714187
-0.636685
-0.55194
-0.452938
-0.346595
-0.233856
-0.117934
-0.000837056
0.114858
0.227146
0.332806
0.430919
0.514542
0.59082
0.632561
0.696672
0.636925
0.803223
0.346794
1.31804
-1.21501
4.48186
-4.33731
1.01099
-1.36725
-0.460508
-0.887942
-0.733414
-0.788416
-0.72772
-0.686908
-0.613538
-0.532697
-0.437992
-0.335907
-0.227479
-0.115835
-0.00302213
0.108398
0.216383
0.317799
0.411638
0.491389
0.563575
0.60296
0.662487
0.605795
0.759929
0.330296
1.23864
-1.14245
4.20837
-4.07335
0.941398
-1.29214
-0.445079
-0.84745
-0.704349
-0.756541
-0.700098
-0.661475
-0.591897
-0.514666
-0.423956
-0.325858
-0.221483
-0.113876
-0.00510725
0.102282
0.206225
0.303674
0.393544
0.469725
0.538167
0.575427
0.630759
0.576964
0.719707
0.315247
1.16385
-1.07238
3.94478
-3.81865
0.874028
-1.22142
-0.431166
-0.80999
-0.677626
-0.727164
-0.67462
-0.637968
-0.571849
-0.497926
-0.410903
-0.316502
-0.215905
-0.112068
-0.00707989
0.0965465
0.196727
0.290502
0.376719
0.449638
0.514674
0.550033
0.601531
0.55048
0.682525
0.301724
1.09348
-1.00453
3.69046
-3.57266
0.808613
-1.15491
-0.418842
-0.775544
-0.653296
-0.700329
-0.651354
-0.61646
-0.553475
-0.482556
-0.398899
-0.307893
-0.210776
-0.110422
-0.00892817
0.0912239
0.187943
0.278351
0.361241
0.431207
0.49317
0.526847
0.574845
0.526393
0.648364
0.2898
1.02732
-0.938621
3.44486
-3.33487
0.744912
-1.09244
-0.408184
-0.744103
-0.631412
-0.676082
-0.63037
-0.597024
-0.53685
-0.468627
-0.388008
-0.300079
-0.206126
-0.108947
-0.0106408
0.0863465
0.179921
0.267285
0.34718
0.414508
0.473725
0.505935
0.550745
0.504753
0.617212
0.279549
0.965215
-0.874414
3.20747
-3.10487
0.682711
-1.0339
-0.399268
-0.715669
-0.61203
-0.654473
-0.611733
-0.579727
-0.522047
-0.456206
-0.378289
-0.293104
-0.201985
-0.107654
-0.0122071
0.081944
0.172708
0.257364
0.334606
0.399614
0.456408
0.487362
0.529279
0.485615
0.589071
0.271046
0.907039
-0.811697
2.97787
-2.88232
0.621825
-0.979177
-0.392176
-0.690258
-0.595212
-0.635554
-0.595511
-0.564638
-0.509135
-0.445357
-0.369796
-0.287011
-0.198378
-0.106549
-0.0136168
0.0780443
0.166349
0.248644
0.323582
0.386593
0.441286
0.471196
0.510499
0.469041
0.563956
0.264372
0.852694
-0.750286
2.75574
-2.667
0.562097
-0.928227
-0.386995
-0.667901
-0.581027
-0.619384
-0.581772
-0.551824
-0.498181
-0.436141
-0.362582
-0.281839
-0.195329
-0.105642
-0.0148602
0.0746739
0.160883
0.241178
0.314169
0.375512
0.428424
0.457504
0.494461
0.455096
0.541894
0.259611
0.802124
-0.690025
2.54083
-2.45878
0.503402
-0.881032
-0.38382
-0.648644
-0.569552
-0.606026
-0.570589
-0.54135
-0.489249
-0.428615
-0.356695
-0.277626
-0.192862
-0.104938
-0.0159283
0.0718574
0.156349
0.235016
0.306427
0.366437
0.41789
0.446355
0.481229
0.443855
0.522932
0.256858
0.755315
-0.630791
2.33305
-2.2577
0.445648
-0.837624
-0.382757
-0.632553
-0.560871
-0.595552
-0.562033
-0.533284
-0.482402
-0.422836
-0.352183
-0.274404
-0.190997
-0.104444
-0.0168125
0.0696178
0.152784
0.230206
0.300411
0.359429
0.409748
0.437823
0.47087
0.435403
0.507133
0.256216
0.712297
-0.572492
2.13241
-2.06396
0.38878
-0.798085
-0.38392
-0.619708
-0.55508
-0.588038
-0.556182
-0.527694
-0.477702
-0.418856
-0.349088
-0.272208
-0.189754
-0.104165
-0.0175047
0.0679766
0.150222
0.226794
0.296176
0.354551
0.404067
0.431982
0.463463
0.429832
0.494576
0.2578
0.673153
-0.515074
1.93912
-1.87794
0.332784
-0.762548
-0.38744
-0.610211
-0.552282
-0.58357
-0.553115
-0.524647
-0.47521
-0.416726
-0.347452
-0.271065
-0.18915
-0.104108
-0.0179975
0.0669537
0.148693
0.224819
0.293771
0.351864
0.400914
0.428911
0.459088
0.427246
0.485361
0.261737
0.638014
-0.458523
1.75357
-1.70028
0.277693
-0.731202
-0.393457
-0.604178
-0.552593
-0.582237
-0.552913
-0.52421
-0.474983
-0.416492
-0.347311
-0.271004
-0.189201
-0.104276
-0.0182841
0.0665671
0.148226
0.224323
0.293246
0.351425
0.400355
0.428691
0.457837
0.427757
0.479604
0.268168
0.607069
-0.402874
1.57639
-1.53187
0.223598
-0.70429
-0.402128
-0.601744
-0.556136
-0.584135
-0.555661
-0.526452
-0.477078
-0.418201
-0.348701
-0.272047
-0.189922
-0.104673
-0.0183582
0.0668329
0.148847
0.22534
0.294647
0.353291
0.402459
0.431404
0.459803
0.431488
0.477439
0.277247
0.580565
-0.348218
1.40846
-1.37393
0.170659
-0.68212
-0.413625
-0.603061
-0.563044
-0.589366
-0.561443
-0.531439
-0.481549
-0.421894
-0.351653
-0.274218
-0.191325
-0.105304
-0.0182146
0.0677656
0.150581
0.227903
0.298014
0.357517
0.407291
0.437136
0.465085
0.438572
0.479016
0.289146
0.558806
-0.294716
1.25103
-1.2281
0.119143
-0.665061
-0.428131
-0.608293
-0.573458
-0.598032
-0.570347
-0.539236
-0.488447
-0.427608
-0.356195
-0.277535
-0.193421
-0.10617
-0.0178486
0.0693772
0.153446
0.232041
0.303388
0.364153
0.414915
0.445971
0.473788
0.449145
0.484499
0.304047
0.542164
-0.242634
1.10574
-1.09648
0.0694644
-0.653535
-0.445814
-0.617598
-0.587498
-0.61022
-0.582436
-0.549888
-0.497804
-0.435367
-0.362341
-0.282007
-0.196214
-0.107273
-0.0172579
0.0716735
0.157452
0.237769
0.310791
0.373231
0.425377
0.457975
0.485994
0.463329
0.494043
0.322116
0.531062
-0.19239
0.974674
-0.981553
0.0220751
-0.64791
-0.466857
-0.631081
-0.605258
-0.625973
-0.597743
-0.563407
-0.509624
-0.445166
-0.370087
-0.287627
-0.1997
-0.108611
-0.0164428
0.0746518
0.162595
0.245083
0.320218
0.384755
0.438688
0.473176
0.501747
0.481217
0.507753
0.343535
0.525868
-0.144433
0.860331
-0.886352
-0.0228595
-0.648759
-0.491896
-0.64915
-0.627199
-0.645644
-0.616598
-0.580063
-0.524136
-0.457188
-0.379571
-0.294496
-0.203938
-0.110204
-0.0153858
0.0783684
0.168971
0.25412
0.331851
0.398952
0.455114
0.491904
0.521397
0.503265
0.526038
0.368942
0.52716
-0.0989256
0.765755
-0.818103
-0.0624911
-0.659359
-0.52176
-0.673623
-0.654609
-0.670585
-0.640148
-0.600881
-0.5422
-0.472138
-0.391342
-0.303004
-0.209166
-0.112139
-0.0140224
0.08304
0.176951
0.265407
0.346375
0.416664
0.475668
0.515295
0.546291
0.530764
0.550721
0.399174
0.538238
-0.0586943
0.698209
-0.792452
-0.0783845
-0.686363
-0.547582
-0.703084
-0.682266
-0.697286
-0.664331
-0.62238
-0.5606
-0.487312
-0.40321
-0.311549
-0.214397
-0.114065
-0.0126447
0.0877353
0.184987
0.276804
0.361132
0.434713
0.496898
0.539303
0.572927
0.558471
0.580371
0.425307
0.565712
-0.042255
0.673258
-77.5144
86.8823
-61.688
30.9886
-16.6179
6.08141
-3.99414
0.679063
-1.2242
-0.242217
-0.534958
-0.280264
-0.268975
-0.155604
-0.0910008
-71.7619
73.6677
-49.8853
23.6055
-13.0339
4.41746
-3.34934
0.368922
-1.13976
-0.306169
-0.536333
-0.298793
-0.276426
-0.161557
-0.0928307
-67.747
64.3121
-42.3619
19.3038
-11.1201
3.53653
-3.03801
0.200333
-1.10953
-0.346445
-0.544992
-0.313154
-0.284435
-0.166669
-0.0947899
-64.0849
56.6379
-36.6476
16.1666
-9.75626
2.88055
-2.81294
0.0625197
-1.0894
-0.383901
-0.554105
-0.327591
-0.292232
-0.171924
-0.0966491
-60.6726
49.9
-31.9197
13.6253
-8.66757
2.33436
-2.63189
-0.0623171
-1.07471
-0.421398
-0.563831
-0.342825
-0.300183
-0.17756
-0.0984755
-57.5274
44.0263
-28.0719
11.5879
-7.8132
1.88366
-2.49065
-0.174594
-1.06608
-0.458345
-0.574597
-0.35862
-0.308417
-0.183509
-0.100301
-54.6267
38.9507
-24.99
9.95693
-7.14649
1.50858
-2.38167
-0.276458
-1.06299
-0.494681
-0.586476
-0.374853
-0.31697
-0.189722
-0.102141
-51.9425
34.5764
-22.5337
8.63122
-6.62171
1.18901
-2.29745
-0.370471
-1.06466
-0.530593
-0.599466
-0.39149
-0.325867
-0.196176
-0.104009
-49.4515
30.8135
-20.5791
7.53164
-6.20503
0.909748
-2.23263
-0.45854
-1.07048
-0.566244
-0.613554
-0.40851
-0.335128
-0.202853
-0.10592
-47.1341
27.5828
-19.022
6.59886
-5.87172
0.659597
-2.18351
-0.542084
-1.08
-0.601757
-0.628718
-0.425895
-0.344763
-0.209737
-0.107884
-44.973
24.8128
-17.774
5.78872
-5.60328
0.4303
-2.14753
-0.622199
-1.09283
-0.637234
-0.644924
-0.443627
-0.354773
-0.216811
-0.109907
-42.9528
22.4393
-16.7609
5.06928
-5.38573
0.215974
-2.12289
-0.699745
-1.1087
-0.67275
-0.662127
-0.461686
-0.365149
-0.22406
-0.111996
-41.0598
20.4043
-15.9219
4.41843
-5.20832
0.0126432
-2.10826
-0.775387
-1.12734
-0.708358
-0.680273
-0.480051
-0.375878
-0.231468
-0.114151
-39.2815
18.6566
-15.208
3.82164
-5.06257
-0.182154
-2.10255
-0.849612
-1.14853
-0.744087
-0.6993
-0.49869
-0.386936
-0.239016
-0.116372
-37.6069
17.1504
-14.5806
3.27002
-4.94158
-0.369706
-2.10476
-0.922735
-1.17204
-0.779935
-0.719131
-0.517568
-0.398294
-0.246685
-0.118657
-36.026
15.8458
-14.0105
2.75861
-4.83949
-0.550427
-2.11381
-0.994899
-1.19765
-0.815871
-0.739673
-0.536637
-0.409913
-0.25445
-0.120999
-34.5297
14.7084
-13.476
2.28515
-4.75133
-0.724048
-2.12859
-1.06607
-1.22505
-0.851825
-0.760819
-0.555839
-0.421748
-0.262285
-0.123392
-33.1099
13.7083
-12.9621
1.8489
-4.67272
-0.889828
-2.14786
-1.13607
-1.25393
-0.887685
-0.782438
-0.575101
-0.433741
-0.270158
-0.125826
-31.7593
12.8206
-12.459
1.44984
-4.59985
-1.04677
-2.17026
-1.20453
-1.2839
-0.923296
-0.804378
-0.594336
-0.44583
-0.278033
-0.128288
-30.4714
12.0243
-11.9611
1.08809
-4.52938
-1.19377
-2.1944
-1.271
-1.3145
-0.958457
-0.826466
-0.613445
-0.457939
-0.285872
-0.130765
-29.2404
11.3023
-11.4657
0.763536
-4.45851
-1.32965
-2.21889
-1.33491
-1.34524
-0.992926
-0.848501
-0.632309
-0.469987
-0.293627
-0.133241
-28.0612
10.6408
-10.9725
0.475604
-4.38498
-1.45339
-2.24236
-1.39562
-1.37558
-1.02642
-0.870266
-0.650797
-0.48188
-0.301251
-0.135698
-26.9292
10.0287
-10.4827
0.223152
-4.30707
-1.56411
-2.26352
-1.45248
-1.40496
-1.05864
-0.891521
-0.668767
-0.493521
-0.30869
-0.138117
-25.8405
9.4576
-9.99836
0.00448798
-4.2236
-1.66117
-2.2812
-1.50484
-1.43279
-1.08924
-0.912016
-0.686063
-0.504804
-0.315886
-0.140477
-24.7918
8.92103
-9.522
-0.182557
-4.13388
-1.74418
-2.29442
-1.55209
-1.45853
-1.11789
-0.931492
-0.702524
-0.515618
-0.322782
-0.142757
-23.7802
8.41423
-9.05611
-0.340518
-4.03767
-1.81302
-2.30236
-1.59369
-1.48164
-1.14425
-0.949688
-0.717985
-0.525851
-0.329314
-0.144935
-22.8032
7.93375
-8.60304
-0.472164
-3.93515
-1.86784
-2.30442
-1.62921
-1.50165
-1.16802
-0.966353
-0.732283
-0.53539
-0.335422
-0.146989
-21.8588
7.47718
-8.16476
-0.580366
-3.82679
-1.90905
-2.30019
-1.65831
-1.51813
-1.18889
-0.981245
-0.745257
-0.544125
-0.341045
-0.148896
-20.9454
7.04288
-7.7428
-0.667976
-3.71333
-1.93726
-2.28948
-1.68077
-1.53075
-1.2066
-0.994144
-0.756759
-0.551951
-0.346125
-0.150636
-20.0614
6.62974
-7.33822
-0.737726
-3.59568
-1.95327
-2.27226
-1.69651
-1.53924
-1.22096
-1.00486
-0.766652
-0.55877
-0.350607
-0.152188
-19.206
6.23702
-6.95163
-0.792155
-3.47483
-1.95802
-2.2487
-1.70556
-1.54344
-1.2318
-1.01323
-0.77482
-0.564496
-0.354442
-0.153534
-18.378
5.86419
-6.58326
-0.833558
-3.35179
-1.95254
-2.21908
-1.70806
-1.54326
-1.23902
-1.01912
-0.781164
-0.569052
-0.357586
-0.154658
-17.5769
5.51082
-6.23298
-0.863956
-3.22758
-1.93792
-2.18382
-1.70425
-1.5387
-1.24257
-1.02245
-0.785612
-0.57238
-0.360003
-0.155547
-16.802
5.17652
-5.90039
-0.885096
-3.10313
-1.91526
-2.14341
-1.69446
-1.52984
-1.24246
-1.02318
-0.788113
-0.574432
-0.361667
-0.156189
-16.0529
4.86087
-5.5849
-0.898456
-2.97929
-1.88564
-2.0984
-1.67908
-1.51682
-1.23875
-1.02128
-0.788644
-0.575182
-0.362558
-0.156577
-15.3292
4.56338
-5.28581
-0.905271
-2.85678
-1.8501
-2.04938
-1.65856
-1.49984
-1.23155
-1.0168
-0.787209
-0.574616
-0.362667
-0.156707
-14.6304
4.28351
-5.00233
-0.906562
-2.73623
-1.80962
-1.99695
-1.63339
-1.47917
-1.22102
-1.00978
-0.783834
-0.57274
-0.361995
-0.156576
-13.9564
4.02063
-4.73364
-0.903167
-2.61813
-1.7651
-1.94171
-1.60407
-1.4551
-1.20734
-1.00034
-0.778572
-0.569575
-0.360549
-0.156188
-13.3066
3.77405
-4.47893
-0.895779
-2.50288
-1.71736
-1.88422
-1.57112
-1.42794
-1.19074
-0.988581
-0.771494
-0.565157
-0.35835
-0.155546
-12.6809
3.54302
-4.23744
-0.884974
-2.39077
-1.66713
-1.82503
-1.53504
-1.39803
-1.17145
-0.974664
-0.762695
-0.559538
-0.355423
-0.154661
-12.0788
3.32676
-4.00843
-0.87124
-2.28201
-1.61505
-1.76465
-1.49633
-1.36574
-1.14975
-0.958754
-0.752282
-0.55278
-0.351803
-0.153541
-11.4999
3.12443
-3.79123
-0.855
-2.17675
-1.5617
-1.70352
-1.45547
-1.33139
-1.12589
-0.941033
-0.74038
-0.54496
-0.347532
-0.152201
-10.9437
2.9352
-3.58522
-0.836627
-2.07508
-1.50758
-1.64209
-1.4129
-1.29536
-1.10017
-0.921694
-0.727124
-0.53616
-0.342657
-0.150657
-10.4097
2.75825
-3.38984
-0.816464
-1.97704
-1.4531
-1.5807
-1.36904
-1.25796
-1.07285
-0.90094
-0.712656
-0.526474
-0.33723
-0.148926
-9.89741
2.59274
-3.20456
-0.794826
-1.88266
-1.39864
-1.51971
-1.32429
-1.21953
-1.04422
-0.878974
-0.697126
-0.515998
-0.331308
-0.147027
-9.4062
2.43787
-3.02891
-0.772011
-1.79192
-1.34454
-1.4594
-1.279
-1.18037
-1.01454
-0.856003
-0.680687
-0.504834
-0.324951
-0.14498
-8.93544
2.29287
-2.86245
-0.7483
-1.70482
-1.29105
-1.40003
-1.23351
-1.14077
-0.98407
-0.83223
-0.663492
-0.493088
-0.31822
-0.142807
-8.48443
2.15697
-2.70474
-0.723958
-1.62133
-1.23844
-1.34182
-1.18809
-1.101
-0.953059
-0.807852
-0.645695
-0.480864
-0.311178
-0.140529
-8.05247
2.02948
-2.55541
-0.699239
-1.5414
-1.1869
-1.28498
-1.14304
-1.06131
-0.921742
-0.783064
-0.627446
-0.468269
-0.303889
-0.138167
-7.63881
1.9097
-2.41407
-0.67438
-1.465
-1.13663
-1.22967
-1.09858
-1.02194
-0.890339
-0.758049
-0.608893
-0.455405
-0.296414
-0.135745
-7.24268
1.797
-2.28036
-0.649599
-1.3921
-1.08779
-1.17604
-1.05493
-0.983094
-0.859059
-0.732984
-0.590177
-0.442377
-0.288817
-0.133282
-6.8633
1.69077
-2.15392
-0.625103
-1.32264
-1.04052
-1.12422
-1.01229
-0.944967
-0.828094
-0.708037
-0.571436
-0.429281
-0.281158
-0.130801
-6.49987
1.59045
-2.03441
-0.601077
-1.25659
-0.994934
-1.07433
-0.970834
-0.907736
-0.797624
-0.683365
-0.5528
-0.416214
-0.273495
-0.128321
-6.15158
1.49549
-1.9215
-0.577691
-1.19389
-0.951154
-1.02646
-0.930716
-0.871562
-0.767813
-0.659116
-0.534392
-0.403266
-0.265886
-0.125863
-5.81763
1.40541
-1.81486
-0.555099
-1.13451
-0.909271
-0.980692
-0.892074
-0.836592
-0.738813
-0.635427
-0.516329
-0.390526
-0.258384
-0.123446
-5.49723
1.31973
-1.71419
-0.533438
-1.07839
-0.86937
-0.93711
-0.855034
-0.802957
-0.710766
-0.612427
-0.49872
-0.378074
-0.251041
-0.121086
-5.18958
1.23801
-1.61918
-0.512831
-1.02548
-0.831526
-0.895777
-0.819707
-0.770777
-0.6838
-0.590235
-0.481669
-0.365989
-0.243905
-0.118801
-4.89394
1.15986
-1.52954
-0.493388
-0.975753
-0.795804
-0.856748
-0.786194
-0.740162
-0.658033
-0.568962
-0.46527
-0.354343
-0.237021
-0.116606
-4.60955
1.0849
-1.44499
-0.475207
-0.929155
-0.762264
-0.820077
-0.754587
-0.711212
-0.633574
-0.54871
-0.449614
-0.343206
-0.230435
-0.114517
-4.33571
1.01277
-1.3653
-0.458378
-0.885647
-0.730961
-0.785811
-0.724968
-0.684018
-0.610523
-0.529574
-0.434783
-0.33264
-0.224184
-0.112548
-4.07176
0.943158
-1.29021
-0.442984
-0.845198
-0.701948
-0.753996
-0.697417
-0.658666
-0.588973
-0.511642
-0.420856
-0.322705
-0.218308
-0.11071
-3.81708
0.875769
-1.21951
-0.429103
-0.807779
-0.675273
-0.724676
-0.672004
-0.635234
-0.56901
-0.494997
-0.407904
-0.313458
-0.212841
-0.109015
-3.5711
0.810336
-1.15302
-0.41681
-0.773371
-0.650988
-0.697895
-0.648801
-0.613797
-0.550715
-0.479715
-0.395995
-0.304949
-0.207817
-0.107475
-3.33332
0.746618
-1.09058
-0.40618
-0.741965
-0.629147
-0.673698
-0.627874
-0.594427
-0.534165
-0.465867
-0.385193
-0.297229
-0.203265
-0.1061
-3.10333
0.684401
-1.03206
-0.397292
-0.713564
-0.609804
-0.652136
-0.609291
-0.577192
-0.519431
-0.453522
-0.375556
-0.290341
-0.199214
-0.104899
-2.8808
0.6235
-0.977359
-0.390225
-0.688183
-0.593023
-0.63326
-0.59312
-0.562161
-0.506583
-0.442744
-0.367139
-0.284329
-0.195691
-0.10388
-2.66548
0.563759
-0.926427
-0.385067
-0.665854
-0.578873
-0.61713
-0.579428
-0.549399
-0.495688
-0.433593
-0.359996
-0.279232
-0.19272
-0.103051
-2.45727
0.505051
-0.879248
-0.381913
-0.646624
-0.567428
-0.603808
-0.568287
-0.538974
-0.48681
-0.426128
-0.354174
-0.275087
-0.190324
-0.10242
-2.2562
0.447286
-0.835856
-0.380869
-0.630556
-0.558776
-0.593368
-0.55977
-0.530953
-0.480013
-0.420404
-0.349721
-0.271929
-0.188525
-0.101992
-2.06246
0.390408
-0.796331
-0.38205
-0.617733
-0.55301
-0.585885
-0.553954
-0.525402
-0.475359
-0.416474
-0.346681
-0.269789
-0.187341
-0.101774
-1.87646
0.334402
-0.760806
-0.385585
-0.608255
-0.550236
-0.581443
-0.550919
-0.522392
-0.472907
-0.414388
-0.345093
-0.268698
-0.18679
-0.10177
-1.6988
0.279303
-0.72947
-0.391615
-0.602238
-0.550567
-0.580134
-0.550745
-0.521987
-0.472717
-0.414195
-0.344995
-0.268683
-0.186889
-0.101987
-1.53039
0.225201
-0.702568
-0.400298
-0.599819
-0.554127
-0.582053
-0.553517
-0.524258
-0.474844
-0.415939
-0.346423
-0.269767
-0.187652
-0.102427
-1.37246
0.172257
-0.680404
-0.411804
-0.601147
-0.56105
-0.587302
-0.559321
-0.529269
-0.479342
-0.419663
-0.349409
-0.271973
-0.189092
-0.103095
-1.22663
0.120736
-0.663351
-0.426317
-0.60639
-0.571475
-0.595983
-0.568242
-0.537087
-0.486264
-0.425403
-0.353979
-0.27532
-0.191219
-0.103993
-1.09502
0.0710545
-0.65183
-0.444007
-0.615701
-0.585525
-0.608182
-0.580345
-0.547755
-0.49564
-0.433183
-0.360149
-0.279817
-0.194038
-0.105122
-0.980092
0.0236631
-0.646207
-0.465053
-0.629189
-0.603292
-0.623944
-0.595663
-0.561287
-0.507475
-0.442999
-0.367913
-0.285457
-0.197544
-0.106481
-0.884892
-0.0212723
-0.647057
-0.490094
-0.647261
-0.625237
-0.643621
-0.614525
-0.577952
-0.521998
-0.455033
-0.377411
-0.29234
-0.201798
-0.108089
-0.816643
-0.0609038
-0.657657
-0.519958
-0.671736
-0.652649
-0.668565
-0.638079
-0.598776
-0.540069
-0.469992
-0.389192
-0.300859
-0.207037
-0.110035
-0.790993
-0.0767966
-0.684661
-0.545779
-0.701196
-0.680306
-0.695266
-0.662265
-0.620278
-0.558473
-0.485171
-0.401064
-0.30941
-0.212273
-0.111967
)
;

boundaryField
{
    movingWall
    {
        type            zeroGradient;
    }
    Inlet
    {
        type            cyclic;
    }
    Outlet
    {
        type            cyclic;
    }
    Bottom
    {
        type            zeroGradient;
    }
    frontAndBack
    {
        type            empty;
    }
}


// ************************************************************************* //
