/*--------------------------------*- C++ -*----------------------------------*\
| =========                 |                                                 |
| \\      /  F ield         | OpenFOAM: The Open Source CFD Toolbox           |
|  \\    /   O peration     | Version:  5.x                                   |
|   \\  /    A nd           | Web:      www.OpenFOAM.org                      |
|    \\/     M anipulation  |                                                 |
\*---------------------------------------------------------------------------*/
FoamFile
{
    version     2.0;
    format      ascii;
    class       volVectorField;
    location    "0.015";
    object      wallShearStress;
}
// * * * * * * * * * * * * * * * * * * * * * * * * * * * * * * * * * * * * * //

dimensions      [0 2 -2 0 0 0 0];

internalField   uniform (0 0 0);

boundaryField
{
    movingWall
    {
        type            calculated;
        value           uniform (0 0 0);
    }
    Inlet
    {
        type            cyclic;
    }
    Outlet
    {
        type            cyclic;
    }
    Bottom
    {
        type            calculated;
        value           nonuniform List<vector> 
90
(
(0.336219 0.0173257 1.17549e-38)
(0.339572 0.0521478 -1.93709e-20)
(0.324308 0.0856813 1.15947e-19)
(0.349915 0.12791 -7.52316e-37)
(0.27791 0.146326 3.02795e-19)
(0.416544 0.237941 -6.83713e-20)
(0.0931865 0.143267 1.57468e-18)
(0.743492 0.521329 -1.74707e-20)
(-0.636477 -0.209741 5.40812e-18)
(2.08535 1.56535 -3.61112e-35)
(-3.18726 -1.90829 1.05705e-19)
(5.92415 4.47078 -2.1882e-17)
(-7.48475 -4.01152 -2.84075e-33)
(7.57152 2.11776 3.05911e-17)
(-7.05839 3.30265 1.51272e-17)
(-7.05693 -3.32588 7.37395e-18)
(7.57165 -2.11586 3.0553e-17)
(-7.48468 4.01079 -2.67223e-33)
(5.92421 -4.47128 1.09436e-19)
(-3.18682 1.90781 1.18854e-17)
(2.08536 -1.56551 1.69582e-20)
(-0.6362 0.209509 -2.34373e-19)
(0.743526 -0.521411 9.30338e-19)
(0.0933388 -0.143365 3.41711e-18)
(0.416599 -0.237983 1.20371e-35)
(0.277994 -0.146362 3.7129e-19)
(0.349965 -0.127928 -2.60865e-21)
(0.32436 -0.085691 1.88681e-19)
(0.339607 -0.0521474 2.29397e-21)
(0.336228 -0.0173118 1.82777e-20)
(0.336221 0.017313 -1.0015e-22)
(0.339589 0.0521459 -1.32457e-21)
(0.324324 0.0856837 1.03518e-19)
(0.349926 0.127913 1.16107e-19)
(0.277917 0.146329 -4.23178e-37)
(0.41655 0.237945 9.42465e-20)
(0.0931898 0.143272 3.01569e-20)
(0.743497 0.52134 1.78131e-20)
(-0.636467 -0.209734 5.3496e-18)
(2.08537 1.56535 -4.3109e-18)
(-3.18722 -1.90829 3.85186e-34)
(5.92422 4.47078 2.24367e-17)
(-7.48465 -4.01151 0)
(7.57169 2.11775 3.00927e-36)
(-7.05829 3.30268 1.51263e-17)
(-7.05684 -3.32585 7.37411e-18)
(7.57169 -2.11586 3.05528e-17)
(-7.48466 4.01079 -2.0463e-34)
(5.92421 -4.47128 2.44503e-36)
(-3.18684 1.90781 6.87735e-20)
(2.08535 -1.56551 -4.29249e-18)
(-0.636206 0.209508 1.12904e-17)
(0.743526 -0.521411 1.65997e-21)
(0.0933357 -0.143364 5.00795e-21)
(0.416597 -0.237983 -8.08254e-21)
(0.277993 -0.146362 -3.7163e-19)
(0.349964 -0.127928 -2.61421e-21)
(0.324359 -0.0856911 1.90052e-19)
(0.339606 -0.0521469 -1.68029e-19)
(0.336227 -0.0173118 8.49131e-22)
(0.33622 0.017313 -1.61507e-21)
(0.339588 0.0521459 -3.09517e-20)
(0.324323 0.0856838 1.03115e-19)
(0.349925 0.127913 1.30591e-21)
(0.277916 0.146329 -2.87748e-19)
(0.416547 0.237945 6.76777e-21)
(0.0931867 0.143272 -5.01021e-21)
(0.743491 0.521341 -3.34058e-22)
(-0.636472 -0.209733 2.19368e-19)
(2.08537 1.56535 2.40741e-35)
(-3.18722 -1.90829 -1.19054e-17)
(5.92422 4.47078 2.17816e-17)
(-7.48463 -4.01153 4.31854e-17)
(7.57175 2.11774 -3.05942e-17)
(-7.05819 3.3027 -7.7633e-18)
(-7.05673 -3.32582 -7.84849e-18)
(7.57186 -2.11585 7.63003e-20)
(-7.48456 4.0108 4.34943e-17)
(5.92427 -4.47127 -2.32224e-19)
(-3.1868 1.90781 -1.19784e-17)
(2.08536 -1.56552 -2.88889e-34)
(-0.636206 0.209504 1.12432e-17)
(0.74352 -0.521412 4.81482e-35)
(0.0933334 -0.143367 2.35099e-38)
(0.416599 -0.237984 -3.45001e-21)
(0.277997 -0.146363 -3.55921e-19)
(0.349971 -0.127929 1.50463e-36)
(0.324369 -0.0856926 9.17809e-22)
(0.339619 -0.0521485 -1.19799e-21)
(0.336242 -0.01731 1.46937e-39)
)
;
    }
    frontAndBack
    {
        type            empty;
    }
}


// ************************************************************************* //
