/*--------------------------------*- C++ -*----------------------------------*\
| =========                 |                                                 |
| \\      /  F ield         | OpenFOAM: The Open Source CFD Toolbox           |
|  \\    /   O peration     | Version:  5.x                                   |
|   \\  /    A nd           | Web:      www.OpenFOAM.org                      |
|    \\/     M anipulation  |                                                 |
\*---------------------------------------------------------------------------*/
FoamFile
{
    version     2.0;
    format      ascii;
    class       surfaceScalarField;
    location    "0.9";
    object      phi;
}
// * * * * * * * * * * * * * * * * * * * * * * * * * * * * * * * * * * * * * //

dimensions      [0 3 -1 0 0 0 0];

internalField   nonuniform List<scalar> 
940
(
1.66e-08
-1.18084e-23
1.66e-08
-9.44902e-24
1.66e-08
-4.02835e-24
1.66e-08
-8.83452e-24
1.66e-08
-9.32745e-24
1.66e-08
-4.64184e-24
1.66e-08
-6.96425e-24
1.66e-08
-1.17439e-23
1.66e-08
-7.54936e-24
1.66e-08
-2.26975e-24
1.66e-08
-2.28304e-24
1.66e-08
5.65222e-24
1.66e-08
6.4835e-24
1.66e-08
5.48955e-25
1.66e-08
7.99546e-24
1.66e-08
1.08265e-23
1.66e-08
-4.46539e-24
1.66e-08
-8.6882e-26
1.66e-08
9.20983e-24
1.66e-08
-2.31e-24
1.66e-08
3.69507e-24
1.66e-08
3.33886e-24
1.66e-08
-2.61322e-24
1.66e-08
1.02503e-23
1.66e-08
-6.2167e-24
1.66e-08
-5.30225e-24
1.66e-08
2.28881e-24
1.66e-08
-3.57858e-24
1.66e-08
-7.17707e-24
1.66e-08
7.14227e-24
1.66e-08
1.95932e-24
1.66e-08
-3.46339e-24
1.66e-08
3.16352e-24
1.66e-08
-9.84519e-24
1.66e-08
-1.02301e-23
1.66e-08
1.47005e-23
1.66e-08
-1.31612e-24
1.66e-08
-4.13112e-25
1.66e-08
2.10359e-24
1.66e-08
-4.23659e-24
1.66e-08
5.91594e-24
1.66e-08
1.30396e-23
1.66e-08
1.34341e-23
1.66e-08
3.07213e-24
1.66e-08
-1.35499e-23
1.66e-08
-3.33151e-24
1.66e-08
7.23252e-25
1.66e-08
7.66472e-24
1.66e-08
2.12484e-23
6.75383e-24
4.98e-08
-2.23479e-23
4.98e-08
-1.74043e-23
4.98e-08
-2.27417e-23
4.98e-08
-2.48478e-23
4.98e-08
-2.52616e-23
4.98e-08
-2.0106e-23
4.98e-08
-2.10951e-23
4.98e-08
-3.17203e-23
4.98e-08
-1.78501e-23
4.98e-08
-8.12582e-24
4.98e-08
-5.66536e-24
4.98e-08
7.64388e-24
4.98e-08
1.45679e-23
4.98e-08
4.66782e-24
4.98e-08
1.11977e-23
4.98e-08
2.44935e-23
4.98e-08
7.04991e-25
4.98e-08
6.50353e-24
4.98e-08
1.77947e-23
4.98e-08
3.01311e-24
4.98e-08
1.23308e-23
4.98e-08
6.54279e-24
4.98e-08
-5.69454e-24
4.98e-08
1.11435e-23
4.98e-08
-1.18088e-23
4.98e-08
-1.79096e-23
4.98e-08
-3.59347e-24
4.98e-08
-1.58869e-23
4.98e-08
-1.09761e-23
4.98e-08
1.19725e-23
4.98e-08
-1.23171e-24
4.98e-08
-1.08388e-23
4.98e-08
2.9635e-24
4.98e-08
-1.93912e-23
4.98e-08
-1.39061e-23
4.98e-08
2.50544e-23
4.98e-08
3.91345e-24
4.98e-08
2.68669e-24
4.98e-08
1.52614e-25
4.98e-08
-1.05298e-23
4.98e-08
2.52945e-23
4.98e-08
3.45055e-23
4.98e-08
2.13418e-23
4.98e-08
-1.19364e-23
4.98e-08
-1.90306e-23
4.98e-08
2.50154e-24
4.98e-08
-1.99409e-25
4.98e-08
2.19696e-23
4.98e-08
4.62906e-23
1.56041e-23
8.3e-08
-2.54666e-23
8.3e-08
-3.08237e-23
8.3e-08
-2.60662e-23
8.3e-08
-2.91126e-23
8.3e-08
-3.33542e-23
8.3e-08
-3.79829e-23
8.3e-08
-4.66945e-23
8.3e-08
-4.38127e-23
8.3e-08
-3.33953e-23
8.3e-08
-1.7538e-23
8.3e-08
-1.42814e-23
8.3e-08
2.45397e-24
8.3e-08
2.20308e-23
8.3e-08
2.38619e-24
8.3e-08
2.50695e-23
8.3e-08
3.92223e-23
8.3e-08
6.89661e-24
8.3e-08
-1.197e-25
8.3e-08
2.40243e-23
8.3e-08
1.72634e-23
8.3e-08
2.15734e-23
8.3e-08
1.4011e-23
8.3e-08
5.44556e-25
8.3e-08
-4.80122e-25
8.3e-08
-1.01765e-23
8.3e-08
-2.74732e-23
8.3e-08
-1.48753e-23
8.3e-08
-1.37084e-23
8.3e-08
-1.03405e-23
8.3e-08
6.47475e-24
8.3e-08
-8.25875e-24
8.3e-08
-7.56194e-24
8.3e-08
5.41905e-24
8.3e-08
-2.22373e-23
8.3e-08
-8.50181e-24
8.3e-08
3.03661e-23
8.3e-08
4.42128e-24
8.3e-08
2.84401e-24
8.3e-08
1.00668e-23
8.3e-08
1.27947e-23
8.3e-08
3.9305e-23
8.3e-08
4.4757e-23
8.3e-08
2.76345e-23
8.3e-08
-1.39713e-23
8.3e-08
-1.77834e-23
8.3e-08
-2.14216e-23
8.3e-08
1.84485e-24
8.3e-08
5.38206e-23
8.3e-08
5.38724e-23
2.58862e-23
1.162e-07
-3.35883e-23
1.162e-07
-2.88257e-23
1.162e-07
-3.05499e-23
1.162e-07
-2.79582e-23
1.162e-07
-4.37597e-23
1.162e-07
-4.31538e-23
1.162e-07
-6.64389e-23
1.162e-07
-6.65669e-23
1.162e-07
-5.63522e-23
1.162e-07
-2.68168e-23
1.162e-07
-5.61202e-24
1.162e-07
1.16607e-23
1.162e-07
2.99939e-23
1.162e-07
2.16021e-23
1.162e-07
2.48302e-23
1.162e-07
3.12859e-23
1.162e-07
1.99019e-23
1.162e-07
2.58167e-23
1.162e-07
2.45413e-23
1.162e-07
1.43048e-23
1.162e-07
1.86712e-23
1.162e-07
1.83359e-23
1.162e-07
-8.79671e-24
1.162e-07
-4.19555e-25
1.162e-07
-3.26963e-24
1.162e-07
-2.3555e-23
1.162e-07
-1.10745e-23
1.162e-07
-3.56325e-23
1.162e-07
-2.31551e-23
1.162e-07
-6.39274e-24
1.162e-07
-1.15797e-23
1.162e-07
4.49875e-24
1.162e-07
6.32991e-24
1.162e-07
-2.09732e-23
1.162e-07
-1.05081e-23
1.162e-07
2.58201e-23
1.162e-07
1.76556e-23
1.162e-07
1.40424e-23
1.162e-07
3.06037e-23
1.162e-07
4.41836e-23
1.162e-07
3.40521e-23
1.162e-07
3.40766e-23
1.162e-07
2.68175e-23
1.162e-07
-2.13738e-24
1.162e-07
-1.89041e-23
1.162e-07
-1.95258e-23
1.162e-07
1.01058e-23
1.162e-07
7.09572e-23
1.162e-07
4.50228e-23
-2.33238e-24
1.494e-07
-2.57268e-23
1.494e-07
-3.26217e-23
1.494e-07
-3.29833e-23
1.494e-07
-3.6856e-23
1.494e-07
-4.25223e-23
1.494e-07
-6.02244e-23
1.494e-07
-8.02264e-23
1.494e-07
-8.79855e-23
1.494e-07
-4.64953e-23
1.494e-07
-3.62657e-23
1.494e-07
-1.96877e-23
1.494e-07
1.65469e-23
1.494e-07
5.89338e-23
1.494e-07
5.49226e-23
1.494e-07
3.29237e-23
1.494e-07
3.67792e-23
1.494e-07
1.85078e-23
1.494e-07
3.01196e-23
1.494e-07
2.17507e-23
1.494e-07
8.86883e-24
1.494e-07
2.25544e-23
1.494e-07
5.55445e-24
1.494e-07
-2.01247e-23
1.494e-07
-6.35151e-24
1.494e-07
1.36971e-24
1.494e-07
-1.56984e-25
1.494e-07
-2.09962e-23
1.494e-07
-3.67441e-23
1.494e-07
-2.56713e-23
1.494e-07
3.45926e-24
1.494e-07
1.9442e-23
1.494e-07
6.29619e-24
1.494e-07
-8.38427e-24
1.494e-07
-3.51335e-23
1.494e-07
-2.10734e-23
1.494e-07
2.25644e-23
1.494e-07
4.19934e-23
1.494e-07
2.66041e-23
1.494e-07
3.27924e-23
1.494e-07
3.04315e-23
1.494e-07
3.25423e-23
1.494e-07
2.95824e-23
1.494e-07
3.2192e-23
1.494e-07
7.50825e-24
1.494e-07
-2.05633e-24
1.494e-07
-1.92618e-23
1.494e-07
1.1364e-24
1.494e-07
6.32621e-23
1.494e-07
2.89135e-23
-1.96467e-23
1.826e-07
-1.31661e-23
1.826e-07
2.16446e-24
1.826e-07
-6.53799e-24
1.826e-07
-3.2293e-23
1.826e-07
-4.5614e-23
1.826e-07
-8.65291e-23
1.826e-07
-7.80378e-23
1.826e-07
-5.96395e-23
1.826e-07
-3.89151e-23
1.826e-07
-1.91223e-23
1.826e-07
-1.98204e-23
1.826e-07
2.87534e-23
1.826e-07
5.35089e-23
1.826e-07
4.34353e-23
1.826e-07
4.84313e-23
1.826e-07
4.78734e-23
1.826e-07
1.34719e-23
1.826e-07
1.47906e-23
1.826e-07
3.1865e-23
1.826e-07
6.82716e-24
1.826e-07
-4.41588e-24
1.826e-07
-1.5465e-23
1.826e-07
-3.22322e-23
1.826e-07
6.18034e-24
1.826e-07
2.50209e-24
1.826e-07
-2.47642e-23
1.826e-07
-4.65498e-24
1.826e-07
-3.46377e-23
1.826e-07
-3.26989e-23
1.826e-07
1.607e-23
1.826e-07
1.31021e-23
1.826e-07
1.53402e-23
1.826e-07
-5.06991e-24
1.826e-07
-2.94552e-23
1.826e-07
-4.14061e-23
1.826e-07
2.73903e-23
1.826e-07
3.33002e-23
1.826e-07
3.63738e-23
1.826e-07
5.86531e-23
1.826e-07
4.80205e-23
1.826e-07
1.82164e-23
1.826e-07
2.90082e-23
1.826e-07
2.11655e-23
1.826e-07
-6.88322e-24
1.826e-07
-1.52934e-23
1.826e-07
-3.14828e-23
1.826e-07
9.13338e-24
1.826e-07
9.23247e-23
1.826e-07
2.506e-23
-4.07686e-23
2.158e-07
-1.63103e-23
2.158e-07
-1.28525e-23
2.158e-07
1.01925e-24
2.158e-07
-1.66552e-23
2.158e-07
-6.20535e-23
2.158e-07
-5.94245e-23
2.158e-07
-7.65458e-23
2.158e-07
-8.49223e-23
2.158e-07
-2.87476e-23
2.158e-07
-4.22717e-24
2.158e-07
-1.10994e-24
2.158e-07
2.28424e-23
2.158e-07
3.15275e-23
2.158e-07
1.45548e-23
2.158e-07
2.576e-23
2.158e-07
4.35727e-23
2.158e-07
1.95135e-23
2.158e-07
2.88189e-23
2.158e-07
4.34315e-23
2.158e-07
4.70131e-23
2.158e-07
2.99919e-23
2.158e-07
-2.17283e-23
2.158e-07
-5.83543e-23
2.158e-07
-1.30048e-23
2.158e-07
1.23758e-23
2.158e-07
-1.17702e-24
2.158e-07
-1.80653e-23
2.158e-07
-3.03801e-23
2.158e-07
-4.16436e-24
2.158e-07
9.6514e-24
2.158e-07
1.7047e-23
2.158e-07
2.33179e-23
2.158e-07
-2.10772e-23
2.158e-07
-4.32573e-23
2.158e-07
-1.36723e-23
2.158e-07
2.70952e-23
2.158e-07
4.36758e-23
2.158e-07
4.89204e-23
2.158e-07
6.86963e-23
2.158e-07
3.93459e-23
2.158e-07
-1.04925e-23
2.158e-07
1.52595e-23
2.158e-07
3.27861e-23
2.158e-07
4.31064e-24
2.158e-07
-2.33092e-23
2.158e-07
-1.19138e-23
2.158e-07
1.95753e-23
2.158e-07
5.39447e-23
2.158e-07
7.40776e-24
-3.44127e-23
2.49e-07
1.52349e-23
2.49e-07
2.00409e-23
2.49e-07
-5.61003e-24
2.49e-07
-2.1485e-23
2.49e-07
-4.36983e-23
2.49e-07
-4.77966e-23
2.49e-07
-3.38033e-23
2.49e-07
-2.5408e-23
2.49e-07
-6.272e-24
2.49e-07
9.34642e-24
2.49e-07
-3.87632e-24
2.49e-07
1.87463e-23
2.49e-07
-8.17502e-24
2.49e-07
-1.95313e-23
2.49e-07
2.02545e-23
2.49e-07
4.38245e-23
2.49e-07
4.48266e-23
2.49e-07
4.33188e-23
2.49e-07
3.35149e-23
2.49e-07
3.39534e-23
2.49e-07
1.13774e-23
2.49e-07
-1.39069e-23
2.49e-07
-5.17707e-23
2.49e-07
-4.07241e-23
2.49e-07
-1.43985e-23
2.49e-07
5.91979e-24
2.49e-07
-6.99304e-25
2.49e-07
-2.73011e-23
2.49e-07
2.1861e-24
2.49e-07
6.80399e-24
2.49e-07
2.69848e-23
2.49e-07
2.57689e-23
2.49e-07
-8.73002e-24
2.49e-07
-3.47582e-23
2.49e-07
-3.64046e-23
2.49e-07
3.24359e-23
2.49e-07
4.2771e-23
2.49e-07
3.05576e-23
2.49e-07
3.38556e-23
2.49e-07
3.00377e-24
2.49e-07
1.02433e-23
2.49e-07
8.84814e-25
2.49e-07
2.84559e-23
2.49e-07
-3.20608e-23
2.49e-07
-3.08653e-23
2.49e-07
-1.855e-23
2.49e-07
1.44373e-23
2.49e-07
6.38184e-23
2.49e-07
3.44558e-24
-6.68351e-23
2.822e-07
3.56441e-23
2.822e-07
3.2346e-23
2.822e-07
8.38774e-24
2.822e-07
-2.44932e-23
2.822e-07
-2.33372e-23
2.822e-07
-3.88702e-23
2.822e-07
-1.64587e-23
2.822e-07
-5.76573e-24
2.822e-07
5.54639e-24
2.822e-07
1.44923e-23
2.822e-07
2.7686e-23
2.822e-07
-8.45507e-24
2.822e-07
-1.71515e-23
2.822e-07
-1.22035e-23
2.822e-07
3.46515e-24
2.822e-07
3.47291e-23
2.822e-07
3.68755e-23
2.822e-07
1.50749e-23
2.822e-07
4.40705e-23
2.822e-07
8.24113e-24
2.822e-07
3.89201e-23
2.822e-07
-6.00243e-24
2.822e-07
-6.23708e-23
2.822e-07
-4.03158e-23
2.822e-07
-6.67099e-24
2.822e-07
-4.60316e-24
2.822e-07
-2.48181e-24
2.822e-07
1.11526e-23
2.822e-07
1.00583e-23
2.822e-07
2.33305e-23
2.822e-07
6.1081e-24
2.822e-07
2.35801e-23
2.822e-07
3.87868e-24
2.822e-07
-2.44295e-23
2.822e-07
-1.31771e-23
2.822e-07
1.31711e-23
2.822e-07
2.31138e-23
2.822e-07
1.12154e-23
2.822e-07
2.9376e-23
2.822e-07
2.51049e-23
2.822e-07
4.41266e-24
2.822e-07
3.32956e-23
2.822e-07
8.91824e-25
2.822e-07
-2.09991e-23
2.822e-07
-2.85231e-23
2.822e-07
-1.28428e-23
2.822e-07
5.7221e-24
2.822e-07
2.89178e-23
2.822e-07
-2.45994e-23
-5.16467e-23
3.154e-07
3.154e-07
3.154e-07
3.154e-07
3.154e-07
3.154e-07
3.154e-07
3.154e-07
3.154e-07
3.154e-07
3.154e-07
3.154e-07
3.154e-07
3.154e-07
3.154e-07
3.154e-07
3.154e-07
3.154e-07
3.154e-07
3.154e-07
3.154e-07
3.154e-07
3.154e-07
3.154e-07
3.154e-07
3.154e-07
3.154e-07
3.154e-07
3.154e-07
3.154e-07
3.154e-07
3.154e-07
3.154e-07
3.154e-07
3.154e-07
3.154e-07
3.154e-07
3.154e-07
3.154e-07
3.154e-07
3.154e-07
3.154e-07
3.154e-07
3.154e-07
3.154e-07
3.154e-07
3.154e-07
3.154e-07
3.154e-07
)
;

boundaryField
{
    movingWall
    {
        type            calculated;
        value           uniform 0;
    }
    Inlet
    {
        type            calculated;
        value           nonuniform List<scalar> 10(-1.66e-08 -4.98e-08 -8.3e-08 -1.162e-07 -1.494e-07 -1.826e-07 -2.158e-07 -2.49e-07 -2.822e-07 -3.154e-07);
    }
    Outlet
    {
        type            calculated;
        value           nonuniform List<scalar> 10(1.66e-08 4.98e-08 8.3e-08 1.162e-07 1.494e-07 1.826e-07 2.158e-07 2.49e-07 2.822e-07 3.154e-07);
    }
    Bottom
    {
        type            calculated;
        value           uniform 0;
    }
    frontAndBack
    {
        type            empty;
        value           nonuniform 0();
    }
}


// ************************************************************************* //
