/*--------------------------------*- C++ -*----------------------------------*\
| =========                 |                                                 |
| \\      /  F ield         | OpenFOAM: The Open Source CFD Toolbox           |
|  \\    /   O peration     | Version:  5.x                                   |
|   \\  /    A nd           | Web:      www.OpenFOAM.org                      |
|    \\/     M anipulation  |                                                 |
\*---------------------------------------------------------------------------*/
FoamFile
{
    version     2.0;
    format      ascii;
    class       volVectorField;
    location    "0.9";
    object      U;
}
// * * * * * * * * * * * * * * * * * * * * * * * * * * * * * * * * * * * * * //

dimensions      [0 1 -1 0 0 0 0];

internalField   nonuniform List<vector> 
500
(
(0.0415 -1.20152e-17 0)
(0.0415 -9.78728e-18 0)
(0.0415 -5.6086e-18 0)
(0.0415 -8.27703e-18 0)
(0.0415 -6.40795e-18 0)
(0.0415 -1.0113e-18 0)
(0.0415 -1.05544e-17 0)
(0.0415 -1.68692e-17 0)
(0.0415 4.54451e-19 0)
(0.0415 2.56068e-19 0)
(0.0415 4.57696e-19 0)
(0.0415 1.2037e-17 0)
(0.0415 7.95633e-18 0)
(0.0415 -4.00517e-18 0)
(0.0415 5.17922e-18 0)
(0.0415 1.18991e-17 0)
(0.0415 -8.9835e-18 0)
(0.0415 -1.82998e-18 0)
(0.0415 1.2949e-17 0)
(0.0415 -1.12315e-17 0)
(0.0415 -2.32635e-18 0)
(0.0415 2.11803e-18 0)
(0.0415 -3.13718e-18 0)
(0.0415 9.70693e-18 0)
(0.0415 -8.50477e-18 0)
(0.0415 -8.75599e-18 0)
(0.0415 5.3995e-18 0)
(0.0415 -1.13434e-18 0)
(0.0415 -1.35673e-17 0)
(0.0415 1.34103e-17 0)
(0.0415 -2.01089e-18 0)
(0.0415 -2.70152e-18 0)
(0.0415 1.29452e-17 0)
(0.0415 -2.3625e-17 0)
(0.0415 -1.40332e-17 0)
(0.0415 4.26639e-17 0)
(0.0415 7.40533e-18 0)
(0.0415 -9.97272e-19 0)
(0.0415 -7.95827e-18 0)
(0.0415 -1.78238e-17 0)
(0.0415 2.67045e-17 0)
(0.0415 1.05462e-17 0)
(0.0415 1.33269e-17 0)
(0.0415 1.97139e-17 0)
(0.0415 -2.41839e-17 0)
(0.0415 -2.13597e-17 0)
(0.0415 1.48292e-17 0)
(0.0415 1.32274e-17 0)
(0.0415 9.53509e-18 0)
(0.0415 -1.54309e-17 0)
(0.1245 -4.68157e-17 0)
(0.1245 -3.87129e-17 0)
(0.1245 -3.05866e-17 0)
(0.1245 -3.90336e-17 0)
(0.1245 -4.73191e-17 0)
(0.1245 -3.08546e-17 0)
(0.1245 -2.75853e-17 0)
(0.1245 -5.25041e-17 0)
(0.1245 -3.2366e-17 0)
(0.1245 -1.24277e-17 0)
(0.1245 -9.77182e-18 0)
(0.1245 2.25313e-17 0)
(0.1245 2.49954e-17 0)
(0.1245 8.61991e-18 0)
(0.1245 2.84281e-17 0)
(0.1245 4.23751e-17 0)
(0.1245 -1.29107e-17 0)
(0.1245 1.13773e-17 0)
(0.1245 3.40513e-17 0)
(0.1245 -6.79515e-18 0)
(0.1245 1.82034e-17 0)
(0.1245 9.74916e-18 0)
(0.1245 -1.18116e-17 0)
(0.1245 3.7528e-17 0)
(0.1245 -2.26266e-17 0)
(0.1245 -3.00394e-17 0)
(0.1245 -2.94941e-18 0)
(0.1245 -2.49654e-17 0)
(0.1245 -1.83672e-17 0)
(0.1245 2.58365e-17 0)
(0.1245 1.08458e-17 0)
(0.1245 -2.03946e-17 0)
(0.1245 -5.23323e-18 0)
(0.1245 -3.35951e-17 0)
(0.1245 -2.10815e-17 0)
(0.1245 5.552e-17 0)
(0.1245 1.11724e-18 0)
(0.1245 -1.00799e-17 0)
(0.1245 9.43495e-18 0)
(0.1245 -1.30488e-17 0)
(0.1245 1.55471e-17 0)
(0.1245 5.98557e-17 0)
(0.1245 5.37518e-17 0)
(0.1245 -1.08336e-18 0)
(0.1245 -6.12265e-17 0)
(0.1245 -9.69142e-18 0)
(0.1245 7.99922e-18 0)
(0.1245 4.02419e-17 0)
(0.1245 1.01722e-16 0)
(0.1245 4.15285e-17 0)
(0.2075 -6.80173e-17 0)
(0.2075 -6.15576e-17 0)
(0.2075 -6.10608e-17 0)
(0.2075 -6.97842e-17 0)
(0.2075 -6.8863e-17 0)
(0.2075 -7.07031e-17 0)
(0.2075 -8.65523e-17 0)
(0.2075 -9.26051e-17 0)
(0.2075 -6.38544e-17 0)
(0.2075 -3.13161e-17 0)
(0.2075 -2.54938e-17 0)
(0.2075 8.25825e-18 0)
(0.2075 4.47631e-17 0)
(0.2075 -7.65451e-19 0)
(0.2075 4.52928e-17 0)
(0.2075 9.072e-17 0)
(0.2075 1.36971e-17 0)
(0.2075 -2.53588e-18 0)
(0.2075 5.24842e-17 0)
(0.2075 3.4656e-17 0)
(0.2075 4.5168e-17 0)
(0.2075 2.70547e-17 0)
(0.2075 -4.1063e-18 0)
(0.2075 1.72745e-17 0)
(0.2075 -4.26258e-17 0)
(0.2075 -6.315e-17 0)
(0.2075 -2.06073e-17 0)
(0.2075 -3.50549e-17 0)
(0.2075 -2.47394e-17 0)
(0.2075 3.19607e-17 0)
(0.2075 -1.51311e-17 0)
(0.2075 -3.25342e-17 0)
(0.2075 2.99809e-17 0)
(0.2075 -5.37997e-17 0)
(0.2075 -4.45456e-17 0)
(0.2075 6.35913e-17 0)
(0.2075 1.24182e-18 0)
(0.2075 2.54226e-17 0)
(0.2075 -1.85363e-19 0)
(0.2075 -1.06962e-17 0)
(0.2075 9.76816e-17 0)
(0.2075 1.13697e-16 0)
(0.2075 5.88031e-17 0)
(0.2075 -5.96869e-17 0)
(0.2075 -3.87515e-17 0)
(0.2075 1.14848e-17 0)
(0.2075 -3.26912e-18 0)
(0.2075 7.82295e-17 0)
(0.2075 1.39771e-16 0)
(0.2075 6.60326e-17 0)
(0.2905 -6.49885e-17 0)
(0.2905 -7.1616e-17 0)
(0.2905 -7.46498e-17 0)
(0.2905 -7.8717e-17 0)
(0.2905 -9.90065e-17 0)
(0.2905 -9.9199e-17 0)
(0.2905 -1.43264e-16 0)
(0.2905 -1.41863e-16 0)
(0.2905 -1.13008e-16 0)
(0.2905 -5.51021e-17 0)
(0.2905 -2.98368e-17 0)
(0.2905 1.00084e-17 0)
(0.2905 7.2795e-17 0)
(0.2905 2.97973e-17 0)
(0.2905 5.67997e-17 0)
(0.2905 8.34699e-17 0)
(0.2905 3.72744e-17 0)
(0.2905 4.20615e-17 0)
(0.2905 7.06103e-17 0)
(0.2905 4.57475e-17 0)
(0.2905 6.02323e-17 0)
(0.2905 4.10893e-17 0)
(0.2905 -1.1121e-17 0)
(0.2905 -1.18934e-17 0)
(0.2905 -9.23686e-18 0)
(0.2905 -6.10075e-17 0)
(0.2905 -2.72832e-17 0)
(0.2905 -7.37885e-17 0)
(0.2905 -5.65419e-17 0)
(0.2905 3.75161e-18 0)
(0.2905 -3.18603e-17 0)
(0.2905 2.68392e-19 0)
(0.2905 1.0212e-17 0)
(0.2905 -4.86498e-17 0)
(0.2905 -2.78199e-17 0)
(0.2905 6.907e-17 0)
(0.2905 3.36205e-17 0)
(0.2905 1.42364e-17 0)
(0.2905 5.65874e-17 0)
(0.2905 6.08183e-17 0)
(0.2905 9.76902e-17 0)
(0.2905 1.03074e-16 0)
(0.2905 7.49612e-17 0)
(0.2905 -1.93032e-17 0)
(0.2905 -4.10509e-17 0)
(0.2905 -5.75257e-17 0)
(0.2905 9.0491e-18 0)
(0.2905 1.70925e-16 0)
(0.2905 1.12051e-16 0)
(0.2905 1.99914e-17 0)
(0.3735 -8.23911e-17 0)
(0.3735 -8.70205e-17 0)
(0.3735 -8.54627e-17 0)
(0.3735 -8.1419e-17 0)
(0.3735 -1.13086e-16 0)
(0.3735 -1.39608e-16 0)
(0.3735 -1.85322e-16 0)
(0.3735 -1.92216e-16 0)
(0.3735 -1.37906e-16 0)
(0.3735 -8.60476e-17 0)
(0.3735 -3.12756e-17 0)
(0.3735 4.53751e-17 0)
(0.3735 9.58389e-17 0)
(0.3735 1.00766e-16 0)
(0.3735 8.80851e-17 0)
(0.3735 8.38688e-17 0)
(0.3735 4.28324e-17 0)
(0.3735 7.30254e-17 0)
(0.3735 5.48024e-17 0)
(0.3735 2.51116e-17 0)
(0.3735 4.58482e-17 0)
(0.3735 3.90716e-17 0)
(0.3735 -2.62379e-17 0)
(0.3735 7.26426e-18 0)
(0.3735 4.32551e-18 0)
(0.3735 -4.88562e-17 0)
(0.3735 -5.74231e-17 0)
(0.3735 -7.6347e-17 0)
(0.3735 -5.56769e-17 0)
(0.3735 -1.91719e-17 0)
(0.3735 9.71568e-18 0)
(0.3735 7.79474e-18 0)
(0.3735 -3.81261e-18 0)
(0.3735 -7.57153e-17 0)
(0.3735 -2.52566e-17 0)
(0.3735 6.31317e-17 0)
(0.3735 5.81336e-17 0)
(0.3735 3.75465e-17 0)
(0.3735 8.535e-17 0)
(0.3735 1.21285e-16 0)
(0.3735 8.82728e-17 0)
(0.3735 7.46649e-17 0)
(0.3735 5.87408e-17 0)
(0.3735 3.2043e-17 0)
(0.3735 -1.49888e-17 0)
(0.3735 -7.00679e-17 0)
(0.3735 6.96081e-18 0)
(0.3735 1.77406e-16 0)
(0.3735 1.34547e-16 0)
(0.3735 6.5454e-18 0)
(0.4565 -5.64026e-17 0)
(0.4565 -4.09935e-17 0)
(0.4565 -4.86731e-17 0)
(0.4565 -7.96709e-17 0)
(0.4565 -1.08367e-16 0)
(0.4565 -1.86203e-16 0)
(0.4565 -2.04413e-16 0)
(0.4565 -2.04066e-16 0)
(0.4565 -1.1525e-16 0)
(0.4565 -8.01163e-17 0)
(0.4565 -4.64879e-17 0)
(0.4565 5.83088e-17 0)
(0.4565 1.56431e-16 0)
(0.4565 1.36064e-16 0)
(0.4565 8.89102e-17 0)
(0.4565 1.09584e-16 0)
(0.4565 4.38652e-17 0)
(0.4565 5.09772e-17 0)
(0.4565 6.67656e-17 0)
(0.4565 9.19198e-18 0)
(0.4565 2.35279e-17 0)
(0.4565 -8.65666e-18 0)
(0.4565 -7.2719e-17 0)
(0.4565 -5.66534e-18 0)
(0.4565 1.41969e-18 0)
(0.4565 -4.02577e-18 0)
(0.4565 -3.07459e-17 0)
(0.4565 -1.07973e-16 0)
(0.4565 -6.34037e-17 0)
(0.4565 8.39806e-18 0)
(0.4565 3.5685e-17 0)
(0.4565 3.52852e-17 0)
(0.4565 -2.68232e-17 0)
(0.4565 -8.36562e-17 0)
(0.4565 -7.82153e-17 0)
(0.4565 5.90222e-17 0)
(0.4565 1.081e-16 0)
(0.4565 9.35765e-17 0)
(0.4565 1.10883e-16 0)
(0.4565 1.04492e-16 0)
(0.4565 5.51918e-17 0)
(0.4565 8.37756e-17 0)
(0.4565 9.43397e-17 0)
(0.4565 -1.10462e-17 0)
(0.4565 -3.78236e-17 0)
(0.4565 -6.24728e-17 0)
(0.4565 3.45251e-17 0)
(0.4565 1.99234e-16 0)
(0.4565 2.73965e-17 0)
(0.4565 -1.08212e-16 0)
(0.5395 -4.08868e-17 0)
(0.5395 -9.3176e-18 0)
(0.5395 -1.02041e-17 0)
(0.5395 -6.83834e-17 0)
(0.5395 -1.31599e-16 0)
(0.5395 -1.84233e-16 0)
(0.5395 -2.16533e-16 0)
(0.5395 -1.79283e-16 0)
(0.5395 -7.86897e-17 0)
(0.5395 -2.6269e-17 0)
(0.5395 -3.25772e-17 0)
(0.5395 5.00338e-17 0)
(0.5395 1.1621e-16 0)
(0.5395 7.42757e-17 0)
(0.5395 1.05053e-16 0)
(0.5395 1.19426e-16 0)
(0.5395 4.17641e-17 0)
(0.5395 5.17825e-17 0)
(0.5395 8.77471e-17 0)
(0.5395 7.01366e-17 0)
(0.5395 2.07032e-17 0)
(0.5395 -6.71525e-17 0)
(0.5395 -1.17409e-16 0)
(0.5395 -1.38346e-17 0)
(0.5395 2.24057e-17 0)
(0.5395 -3.70495e-17 0)
(0.5395 -2.93518e-17 0)
(0.5395 -7.81577e-17 0)
(0.5395 -6.36611e-17 0)
(0.5395 5.31267e-17 0)
(0.5395 4.03943e-17 0)
(0.5395 4.81144e-17 0)
(0.5395 -2.42567e-17 0)
(0.5395 -9.14804e-17 0)
(0.5395 -8.11364e-17 0)
(0.5395 7.54277e-17 0)
(0.5395 1.13646e-16 0)
(0.5395 9.62677e-17 0)
(0.5395 1.6164e-16 0)
(0.5395 1.07001e-16 0)
(0.5395 3.283e-17 0)
(0.5395 4.53998e-17 0)
(0.5395 5.11495e-17 0)
(0.5395 -2.90096e-18 0)
(0.5395 -4.48753e-17 0)
(0.5395 -5.15851e-17 0)
(0.5395 2.84579e-17 0)
(0.5395 1.84582e-16 0)
(0.5395 4.26957e-17 0)
(0.5395 -9.48163e-17 0)
(0.6225 1.67822e-17 0)
(0.6225 1.44893e-17 0)
(0.6225 -3.77187e-18 0)
(0.6225 -5.51513e-17 0)
(0.6225 -1.59585e-16 0)
(0.6225 -1.58442e-16 0)
(0.6225 -1.27794e-16 0)
(0.6225 -1.3595e-16 0)
(0.6225 -4.58256e-17 0)
(0.6225 1.59211e-17 0)
(0.6225 -6.01108e-18 0)
(0.6225 6.97603e-17 0)
(0.6225 1.50748e-17 0)
(0.6225 -1.70701e-17 0)
(0.6225 6.3892e-17 0)
(0.6225 1.11451e-16 0)
(0.6225 7.89136e-17 0)
(0.6225 9.1523e-17 0)
(0.6225 9.54591e-17 0)
(0.6225 1.14729e-16 0)
(0.6225 5.29065e-17 0)
(0.6225 -3.51811e-17 0)
(0.6225 -1.29349e-16 0)
(0.6225 -7.00953e-17 0)
(0.6225 -1.21602e-17 0)
(0.6225 -1.27393e-17 0)
(0.6225 -1.48818e-17 0)
(0.6225 -6.56395e-17 0)
(0.6225 -1.64056e-17 0)
(0.6225 1.84385e-17 0)
(0.6225 7.3038e-17 0)
(0.6225 6.34131e-17 0)
(0.6225 -4.32093e-17 0)
(0.6225 -1.09581e-16 0)
(0.6225 -6.61249e-17 0)
(0.6225 7.66384e-17 0)
(0.6225 1.08786e-16 0)
(0.6225 1.30231e-16 0)
(0.6225 1.47861e-16 0)
(0.6225 3.30419e-17 0)
(0.6225 -3.31511e-17 0)
(0.6225 6.6406e-18 0)
(0.6225 7.31935e-17 0)
(0.6225 -2.76776e-17 0)
(0.6225 -5.82531e-17 0)
(0.6225 -2.87113e-17 0)
(0.6225 3.03743e-17 0)
(0.6225 1.32126e-16 0)
(0.6225 3.21034e-17 0)
(0.6225 -1.185e-16 0)
(0.7055 6.47556e-17 0)
(0.7055 5.69585e-17 0)
(0.7055 -1.30596e-18 0)
(0.7055 -5.09082e-17 0)
(0.7055 -7.39246e-17 0)
(0.7055 -9.38624e-17 0)
(0.7055 -6.15524e-17 0)
(0.7055 -5.65877e-17 0)
(0.7055 -5.88951e-18 0)
(0.7055 2.70759e-17 0)
(0.7055 3.49396e-17 0)
(0.7055 9.28969e-18 0)
(0.7055 -2.75625e-17 0)
(0.7055 -3.90355e-17 0)
(0.7055 1.83731e-17 0)
(0.7055 1.0533e-16 0)
(0.7055 1.09209e-16 0)
(0.7055 8.56673e-17 0)
(0.7055 1.21163e-16 0)
(0.7055 4.84903e-17 0)
(0.7055 8.67294e-17 0)
(0.7055 -3.31502e-17 0)
(0.7055 -1.8077e-16 0)
(0.7055 -1.09905e-16 0)
(0.7055 -3.10558e-17 0)
(0.7055 6.46047e-18 0)
(0.7055 6.36641e-18 0)
(0.7055 -2.19659e-17 0)
(0.7055 3.63558e-17 0)
(0.7055 4.16922e-17 0)
(0.7055 4.53319e-17 0)
(0.7055 7.35554e-17 0)
(0.7055 -1.89492e-17 0)
(0.7055 -7.35547e-17 0)
(0.7055 -5.83635e-17 0)
(0.7055 6.19018e-17 0)
(0.7055 8.58278e-17 0)
(0.7055 4.15539e-17 0)
(0.7055 7.09418e-17 0)
(0.7055 5.51405e-17 0)
(0.7055 9.16542e-18 0)
(0.7055 6.33117e-17 0)
(0.7055 5.31443e-17 0)
(0.7055 -9.19039e-17 0)
(0.7055 -1.05755e-16 0)
(0.7055 -6.17185e-17 0)
(0.7055 4.07813e-17 0)
(0.7055 1.43556e-16 0)
(0.7055 -5.0596e-17 0)
(0.7055 -1.82501e-16 0)
(0.7885 4.54649e-17 0)
(0.7885 6.54548e-17 0)
(0.7885 2.92984e-17 0)
(0.7885 -5.8386e-17 0)
(0.7885 -4.47392e-17 0)
(0.7885 -4.95396e-17 0)
(0.7885 -3.71978e-17 0)
(0.7885 5.89879e-18 0)
(0.7885 1.65288e-17 0)
(0.7885 2.5293e-17 0)
(0.7885 3.54158e-17 0)
(0.7885 -1.73447e-17 0)
(0.7885 -1.82628e-17 0)
(0.7885 -2.27789e-17 0)
(0.7885 -1.17777e-18 0)
(0.7885 3.87157e-17 0)
(0.7885 5.30931e-17 0)
(0.7885 1.1651e-17 0)
(0.7885 4.22565e-17 0)
(0.7885 1.26259e-17 0)
(0.7885 4.99869e-17 0)
(0.7885 8.87229e-19 0)
(0.7885 -7.92264e-17 0)
(0.7885 -5.76553e-17 0)
(0.7885 1.4062e-17 0)
(0.7885 1.66897e-17 0)
(0.7885 -3.80833e-17 0)
(0.7885 -4.88992e-18 0)
(0.7885 3.55038e-17 0)
(0.7885 4.8139e-17 0)
(0.7885 -1.89017e-17 0)
(0.7885 2.50852e-17 0)
(0.7885 4.80052e-17 0)
(0.7885 -1.71107e-17 0)
(0.7885 -3.48822e-18 0)
(0.7885 1.70873e-17 0)
(0.7885 1.14659e-17 0)
(0.7885 -4.88846e-19 0)
(0.7885 3.2795e-17 0)
(0.7885 2.91651e-17 0)
(0.7885 4.49323e-17 0)
(0.7885 3.72994e-17 0)
(0.7885 -2.16168e-17 0)
(0.7885 -3.64078e-17 0)
(0.7885 -3.60041e-17 0)
(0.7885 -2.3835e-17 0)
(0.7885 -1.17342e-17 0)
(0.7885 2.86102e-17 0)
(0.7885 -4.44002e-17 0)
(0.7885 -7.86667e-17 0)
)
;

boundaryField
{
    movingWall
    {
        type            fixedValue;
        value           uniform (0.83 0 0);
    }
    Inlet
    {
        type            zeroGradient;
    }
    Outlet
    {
        type            zeroGradient;
    }
    Bottom
    {
        type            fixedValue;
        value           uniform (0 0 0);
    }
    frontAndBack
    {
        type            empty;
    }
}


// ************************************************************************* //
