/*--------------------------------*- C++ -*----------------------------------*\
| =========                 |                                                 |
| \\      /  F ield         | OpenFOAM: The Open Source CFD Toolbox           |
|  \\    /   O peration     | Version:  5.x                                   |
|   \\  /    A nd           | Web:      www.OpenFOAM.org                      |
|    \\/     M anipulation  |                                                 |
\*---------------------------------------------------------------------------*/
FoamFile
{
    version     2.0;
    format      ascii;
    class       volVectorField;
    location    "0.9";
    object      wallShearStress;
}
// * * * * * * * * * * * * * * * * * * * * * * * * * * * * * * * * * * * * * //

dimensions      [0 2 -2 0 0 0 0];

internalField   uniform (0 0 0);

boundaryField
{
    movingWall
    {
        type            calculated;
        value           nonuniform List<vector> 
50
(
(0.184675 -2.69758e-16 0)
(0.184675 -3.88365e-16 0)
(0.184675 -1.73837e-16 0)
(0.184675 3.46424e-16 0)
(0.184675 2.65453e-16 0)
(0.184675 2.93935e-16 0)
(0.184675 2.20707e-16 0)
(0.184675 -3.49995e-17 0)
(0.184675 -9.80709e-17 0)
(0.184675 -1.50072e-16 0)
(0.184675 -2.10134e-16 0)
(0.184675 1.02912e-16 0)
(0.184675 1.08359e-16 0)
(0.184675 1.35155e-16 0)
(0.184675 6.9881e-18 0)
(0.184675 -2.29713e-16 0)
(0.184675 -3.15019e-16 0)
(0.184675 -6.91293e-17 0)
(0.184675 -2.50722e-16 0)
(0.184675 -7.49137e-17 0)
(0.184675 -2.96589e-16 0)
(0.184675 -5.26423e-18 0)
(0.184675 4.70077e-16 0)
(0.184675 3.42088e-16 0)
(0.184675 -8.34345e-17 0)
(0.184675 -9.90256e-17 0)
(0.184675 2.25961e-16 0)
(0.184675 2.90135e-17 0)
(0.184675 -2.10656e-16 0)
(0.184675 -2.85625e-16 0)
(0.184675 1.1215e-16 0)
(0.184675 -1.48839e-16 0)
(0.184675 -2.84831e-16 0)
(0.184675 1.01523e-16 0)
(0.184675 2.06968e-17 0)
(0.184675 -1.01385e-16 0)
(0.184675 -6.8031e-17 0)
(0.184675 2.90049e-18 0)
(0.184675 -1.94584e-16 0)
(0.184675 -1.73046e-16 0)
(0.184675 -2.66598e-16 0)
(0.184675 -2.2131e-16 0)
(0.184675 1.2826e-16 0)
(0.184675 2.1602e-16 0)
(0.184675 2.13624e-16 0)
(0.184675 1.41421e-16 0)
(0.184675 6.96229e-17 0)
(0.184675 -1.69754e-16 0)
(0.184675 2.63441e-16 0)
(0.184675 4.66756e-16 0)
)
;
    }
    Inlet
    {
        type            calculated;
        value           uniform (0 0 0);
    }
    Outlet
    {
        type            calculated;
        value           uniform (0 0 0);
    }
    Bottom
    {
        type            calculated;
        value           nonuniform List<vector> 
50
(
(-0.184675 7.12902e-17 0)
(-0.184675 5.80712e-17 0)
(-0.184675 3.32777e-17 0)
(-0.184675 4.91104e-17 0)
(-0.184675 3.80205e-17 0)
(-0.184675 6.00038e-18 0)
(-0.184675 6.26228e-17 0)
(-0.184675 1.00091e-16 0)
(-0.184675 -2.69641e-18 0)
(-0.184675 -1.51934e-18 0)
(-0.184675 -2.71566e-18 0)
(-0.184675 -7.14195e-17 0)
(-0.184675 -4.72076e-17 0)
(-0.184675 2.3764e-17 0)
(-0.184675 -3.073e-17 0)
(-0.184675 -7.06013e-17 0)
(-0.184675 5.33021e-17 0)
(-0.184675 1.08579e-17 0)
(-0.184675 -7.68307e-17 0)
(-0.184675 6.66402e-17 0)
(-0.184675 1.3803e-17 0)
(-0.184675 -1.2567e-17 0)
(-0.184675 1.86139e-17 0)
(-0.184675 -5.75945e-17 0)
(-0.184675 5.04616e-17 0)
(-0.184675 5.19522e-17 0)
(-0.184675 -3.2037e-17 0)
(-0.184675 6.73042e-18 0)
(-0.184675 8.04993e-17 0)
(-0.184675 -7.95678e-17 0)
(-0.184675 1.19313e-17 0)
(-0.184675 1.6029e-17 0)
(-0.184675 -7.68082e-17 0)
(-0.184675 1.40175e-16 0)
(-0.184675 8.32637e-17 0)
(-0.184675 -2.53139e-16 0)
(-0.184675 -4.39383e-17 0)
(-0.184675 5.91715e-18 0)
(-0.184675 4.72191e-17 0)
(-0.184675 1.05755e-16 0)
(-0.184675 -1.58447e-16 0)
(-0.184675 -6.25741e-17 0)
(-0.184675 -7.90729e-17 0)
(-0.184675 -1.16969e-16 0)
(-0.184675 1.43491e-16 0)
(-0.184675 1.26734e-16 0)
(-0.184675 -8.79866e-17 0)
(-0.184675 -7.84826e-17 0)
(-0.184675 -5.65749e-17 0)
(-0.184675 9.15567e-17 0)
)
;
    }
    frontAndBack
    {
        type            empty;
    }
}


// ************************************************************************* //
