/*--------------------------------*- C++ -*----------------------------------*\
| =========                 |                                                 |
| \\      /  F ield         | OpenFOAM: The Open Source CFD Toolbox           |
|  \\    /   O peration     | Version:  5.x                                   |
|   \\  /    A nd           | Web:      www.OpenFOAM.org                      |
|    \\/     M anipulation  |                                                 |
\*---------------------------------------------------------------------------*/
FoamFile
{
    version     2.0;
    format      ascii;
    class       volScalarField;
    location    "0.02";
    object      p;
}
// * * * * * * * * * * * * * * * * * * * * * * * * * * * * * * * * * * * * * //

dimensions      [0 2 -2 0 0 0 0];

internalField   nonuniform List<scalar> 
7200
(
-0.000187773
0.0635678
0.176506
0.187375
0.442449
0.148785
1.13348
-0.775034
3.91221
-6.19496
16.5775
-31.1947
61.8092
-87.3057
77.6864
0.00121754
0.0693653
0.183876
0.20588
0.443773
0.21288
1.04877
-0.46399
3.2652
-4.52581
12.9803
-23.7856
49.9617
-74.044
71.9103
0.00273542
0.0742604
0.191764
0.220175
0.452374
0.253212
1.0184
-0.294983
2.95263
-3.64246
11.0589
-19.4693
42.4087
-64.6557
67.8785
0.00415258
0.0792575
0.199407
0.234517
0.461404
0.290687
0.998116
-0.156912
2.72649
-2.98492
9.68931
-16.3219
36.6715
-56.9546
64.2012
0.00556277
0.0846082
0.207169
0.249626
0.471016
0.328164
0.98323
-0.0319473
2.54439
-2.43766
8.59576
-13.7726
31.9241
-50.1931
60.7749
0.00699496
0.0902565
0.215185
0.265267
0.481637
0.365043
0.974357
0.0803239
2.40211
-1.98632
7.73727
-11.7291
28.0602
-44.2988
57.6166
0.00845405
0.0961555
0.223492
0.281314
0.493334
0.401257
0.970962
0.182055
2.2921
-1.61094
7.06706
-10.0935
24.9651
-39.2051
54.7039
0.00994517
0.102281
0.232117
0.297732
0.506103
0.436988
0.972261
0.275815
2.20683
-1.29131
6.53925
-8.76422
22.4979
-34.8152
52.0083
0.0114739
0.108615
0.241079
0.314498
0.519928
0.472398
0.977653
0.363528
2.14095
-1.01218
6.11991
-7.66187
20.5345
-31.0388
49.5066
0.0130448
0.115136
0.250387
0.331592
0.534786
0.507609
0.986675
0.446622
2.09077
-0.762281
5.78424
-6.7269
18.9701
-27.7963
47.1792
0.0146612
0.121828
0.260041
0.348996
0.550639
0.542721
0.99896
0.52621
2.05372
-0.533319
5.5137
-5.91496
17.7161
-25.0161
45.0086
0.0163246
0.128673
0.270032
0.366689
0.567443
0.577812
1.01422
0.603165
2.02802
-0.319379
5.29425
-5.19402
16.6979
-22.6338
42.9793
0.0180349
0.135653
0.280346
0.384649
0.585145
0.61294
1.0322
0.678166
2.01235
-0.116464
5.11512
-4.54188
15.8546
-20.5912
41.0775
0.0197902
0.14275
0.290959
0.402846
0.603684
0.648137
1.0527
0.751713
2.00563
0.0779025
4.96781
-3.94397
15.1368
-18.8368
39.2909
0.0215871
0.149942
0.301842
0.421244
0.622984
0.683408
1.07549
0.824134
2.00685
0.265017
4.84538
-3.39134
14.506
-17.3248
37.6082
0.0234201
0.157206
0.312958
0.439798
0.642959
0.718728
1.10034
0.89558
2.01495
0.445299
4.74195
-2.87903
13.9328
-16.0152
36.0195
0.0252824
0.164517
0.324261
0.458453
0.663503
0.754032
1.12698
0.966029
2.02881
0.618478
4.65254
-2.40479
13.3954
-14.8734
34.5157
0.0271654
0.171843
0.335698
0.477138
0.684492
0.789217
1.15509
1.03529
2.04719
0.783811
4.57276
-1.96788
12.8787
-13.8695
33.0887
0.0290589
0.179152
0.347207
0.495772
0.705778
0.824133
1.18428
1.10303
2.06873
0.940305
4.49877
-1.56826
12.3729
-12.9784
31.731
0.0309512
0.186405
0.358717
0.514256
0.727192
0.858585
1.2141
1.16878
2.09205
1.08683
4.42722
-1.20608
11.8723
-12.1791
30.4363
0.032829
0.193561
0.370149
0.532479
0.74854
0.892336
1.24407
1.23198
2.11573
1.22223
4.3553
-0.881237
11.3742
-11.4545
29.1987
0.0346776
0.200574
0.381414
0.550313
0.769608
0.925111
1.27365
1.29198
2.13841
1.34547
4.28073
-0.593141
10.8784
-10.7906
28.013
0.0364811
0.207393
0.392417
0.56762
0.790162
0.956602
1.30227
1.34813
2.15879
1.45566
4.20179
-0.340658
10.3861
-10.1765
26.8749
0.0382227
0.213965
0.403057
0.584249
0.809955
0.986486
1.32936
1.39979
2.17571
1.55216
4.11728
-0.122094
9.89926
-9.60359
25.7802
0.0398844
0.220235
0.413228
0.600043
0.828732
1.01442
1.35436
1.44634
2.18816
1.63457
4.0265
0.0647273
9.42044
-9.0654
24.7258
0.0414482
0.226145
0.42282
0.61484
0.846236
1.04009
1.37674
1.48725
2.19534
1.70278
3.92923
0.22235
8.95215
-8.55715
23.7086
0.0428954
0.231637
0.431725
0.628482
0.862218
1.06315
1.39603
1.52208
2.19663
1.75694
3.82562
0.353553
8.49675
-8.07538
22.7263
0.0442079
0.236656
0.439836
0.64081
0.876439
1.08334
1.4118
1.55048
2.19162
1.79744
3.71616
0.461221
8.05621
-7.61766
21.7769
0.0453679
0.241145
0.447052
0.65168
0.888682
1.10038
1.42372
1.57224
2.18012
1.82491
3.6016
0.54822
7.63209
-7.18235
20.8585
0.0463588
0.245053
0.453277
0.660958
0.898755
1.11408
1.43152
1.58729
2.16211
1.84015
3.48282
0.617296
7.22545
-6.76831
19.97
0.0471654
0.248334
0.458428
0.668529
0.906498
1.12428
1.43504
1.59564
2.13775
1.84411
3.36085
0.671003
6.83691
-6.37481
19.1101
0.047774
0.250947
0.462432
0.674296
0.911787
1.13086
1.43419
1.59743
2.10732
1.83781
3.23669
0.711648
6.46669
-6.00129
18.278
0.0481731
0.252858
0.465229
0.678187
0.914534
1.1338
1.42897
1.59291
2.07125
1.82235
3.11137
0.741268
6.11467
-5.64732
17.4729
0.0483536
0.254041
0.466777
0.680155
0.914691
1.13308
1.41945
1.58242
2.03002
1.79884
2.98583
0.76162
5.78045
-5.31251
16.6943
0.0483089
0.254478
0.467046
0.680176
0.912248
1.12879
1.40578
1.56633
1.9842
1.76837
2.86092
0.774195
5.46345
-4.99641
15.9417
0.0480348
0.254161
0.466025
0.678253
0.907233
1.12102
1.38817
1.54512
1.93437
1.73198
2.73737
0.780235
5.16295
-4.69855
15.2148
0.04753
0.25309
0.46372
0.674413
0.89971
1.10993
1.36687
1.51925
1.88114
1.69066
2.61582
0.780772
4.87817
-4.41836
14.513
0.0467962
0.251272
0.46015
0.668708
0.889773
1.0957
1.34218
1.48925
1.82511
1.64532
2.49676
0.776651
4.60829
-4.15521
13.8362
0.0458371
0.248727
0.455352
0.661209
0.877546
1.07857
1.31442
1.45563
1.76685
1.59678
2.38059
0.76857
4.3525
-3.90841
13.1839
0.0446595
0.245478
0.449375
0.652009
0.863176
1.05877
1.28393
1.41889
1.70692
1.54578
2.26762
0.757112
4.11002
-3.67719
12.5559
0.0432722
0.24156
0.442281
0.641214
0.846829
1.03657
1.25106
1.37954
1.64581
1.49297
2.15805
0.742769
3.88012
-3.46076
11.9516
0.0416861
0.23701
0.434142
0.628948
0.828688
1.01224
1.21617
1.33806
1.584
1.43892
2.05204
0.725965
3.66213
-3.25828
11.3708
0.0399142
0.231874
0.425041
0.615343
0.808945
0.986046
1.17959
1.29489
1.5219
1.38414
1.94967
0.707079
3.45541
-3.06892
10.8129
0.0379707
0.226201
0.415068
0.600541
0.7878
0.95828
1.14168
1.25047
1.4599
1.32905
1.851
0.686454
3.25942
-2.89184
10.2774
0.0358715
0.220045
0.404317
0.584689
0.765458
0.929214
1.10275
1.20518
1.39832
1.27403
1.75604
0.664407
3.07361
-2.72621
9.7638
0.0336334
0.213463
0.392888
0.567937
0.742122
0.899115
1.06312
1.15938
1.33746
1.21941
1.6648
0.641237
2.89751
-2.57122
9.27145
0.0312739
0.206512
0.380882
0.550439
0.717996
0.868243
1.02307
1.1134
1.27759
1.16546
1.57725
0.617225
2.73067
-2.42608
8.7997
0.0288112
0.199253
0.368404
0.532345
0.693275
0.836846
0.98287
1.06754
1.21892
1.11243
1.49336
0.592637
2.57267
-2.29004
8.34787
0.0262635
0.191746
0.355555
0.513804
0.668153
0.805157
0.94278
1.02207
1.16166
1.06053
1.4131
0.567725
2.42311
-2.16238
7.91524
0.0236496
0.184051
0.342437
0.494961
0.642812
0.773399
0.903028
0.977228
1.10598
1.00994
1.33643
0.542724
2.28161
-2.04243
7.50105
0.0209877
0.176226
0.329151
0.475957
0.617429
0.741777
0.863824
0.933231
1.05202
0.960832
1.2633
0.517854
2.1478
-1.92955
7.10452
0.0182961
0.168331
0.315792
0.456927
0.59217
0.710484
0.825362
0.890275
0.99991
0.913339
1.19368
0.493317
2.02132
-1.82311
6.72486
0.0155927
0.160422
0.302455
0.438
0.56719
0.679698
0.78782
0.848534
0.949767
0.867585
1.12751
0.469299
1.90183
-1.72256
6.36125
0.0128947
0.152552
0.289229
0.419298
0.542637
0.649584
0.751356
0.80816
0.901686
0.823677
1.06475
0.445965
1.78899
-1.62737
6.0129
0.0102189
0.144775
0.276199
0.400936
0.518647
0.620294
0.716116
0.769293
0.85575
0.781709
1.00534
0.423469
1.68248
-1.53702
5.67899
0.00758169
0.13714
0.263446
0.383024
0.495348
0.591966
0.68223
0.732056
0.812032
0.741762
0.949241
0.401944
1.58196
-1.45106
5.3587
0.00499845
0.129695
0.251047
0.365661
0.472858
0.564729
0.649818
0.696558
0.770593
0.703909
0.896399
0.38151
1.48715
-1.36905
5.05126
0.00248412
0.122485
0.239074
0.348945
0.451287
0.538698
0.618988
0.662898
0.731491
0.668214
0.846768
0.362276
1.39775
-1.29058
4.7559
5.29039e-05
0.115551
0.227595
0.332962
0.430736
0.513984
0.589838
0.631166
0.694774
0.634732
0.800301
0.344336
1.31349
-1.21529
4.47185
-0.00228167
0.108936
0.216673
0.317797
0.4113
0.490683
0.562458
0.601444
0.660489
0.603516
0.756956
0.327778
1.23409
-1.14281
4.19843
-0.00450674
0.102675
0.206368
0.303527
0.393067
0.468889
0.536932
0.573806
0.628677
0.574615
0.716696
0.312682
1.15934
-1.07284
3.93495
-0.00661005
0.0968048
0.196736
0.290224
0.376117
0.448686
0.513336
0.548324
0.59938
0.548076
0.679491
0.299123
1.089
-1.00508
3.68078
-0.00858
0.0913587
0.187829
0.277955
0.360528
0.430153
0.491744
0.525064
0.57264
0.523947
0.645319
0.287173
1.02289
-0.939259
3.43537
-0.0104055
0.086368
0.179696
0.266783
0.346369
0.413368
0.472226
0.504092
0.5485
0.502278
0.614168
0.276906
0.960852
-0.875144
3.19821
-0.0120762
0.0818621
0.172384
0.256768
0.33371
0.398399
0.454849
0.485474
0.527007
0.483124
0.586037
0.268396
0.902746
-0.81252
2.96888
-0.013582
0.0778687
0.165935
0.247966
0.322613
0.385317
0.439679
0.469274
0.50821
0.466542
0.56094
0.261721
0.84848
-0.751202
2.74703
-0.0149136
0.0744138
0.160391
0.240429
0.31314
0.374187
0.426781
0.455559
0.492166
0.452599
0.538906
0.256966
0.797994
-0.691035
2.53243
-0.0160621
0.0715217
0.155788
0.234208
0.305348
0.365073
0.416222
0.444398
0.478936
0.441369
0.519977
0.254225
0.751274
-0.631895
2.32498
-0.0170191
0.0692153
0.152164
0.229348
0.299294
0.358038
0.408066
0.435862
0.468589
0.432935
0.504217
0.253599
0.708349
-0.57369
2.12469
-0.0177769
0.0675158
0.149552
0.225895
0.295029
0.353143
0.402379
0.430028
0.461201
0.427388
0.491704
0.255203
0.669299
-0.516366
1.93176
-0.018328
0.0664426
0.147982
0.22389
0.292605
0.350448
0.39923
0.426971
0.456853
0.424832
0.482537
0.259162
0.634257
-0.45991
1.74658
-0.0186659
0.0660136
0.147483
0.223372
0.29207
0.35001
0.398684
0.426772
0.455633
0.425378
0.476831
0.265618
0.603409
-0.404354
1.56977
-0.0187847
0.0662448
0.148081
0.224377
0.293469
0.351886
0.400807
0.429514
0.457636
0.429148
0.474718
0.274723
0.576998
-0.34979
1.40222
-0.0186791
0.0671502
0.149798
0.226935
0.296844
0.356129
0.405666
0.43528
0.462961
0.436273
0.476348
0.286649
0.55533
-0.296378
1.24515
-0.0183446
0.0687419
0.152655
0.231077
0.302233
0.36279
0.413325
0.444156
0.47171
0.446891
0.481885
0.301576
0.538775
-0.244383
1.10021
-0.017779
0.0710255
0.156661
0.236818
0.309658
0.371901
0.423828
0.456205
0.483967
0.461122
0.491482
0.319671
0.527753
-0.194221
0.969475
-0.0169828
0.073998
0.161812
0.244151
0.319117
0.383466
0.437186
0.471458
0.499773
0.479057
0.505244
0.341113
0.522631
-0.146342
0.855432
-0.0159383
0.077716
0.168203
0.253215
0.330788
0.397709
0.453666
0.490241
0.51948
0.501154
0.523579
0.36654
0.523984
-0.100904
0.761117
-0.014581
0.0823968
0.176207
0.26454
0.345361
0.415479
0.474282
0.513696
0.544435
0.528703
0.548309
0.396789
0.535106
-0.0607266
0.693772
-0.0132045
0.0871059
0.184271
0.275978
0.36017
0.433588
0.495577
0.537768
0.57113
0.556462
0.577995
0.42295
0.562582
-0.0442821
0.668918
-77.8099
87.1881
-61.925
31.0753
-16.6921
6.07838
-4.0268
0.659609
-1.24832
-0.263822
-0.557227
-0.302024
-0.290823
-0.177415
-0.11302
-0.0223119
0.0420811
0.155508
0.166688
0.421962
0.128417
1.11316
-0.795367
3.89196
-6.21476
16.5589
-31.2115
61.7949
-87.3169
77.68
-72.0347
73.9249
-50.0775
23.6662
-13.0954
4.40918
-3.38001
0.348549
-1.16368
-0.327946
-0.5586
-0.320579
-0.298264
-0.183337
-0.114762
-0.0205699
0.0480035
0.162948
0.185244
0.423327
0.192546
1.02848
-0.484263
3.2451
-4.5453
12.9621
-23.8017
49.9482
-74.0542
71.9045
-68.0037
64.5351
-42.5249
19.3497
-11.1744
3.52565
-3.06764
0.17947
-1.13339
-0.36833
-0.567264
-0.334943
-0.306245
-0.188393
-0.116596
-0.018733
0.0530617
0.170931
0.199609
0.431986
0.232927
0.998162
-0.315155
2.93275
-3.66155
11.0413
-19.4846
42.3962
-64.6649
67.8734
-64.3271
56.8327
-36.7881
16.2021
-9.80529
2.86789
-2.84174
0.0412877
-1.1132
-0.405875
-0.57637
-0.349371
-0.313999
-0.193572
-0.118306
-0.0170174
0.0582467
0.178691
0.214042
0.441092
0.270473
0.977964
-0.176933
2.70689
-3.00354
9.6724
-16.3364
36.6598
-56.963
64.1965
-60.9013
50.07
-32.0415
13.6525
-8.71216
2.32035
-2.6599
-0.083828
-1.09844
-0.443443
-0.586077
-0.364581
-0.321891
-0.199113
-0.119969
-0.0153435
0.0637978
0.186592
0.229261
0.450803
0.308049
0.963205
-0.0517562
2.52516
-2.45573
8.57956
-13.7864
31.9133
-50.2007
60.7705
-57.7435
44.1745
-28.1782
11.6087
-7.85408
1.8687
-2.51791
-0.196287
-1.08971
-0.480437
-0.596809
-0.38034
-0.330051
-0.204952
-0.121627
-0.013672
0.0696514
0.194765
0.245033
0.461545
0.345059
0.954506
0.0607873
2.3833
-2.00378
7.72181
-11.742
28.0501
-44.3058
57.6126
-54.8312
39.0798
-25.0839
9.97269
-7.18428
1.49299
-2.40821
-0.298241
-1.0865
-0.516789
-0.608637
-0.39652
-0.338513
-0.211042
-0.123295
-0.0119859
0.0757596
0.203244
0.261232
0.47339
0.381438
0.951333
0.16285
2.27378
-1.62777
7.05234
-10.1057
24.9557
-39.2116
54.7
-52.136
34.689
-22.6174
8.64299
-6.65688
1.17301
-2.32327
-0.392255
-1.088
-0.552684
-0.621556
-0.413088
-0.347304
-0.217361
-0.124988
-0.0102713
0.0821002
0.212058
0.277823
0.486334
0.417372
0.952903
0.256997
2.18904
-1.30748
6.52526
-8.77568
22.4891
-34.8212
52.0047
-49.6347
30.9117
-20.6547
7.54017
-6.23794
0.893508
-2.25773
-0.480248
-1.09362
-0.58828
-0.63555
-0.430019
-0.356444
-0.223889
-0.126717
-0.00851629
0.0886556
0.221226
0.294784
0.500363
0.453022
0.958612
0.345145
2.12373
-1.02767
6.10662
-7.67266
20.5263
-31.0444
49.5032
-47.3076
27.6685
-19.091
6.60468
-5.9027
0.643227
-2.2079
-0.563645
-1.1029
-0.623701
-0.650596
-0.447295
-0.365941
-0.230611
-0.12849
-0.00671216
0.0954091
0.230756
0.312097
0.515454
0.48851
0.967995
0.428716
2.07414
-0.777103
5.77164
-6.73707
18.9624
-27.8016
47.176
-45.1374
24.8877
-17.8376
5.79221
-5.63258
0.413872
-2.17122
-0.643554
-1.11546
-0.659046
-0.666657
-0.464896
-0.375795
-0.23751
-0.130313
-0.00485278
0.102345
0.240649
0.329743
0.531571
0.523937
0.980681
0.508812
2.0377
-0.547483
5.50174
-5.92456
17.7088
-25.0211
45.0055
-43.1084
22.5048
-16.82
5.0707
-5.41357
0.19953
-2.1459
-0.720845
-1.13101
-0.69439
-0.683687
-0.482801
-0.385999
-0.244569
-0.13219
-0.00293453
0.109447
0.250899
0.347702
0.548668
0.559378
0.996372
0.586301
2.01261
-0.332903
5.2829
-5.20308
16.6911
-22.6384
42.9763
-41.207
20.4617
-15.9772
4.41799
-5.23489
-0.00379604
-2.13061
-0.796193
-1.14931
-0.729788
-0.701632
-0.500988
-0.396535
-0.251772
-0.134122
-0.000956094
0.1167
0.261489
0.365951
0.566692
0.594887
1.01482
0.661851
1.99755
-0.129372
5.10434
-4.55045
15.8481
-20.5956
41.0747
-39.4208
18.7068
-15.26
3.8195
-5.08802
-0.198581
-2.12427
-0.870097
-1.17013
-0.765271
-0.720429
-0.519425
-0.407382
-0.2591
-0.136106
0.00108163
0.124084
0.272397
0.38446
0.58558
0.630493
1.0358
0.735957
1.99143
0.065586
4.95757
-3.95207
15.1308
-18.841
39.2881
-37.7385
17.1944
-14.6297
3.2663
-4.96605
-0.386118
-2.12588
-0.94288
-1.19325
-0.800842
-0.740003
-0.538077
-0.41851
-0.266532
-0.138139
0.00317568
0.131579
0.283594
0.403194
0.605254
0.666197
1.05909
0.808938
1.99323
0.253265
4.83565
-3.39902
14.5003
-17.3288
37.6055
-36.1503
15.8844
-14.0569
2.75344
-4.86308
-0.566827
-2.13438
-1.01469
-1.21845
-0.836472
-0.760262
-0.556896
-0.42988
-0.274045
-0.140216
0.00532106
0.139163
0.295042
0.422104
0.625625
0.701968
1.08446
0.880942
2.0019
0.434084
4.7327
-2.88632
13.9273
-16.0191
36.0169
-34.6469
14.7422
-13.52
2.27866
-4.77413
-0.740433
-2.14863
-1.08551
-1.24544
-0.872096
-0.781101
-0.575825
-0.441445
-0.28161
-0.142329
0.0075108
0.146808
0.306695
0.441134
0.646585
0.737741
1.11162
0.951941
2.01631
0.607773
4.64373
-2.41172
13.3902
-14.8771
34.5132
-33.2203
13.7378
-13.0037
1.84122
-4.6948
-0.906195
-2.1674
-1.15514
-1.2739
-0.907605
-0.802391
-0.594792
-0.453152
-0.289197
-0.144469
0.00973601
0.154485
0.318498
0.460212
0.668005
0.773404
1.14025
1.02175
2.03521
0.77359
4.56438
-1.97446
12.8738
-13.873
33.0861
-31.8631
12.8463
-12.4984
1.4411
-4.62126
-1.06311
-2.18934
-1.22325
-1.30343
-0.942848
-0.823984
-0.613714
-0.464936
-0.296772
-0.146623
0.0119859
0.162158
0.330389
0.479254
0.689736
0.808805
1.16995
1.09001
2.05726
0.930543
4.49078
-1.57454
12.3682
-12.9818
31.7286
-30.5688
12.0466
-11.9982
1.07843
-4.55015
-1.21006
-2.21304
-1.28936
-1.33361
-0.977628
-0.845707
-0.632489
-0.476724
-0.304294
-0.148779
0.0142481
0.16979
0.342294
0.498159
0.711604
0.843746
1.20029
1.15627
2.08106
1.0775
4.41959
-1.21208
11.8677
-12.1825
30.4339
-29.3316
11.3215
-11.5006
0.753099
-4.47867
-1.34587
-2.23711
-1.35292
-1.36393
-1.01171
-0.867364
-0.651003
-0.488434
-0.31172
-0.150922
0.0165081
0.177337
0.354133
0.516813
0.733414
0.877986
1.23077
1.21996
2.10521
1.21331
4.34801
-0.886975
11.3698
-11.4578
29.1963
-28.1464
10.6572
-11.0052
0.464531
-4.40454
-1.46951
-2.26017
-1.41328
-1.39384
-1.0448
-0.888738
-0.669128
-0.499977
-0.319002
-0.153035
0.0187503
0.184751
0.365815
0.535087
0.754947
0.911246
1.26083
1.28044
2.12833
1.33694
4.27376
-0.598641
10.8742
-10.7938
28.0106
-27.0086
10.0426
-10.5133
0.211581
-4.32604
-1.58011
-2.28093
-1.46979
-1.42279
-1.07661
-0.909593
-0.68672
-0.511254
-0.326086
-0.1551
0.0209573
0.191981
0.377244
0.552839
0.775967
0.94322
1.28993
1.33706
2.14913
1.44749
4.19512
-0.345941
10.382
-10.1796
26.8725
-25.9143
9.46916
-10.027
-0.00744641
-4.24196
-1.677
-2.29822
-1.52178
-1.45021
-1.1068
-0.92968
-0.703629
-0.522163
-0.332918
-0.157097
0.0231108
0.198972
0.388316
0.569917
0.796226
0.973578
1.31749
1.38916
2.16645
1.54434
4.11088
-0.127179
9.8953
-9.60667
25.7779
-24.8602
8.93048
-9.54864
-0.194729
-4.15163
-1.75981
-2.31104
-1.56867
-1.47552
-1.13504
-0.948742
-0.719693
-0.532593
-0.339439
-0.159006
0.0251915
0.205667
0.398923
0.586162
0.815466
1.00198
1.34295
1.43614
2.17929
1.62708
4.02036
0.0598231
9.41658
-9.06843
24.7234
-23.8434
8.42175
-9.08083
-0.352812
-4.05479
-1.82841
-2.31857
-1.6099
-1.49821
-1.16099
-0.966519
-0.73475
-0.542433
-0.34559
-0.160807
0.0271796
0.212007
0.408954
0.60141
0.833429
1.0281
1.36577
1.47746
2.18683
1.69559
3.92333
0.21761
8.94839
-8.56013
23.7063
-22.8614
7.93952
-8.62591
-0.484474
-3.95163
-1.88295
-2.32021
-1.64504
-1.5178
-1.18433
-0.98276
-0.748637
-0.551574
-0.351311
-0.162478
0.029055
0.217932
0.418299
0.615499
0.849863
1.05162
1.38549
1.51268
2.18846
1.75004
3.81994
0.348964
8.49307
-8.07832
22.724
-21.9122
7.48135
-8.18586
-0.592599
-3.84262
-1.92383
-2.31556
-1.67374
-1.53385
-1.20477
-0.997225
-0.761196
-0.559905
-0.356542
-0.164
0.0307979
0.223384
0.426849
0.628273
0.864528
1.07224
1.40167
1.54146
2.18379
1.79081
3.71068
0.45677
8.05262
-7.62057
21.7745
-20.9941
7.04561
-7.76222
-0.680049
-3.7285
-1.95168
-2.3044
-1.69581
-1.54604
-1.22206
-1.0097
-0.772279
-0.567323
-0.361226
-0.165352
0.0323891
0.228306
0.434502
0.639582
0.877207
1.0897
1.41399
1.56358
2.1726
1.81854
3.59631
0.543894
7.62857
-7.18522
20.8562
-20.1058
6.63117
-7.35604
-0.74957
-3.61017
-1.96729
-2.28673
-1.71113
-1.5541
-1.23598
-1.01998
-0.781751
-0.573732
-0.36531
-0.166516
0.0338104
0.232645
0.441161
0.649293
0.887707
1.10381
1.42218
1.57897
2.15488
1.83401
3.47771
0.613085
7.22199
-6.77116
19.9677
-19.2461
6.23729
-6.96796
-0.803713
-3.48863
-1.97161
-2.26269
-1.71976
-1.55786
-1.24639
-1.02791
-0.789496
-0.579046
-0.368746
-0.167474
0.0350451
0.236354
0.44674
0.657288
0.895866
1.11441
1.42607
1.58765
2.1308
1.83819
3.35589
0.666899
6.83351
-6.37762
19.1078
-18.4142
5.86342
-6.59817
-0.844781
-3.36492
-1.96568
-2.2326
-1.72182
-1.55724
-1.25317
-1.03337
-0.795417
-0.583191
-0.371492
-0.168212
0.0360783
0.239391
0.451165
0.663472
0.90156
1.12138
1.42557
1.58975
2.10064
1.8321
3.23189
0.707643
6.46335
-6.00407
18.2757
-17.6093
5.50914
-6.24655
-0.874807
-3.24003
-1.95058
-2.19684
-1.71756
-1.55223
-1.25628
-1.03627
-0.79944
-0.586107
-0.373512
-0.168718
0.0368972
0.24172
0.454378
0.667771
0.904701
1.12468
1.42068
1.58554
2.06481
1.81683
3.10671
0.737355
6.11138
-5.65008
17.4706
-16.8308
5.17404
-5.91272
-0.895545
-3.11491
-1.92742
-2.15593
-1.7073
-1.54291
-1.25573
-1.03656
-0.801519
-0.587751
-0.374782
-0.168981
0.0374916
0.243314
0.456331
0.670136
0.90524
1.12433
1.41149
1.57532
2.02382
1.79351
2.9813
0.757793
5.77721
-5.31524
16.6921
-16.0784
4.85769
-5.59608
-0.908483
-2.9904
-1.89729
-2.11041
-1.69146
-1.52944
-1.25158
-1.03424
-0.80163
-0.588093
-0.375282
-0.168995
0.0378537
0.244155
0.456998
0.670544
0.903167
1.12038
1.39813
1.55951
1.97822
1.76321
2.85651
0.770449
5.46026
-4.99912
15.9395
-15.3515
4.5596
-5.29591
-0.914861
-2.86725
-1.86124
-2.06088
-1.67047
-1.51201
-1.24394
-1.02932
-0.799777
-0.587125
-0.375005
-0.168756
0.0379786
0.244233
0.456366
0.668997
0.89851
1.11294
1.38082
1.53855
1.9286
1.72698
2.73308
0.776567
5.15981
-4.70122
15.2125
-14.6498
4.27923
-5.01143
-0.915708
-2.74606
-1.82024
-2.00794
-1.64483
-1.49088
-1.23297
-1.02188
-0.795988
-0.58485
-0.373952
-0.168264
0.0378642
0.243548
0.454438
0.665522
0.891332
1.10216
1.35981
1.51293
1.87557
1.68582
2.61164
0.777177
4.87508
-4.42101
14.5108
-13.973
4.01593
-4.74181
-0.911867
-2.62735
-1.7752
-1.95218
-1.61503
-1.46634
-1.21885
-1.012
-0.790316
-0.581292
-0.372132
-0.167522
0.0375113
0.242106
0.451236
0.66017
0.881728
1.08825
1.33539
1.48316
1.81973
1.64062
2.49268
0.773127
4.60524
-4.15783
13.834
-13.3208
3.769
-4.48625
-0.904036
-2.51151
-1.72694
-1.89419
-1.5816
-1.43873
-1.20181
-0.999828
-0.782834
-0.576487
-0.369565
-0.166535
0.0369232
0.239927
0.446793
0.653013
0.869821
1.07141
1.30788
1.44975
1.76165
1.59222
2.37662
0.765115
4.3495
-3.911
13.1817
-12.6927
3.53769
-4.24398
-0.892794
-2.39883
-1.6762
-1.8345
-1.54506
-1.40838
-1.18209
-0.985496
-0.773637
-0.570487
-0.366278
-0.165312
0.036106
0.237033
0.441161
0.644142
0.855759
1.05189
1.27764
1.41323
1.70188
1.54135
2.26374
0.753723
4.10706
-3.67975
12.5537
-12.0885
3.3212
-4.01425
-0.878633
-2.28953
-1.62363
-1.77363
-1.50588
-1.37564
-1.15996
-0.969178
-0.762833
-0.563358
-0.362307
-0.163864
0.0350682
0.233458
0.4344
0.633664
0.839708
1.02996
1.24501
1.37408
1.64094
1.48867
2.15426
0.739444
3.87721
-3.46328
11.9495
-11.5076
3.11871
-3.7964
-0.861979
-2.18376
-1.5698
-1.71203
-1.46456
-1.34086
-1.13569
-0.951056
-0.750548
-0.555173
-0.357693
-0.162206
0.0338204
0.22924
0.426583
0.621703
0.82185
1.00588
1.21034
1.33279
1.57928
1.43474
2.04834
0.722704
3.65926
-3.26078
11.3687
-10.9496
2.92936
-3.58979
-0.843208
-2.0816
-1.5152
-1.65013
-1.42155
-1.30439
-1.10956
-0.931326
-0.736917
-0.546019
-0.352484
-0.160353
0.0323753
0.224425
0.417791
0.608392
0.802379
0.979933
1.17398
1.2898
1.51733
1.38007
1.94606
0.70388
3.45259
-3.07139
10.8108
-10.4141
2.75232
-3.39387
-0.822665
-1.98311
-1.46028
-1.58831
-1.37727
-1.26658
-1.08185
-0.910189
-0.722085
-0.535987
-0.346734
-0.158323
0.0307471
0.219061
0.408116
0.593871
0.781494
0.952401
1.13627
1.24555
1.45547
1.32509
1.84747
0.683316
3.25664
-2.89428
10.2753
-9.90033
2.58676
-3.20811
-0.800666
-1.8883
-1.4054
-1.52689
-1.3321
-1.22775
-1.05283
-0.887853
-0.706201
-0.525176
-0.340499
-0.156136
0.0289514
0.213203
0.397651
0.578289
0.759401
0.923559
1.09754
1.20043
1.39402
1.27017
1.75259
0.661329
3.07088
-2.72861
9.76173
-9.40785
2.43187
-3.03203
-0.777511
-1.79717
-1.35089
-1.46618
-1.28641
-1.1882
-1.02277
-0.864522
-0.689419
-0.513688
-0.333839
-0.153812
0.0270051
0.206906
0.386497
0.561797
0.736303
0.893673
1.05809
1.15478
1.3333
1.21565
1.66142
0.638218
2.89482
-2.57358
9.26939
-8.93595
2.28686
-2.86518
-0.753481
-1.7097
-1.29703
-1.40642
-1.24054
-1.14823
-0.991941
-0.840402
-0.671893
-0.501629
-0.326817
-0.151372
0.0249257
0.20023
0.374754
0.544545
0.712404
0.863005
1.01822
1.10896
1.27354
1.1618
1.57395
0.614263
2.72803
-2.42841
8.79767
-8.48396
2.15099
-2.70714
-0.728844
-1.62587
-1.24406
-1.34785
-1.19476
-1.10811
-0.960584
-0.815691
-0.653777
-0.489105
-0.319495
-0.148837
0.0227313
0.193233
0.362528
0.526688
0.6879
0.831802
0.978189
1.06324
1.215
1.10886
1.49013
0.589731
2.57007
-2.29234
8.34586
-8.05114
2.02352
-2.55751
-0.703851
-1.54563
-1.19219
-1.29067
-1.14936
-1.06808
-0.928936
-0.790584
-0.635223
-0.47622
-0.311936
-0.146231
0.0204406
0.185977
0.349919
0.508372
0.662985
0.800298
0.93826
1.0179
1.15785
1.05705
1.40994
0.564874
2.42055
-2.16465
7.91325
-7.63674
1.90379
-2.41592
-0.67874
-1.46896
-1.14162
-1.23505
-1.10458
-1.02839
-0.89722
-0.765264
-0.616378
-0.463081
-0.304204
-0.143573
0.0180722
0.178522
0.337031
0.489745
0.637841
0.768716
0.89866
0.973189
1.10227
1.00655
1.33334
0.539928
2.2791
-2.04467
7.49908
-7.23999
1.79115
-2.28198
-0.653732
-1.3958
-1.09249
-1.18113
-1.06063
-0.989245
-0.865642
-0.739911
-0.597385
-0.449788
-0.296362
-0.140887
0.0156447
0.170926
0.323964
0.470946
0.612646
0.737261
0.859602
0.929317
1.04841
0.957526
1.26029
0.51511
2.14533
-1.93175
7.10257
-6.86009
1.68499
-2.15536
-0.629029
-1.32612
-1.04496
-1.12904
-1.01771
-0.950836
-0.834397
-0.714691
-0.57838
-0.436442
-0.288469
-0.138193
0.0131764
0.163249
0.310814
0.452111
0.587565
0.706128
0.82128
0.886479
0.996402
0.910113
1.19073
0.490625
2.01889
-1.82529
6.72293
-6.49623
1.58474
-2.0357
-0.604818
-1.25987
-0.999146
-1.0789
-0.975999
-0.913344
-0.803664
-0.689761
-0.559494
-0.423137
-0.280584
-0.135511
0.0106855
0.155547
0.297675
0.43337
0.562755
0.675494
0.78387
0.84485
0.946354
0.864436
1.12462
0.466656
1.89944
-1.72471
6.35935
-6.14761
1.48987
-1.92267
-0.581268
-1.197
-0.955156
-1.03081
-0.935643
-0.876927
-0.773609
-0.66527
-0.540851
-0.409966
-0.272765
-0.13286
0.0081895
0.147875
0.284637
0.414844
0.538362
0.645524
0.747532
0.804584
0.898363
0.820602
1.06192
0.443371
1.78664
-1.62948
6.01102
-5.81341
1.39986
-1.81594
-0.558531
-1.13746
-0.913087
-0.984846
-0.896785
-0.841734
-0.744383
-0.641356
-0.522568
-0.397014
-0.265064
-0.130261
0.00570553
0.140285
0.271786
0.396649
0.514525
0.61637
0.712411
0.76582
0.852512
0.778705
1.00257
0.420921
1.68016
-1.53911
5.67712
-5.49283
1.31427
-1.7152
-0.536744
-1.08121
-0.873022
-0.941086
-0.859549
-0.807894
-0.716126
-0.618147
-0.504754
-0.384364
-0.257534
-0.127729
0.00324998
0.132827
0.259202
0.378895
0.491371
0.588172
0.678639
0.728679
0.808876
0.738826
0.946522
0.399441
1.57968
-1.45312
5.35686
-5.18507
1.23264
-1.62014
-0.516028
-1.0282
-0.835034
-0.899595
-0.824046
-0.775529
-0.688968
-0.595762
-0.487511
-0.372094
-0.250222
-0.125281
0.000838688
0.12555
0.246964
0.361682
0.469018
0.561057
0.646335
0.693274
0.767515
0.701038
0.893734
0.379051
1.4849
-1.37109
5.04944
-4.88938
1.15458
-1.53047
-0.496492
-0.978385
-0.799188
-0.860428
-0.790377
-0.744748
-0.663026
-0.574311
-0.470935
-0.360276
-0.243175
-0.122934
-0.0015132
0.118498
0.235142
0.345107
0.447577
0.535143
0.615606
0.659702
0.728487
0.665404
0.844154
0.359858
1.39553
-1.2926
4.75409
-4.605
1.0797
-1.44592
-0.478233
-0.931715
-0.765543
-0.823638
-0.758632
-0.715649
-0.638409
-0.553897
-0.455116
-0.348979
-0.236435
-0.120702
-0.00379121
0.111714
0.223806
0.329258
0.427148
0.510538
0.586553
0.628053
0.691841
0.631981
0.797735
0.341958
1.3113
-1.21728
4.47006
-4.33123
1.00767
-1.36624
-0.461341
-0.888154
-0.734153
-0.789272
-0.728893
-0.688323
-0.615217
-0.534614
-0.440137
-0.338266
-0.230043
-0.118598
-0.00598155
0.105239
0.213018
0.314219
0.407828
0.48734
0.559264
0.598409
0.657622
0.600821
0.754436
0.325437
1.23194
-1.14478
4.19666
-4.06739
0.938146
-1.29117
-0.445897
-0.847665
-0.705067
-0.757372
-0.701238
-0.662855
-0.593541
-0.51655
-0.426074
-0.328196
-0.224035
-0.116634
-0.0080711
0.099111
0.20284
0.300067
0.389703
0.465643
0.533823
0.570845
0.625873
0.571973
0.71422
0.310377
1.15721
-1.07478
3.93319
-3.81286
0.870851
-1.22051
-0.431977
-0.81022
-0.678336
-0.727983
-0.675739
-0.639324
-0.573467
-0.499787
-0.413
-0.318825
-0.218446
-0.114823
-0.0100474
0.093365
0.193326
0.286875
0.372855
0.445531
0.510307
0.545433
0.596636
0.545484
0.677057
0.296852
1.0869
-1.007
3.67904
-3.56707
0.805511
-1.15407
-0.419656
-0.775798
-0.654009
-0.701147
-0.652463
-0.617802
-0.555076
-0.4844
-0.400982
-0.310205
-0.21331
-0.113175
-0.0118985
0.088035
0.18453
0.27471
0.35736
0.427085
0.488791
0.522238
0.569952
0.521402
0.642924
0.284934
1.02082
-0.941163
3.43365
-3.32953
0.741887
-1.09169
-0.409008
-0.74439
-0.632137
-0.67691
-0.631478
-0.598361
-0.538443
-0.470462
-0.390082
-0.302384
-0.208657
-0.111699
-0.0136131
0.0831525
0.176501
0.263635
0.343291
0.410379
0.469343
0.501328
0.545864
0.499777
0.611809
0.274697
0.9588
-0.877029
3.1965
-3.09979
0.679765
-1.03323
-0.400108
-0.715997
-0.612776
-0.655319
-0.61285
-0.581069
-0.52364
-0.458038
-0.380359
-0.295406
-0.204513
-0.110405
-0.0151807
0.0787474
0.169285
0.25371
0.330715
0.395485
0.452032
0.482766
0.524419
0.480663
0.583712
0.266214
0.900717
-0.814387
2.96718
-2.87754
0.61896
-0.978609
-0.393039
-0.690634
-0.595986
-0.636427
-0.596645
-0.565992
-0.510735
-0.447193
-0.371869
-0.289314
-0.200907
-0.109302
-0.016591
0.0748474
0.162926
0.244992
0.319695
0.382472
0.436923
0.466619
0.505667
0.46412
0.558647
0.259565
0.846471
-0.753053
2.74534
-2.66253
0.559314
-0.927758
-0.387884
-0.66833
-0.581837
-0.62029
-0.582931
-0.553197
-0.499795
-0.437988
-0.364662
-0.284147
-0.197861
-0.108395
-0.0178344
0.0714787
0.157464
0.237532
0.310293
0.371406
0.424082
0.452953
0.489665
0.450212
0.536642
0.254834
0.796004
-0.692872
2.53076
-2.45465
0.500704
-0.880667
-0.38474
-0.649131
-0.570402
-0.606972
-0.571779
-0.54275
-0.490883
-0.430478
-0.358787
-0.279942
-0.195399
-0.107694
-0.0189017
0.068666
0.152938
0.231382
0.302566
0.362351
0.413574
0.441837
0.476474
0.439015
0.51774
0.252115
0.749301
-0.633718
2.32331
-2.25392
0.443035
-0.837364
-0.383709
-0.633101
-0.561766
-0.596542
-0.563261
-0.534716
-0.484063
-0.42472
-0.354291
-0.276732
-0.193542
-0.107202
-0.0197846
0.0664321
0.149383
0.226588
0.296571
0.35537
0.405466
0.433343
0.466162
0.430609
0.502004
0.251509
0.706393
-0.575501
2.12303
-2.06055
0.386254
-0.797932
-0.384907
-0.620319
-0.556023
-0.589078
-0.557452
-0.529163
-0.479395
-0.420766
-0.351217
-0.27455
-0.192308
-0.106928
-0.020475
0.0647984
0.146834
0.223194
0.292361
0.350524
0.399823
0.427546
0.458805
0.42509
0.489514
0.25313
0.667357
-0.518166
1.93011
-1.87491
0.330345
-0.7625
-0.388462
-0.610886
-0.553278
-0.584663
-0.554432
-0.526158
-0.476939
-0.418666
-0.349605
-0.273425
-0.191715
-0.106875
-0.0209654
0.0637847
0.145321
0.221243
0.289986
0.347872
0.396712
0.424522
0.454485
0.422557
0.480366
0.257106
0.632327
-0.4617
1.74494
-1.69762
0.275342
-0.731257
-0.394515
-0.604918
-0.553642
-0.583386
-0.554281
-0.525769
-0.476753
-0.418468
-0.349491
-0.273384
-0.191779
-0.107048
-0.0212492
0.0634088
0.144873
0.220772
0.289495
0.347474
0.3962
0.424354
0.453291
0.423124
0.474676
0.263575
0.60149
-0.406136
1.56813
-1.52958
0.221335
-0.704446
-0.403221
-0.602549
-0.55724
-0.585342
-0.557082
-0.528061
-0.478892
-0.420215
-0.350912
-0.274451
-0.192514
-0.107451
-0.0213201
0.0636868
0.145515
0.221819
0.290933
0.349384
0.398354
0.427121
0.455316
0.426912
0.472578
0.272692
0.575089
-0.351564
1.40059
-1.37201
0.168484
-0.682371
-0.414751
-0.603929
-0.564203
-0.590632
-0.562921
-0.533102
-0.483412
-0.423949
-0.353898
-0.276648
-0.193934
-0.108088
-0.0211728
0.064633
0.147272
0.224414
0.294341
0.353658
0.40324
0.43291
0.46066
0.434053
0.474221
0.284627
0.553428
-0.298147
1.24353
-1.22653
0.117053
-0.665402
-0.429289
-0.609223
-0.574672
-0.59936
-0.571883
-0.540955
-0.490361
-0.429709
-0.358478
-0.279993
-0.196047
-0.108961
-0.0208029
0.0662595
0.150162
0.228587
0.299759
0.360344
0.410921
0.441805
0.469425
0.444683
0.479767
0.299562
0.536879
-0.246147
1.09859
-1.09525
0.0674573
-0.653956
-0.447
-0.618585
-0.588766
-0.611608
-0.584033
-0.551667
-0.499773
-0.437516
-0.364664
-0.284494
-0.19886
-0.110072
-0.0202079
0.0685719
0.154196
0.234353
0.307208
0.369476
0.421442
0.453869
0.481693
0.458923
0.489372
0.317663
0.525861
-0.195982
0.967858
-0.980617
0.0201461
-0.648402
-0.468067
-0.632122
-0.60658
-0.627423
-0.599402
-0.565247
-0.511651
-0.447366
-0.372452
-0.290147
-0.202366
-0.111418
-0.0193882
0.0715674
0.159368
0.241707
0.316685
0.381057
0.434813
0.469133
0.497508
0.476865
0.503139
0.339108
0.520741
-0.148101
0.853817
-0.885673
-0.0247156
-0.649309
-0.493124
-0.650242
-0.628571
-0.647156
-0.61832
-0.581967
-0.526224
-0.459443
-0.381982
-0.29705
-0.206626
-0.11302
-0.0183263
0.0753025
0.165776
0.250786
0.328369
0.395312
0.451303
0.487924
0.517221
0.498967
0.521476
0.364537
0.522095
-0.102662
0.759504
-0.817622
-0.0642889
-0.659949
-0.523003
-0.674761
-0.656032
-0.672161
-0.641938
-0.602855
-0.544354
-0.474454
-0.393805
-0.305597
-0.21188
-0.114965
-0.0169575
0.0799947
0.17379
0.262121
0.342951
0.413089
0.471925
0.511383
0.54218
0.526518
0.546208
0.394786
0.533217
-0.0624852
0.692159
-0.792063
-0.0801825
-0.686951
-0.548847
-0.704254
-0.683739
-0.69892
-0.666188
-0.624423
-0.56282
-0.489688
-0.405722
-0.314181
-0.217136
-0.116901
-0.0155746
0.0847101
0.18186
0.273564
0.357765
0.431202
0.493222
0.535457
0.568875
0.554277
0.575893
0.420945
0.560692
-0.0460417
0.667304
-77.8124
87.1873
-61.9251
31.0754
-16.692
6.07838
-4.02694
0.659344
-1.24867
-0.264219
-0.557652
-0.302468
-0.291283
-0.177889
-0.113508
-0.0228135
0.0415655
0.154978
0.166141
0.421393
0.127814
1.11249
-0.796137
3.89106
-6.21576
16.5579
-31.2122
61.7947
-87.3161
77.6829
-72.0375
73.9238
-50.0778
23.6662
-13.0953
4.4092
-3.38011
0.348311
-1.16402
-0.328334
-0.559019
-0.321019
-0.298721
-0.18381
-0.115249
-0.0210713
0.0474875
0.162416
0.184694
0.422753
0.191932
1.0278
-0.485056
3.24418
-4.54628
12.9612
-23.8023
49.9483
-74.0531
71.9079
-68.0066
64.5337
-42.5254
19.3496
-11.1744
3.52569
-3.06772
0.179261
-1.1337
-0.368705
-0.567676
-0.335379
-0.306699
-0.188863
-0.117082
-0.0192339
0.0525454
0.170398
0.199057
0.431406
0.232301
0.997459
-0.315969
2.93182
-3.6625
11.0405
-19.485
42.3965
-64.6633
67.8769
-64.33
56.831
-36.7889
16.2018
-9.8053
2.86791
-2.84179
0.0411065
-1.11349
-0.406236
-0.576774
-0.349801
-0.31445
-0.194039
-0.118789
-0.0175173
0.0577304
0.178157
0.213486
0.440505
0.269835
0.977243
-0.177763
2.70597
-3.00443
9.67173
-16.3366
36.6604
-56.961
64.2001
-60.9042
50.0681
-32.0424
13.6522
-8.71224
2.32035
-2.65995
-0.0839838
-1.0987
-0.443788
-0.58647
-0.365005
-0.322336
-0.199577
-0.120451
-0.0158419
0.0632819
0.186057
0.228702
0.450209
0.307398
0.962469
-0.0525928
2.52426
-2.45654
8.57905
-13.7863
31.9142
-50.1986
60.7741
-57.7463
44.1725
-28.1794
11.6081
-7.85426
1.86867
-2.51795
-0.196423
-1.08996
-0.480764
-0.59719
-0.380755
-0.33049
-0.205412
-0.122105
-0.0141683
0.0691363
0.194229
0.244471
0.460944
0.344397
0.95376
0.0599555
2.38245
-2.0045
7.72147
-11.7418
28.0513
-44.3034
57.6161
-54.8339
39.0777
-25.0852
9.97199
-7.18457
1.4929
-2.40826
-0.298364
-1.08672
-0.517097
-0.609005
-0.396926
-0.338945
-0.211497
-0.12377
-0.0124796
0.075246
0.202708
0.260667
0.472783
0.380768
0.950584
0.162036
2.27299
-1.62836
7.05219
-10.1051
24.9571
-39.2091
54.7035
-52.1387
34.6868
-22.6188
8.64215
-6.65729
1.17284
-2.32335
-0.392374
-1.08821
-0.552975
-0.621909
-0.413483
-0.347729
-0.21781
-0.125458
-0.0107615
0.0815887
0.211523
0.277256
0.485723
0.416699
0.952159
0.256217
2.18833
-1.30793
6.5253
-8.77493
22.4908
-34.8186
52.0081
-49.6373
30.9096
-20.6562
7.53919
-6.23848
0.893259
-2.25786
-0.480374
-1.09382
-0.588556
-0.63589
-0.430404
-0.356861
-0.224332
-0.127181
-0.00900241
0.0881472
0.220692
0.294218
0.499752
0.452351
0.957885
0.344413
2.12312
-1.02797
6.10685
-7.67172
20.5281
-31.0418
49.5065
-47.3102
27.6664
-19.0926
6.60359
-5.90335
0.642887
-2.20808
-0.563789
-1.10309
-0.623964
-0.650923
-0.44767
-0.36635
-0.231046
-0.128949
-0.00719327
0.0949048
0.230225
0.311533
0.514846
0.487849
0.967295
0.428046
2.07364
-0.777244
5.77205
-6.73595
18.9643
-27.7989
47.1792
-45.1398
24.8856
-17.8392
5.79101
-5.63335
0.413436
-2.17146
-0.643725
-1.11566
-0.6593
-0.666973
-0.46526
-0.376195
-0.237938
-0.130766
-0.00532798
0.101846
0.240124
0.329184
0.53097
0.523293
0.980021
0.508218
2.03732
-0.547465
5.50232
-5.9233
17.7108
-25.0184
45.0086
-43.1108
22.5027
-16.8217
5.06942
-5.41444
0.198999
-2.1462
-0.721052
-1.13122
-0.694641
-0.683994
-0.483156
-0.38639
-0.24499
-0.132635
-0.00340286
0.108955
0.25038
0.347151
0.54808
0.558759
0.995761
0.585793
2.01236
-0.33273
5.28364
-5.20169
16.6932
-22.6358
42.9793
-41.2093
20.4597
-15.9789
4.41665
-5.23584
-0.00441769
-2.13099
-0.796445
-1.14953
-0.730041
-0.701933
-0.501334
-0.396918
-0.252185
-0.134559
-0.00141654
0.116216
0.260979
0.365412
0.566122
0.594301
1.01427
0.661439
1.99742
-0.129052
5.10522
-4.54896
15.8502
-20.593
41.0776
-39.423
18.7048
-15.2617
3.81811
-5.08905
-0.199287
-2.12473
-0.870398
-1.17038
-0.765531
-0.720728
-0.519765
-0.407758
-0.259504
-0.136534
0.000630128
0.123609
0.271899
0.383936
0.585034
0.629948
1.03532
0.735645
1.99143
0.0660432
4.95857
-3.9505
15.1329
-18.8384
39.2909
-37.7407
17.1925
-14.6314
3.26489
-4.96714
-0.386901
-2.1264
-0.943234
-1.19353
-0.801113
-0.740302
-0.538412
-0.418878
-0.266928
-0.138559
0.00273419
0.131116
0.28311
0.402689
0.604738
0.6657
1.05869
0.80873
1.99336
0.253847
4.83675
-3.39739
14.5024
-17.3263
37.6083
-36.1523
15.8826
-14.0586
2.75201
-4.86422
-0.567677
-2.13497
-1.0151
-1.21876
-0.83676
-0.760565
-0.557228
-0.430242
-0.274432
-0.140626
0.00489067
0.138713
0.294575
0.421623
0.625145
0.701526
1.08413
0.880838
2.00214
0.434777
4.73388
-2.88465
13.9294
-16.0167
36.0196
-34.6489
14.7403
-13.5216
2.27722
-4.77531
-0.741341
-2.14929
-1.08597
-1.24579
-0.872403
-0.78141
-0.576156
-0.441802
-0.28199
-0.142729
0.00709256
0.146374
0.306247
0.44068
0.646144
0.737358
1.11138
0.951939
2.01666
0.608564
4.64499
-2.41002
13.3923
-14.8747
34.5157
-33.2222
13.7361
-13.0054
1.83978
-4.69601
-0.90715
-2.16811
-1.15566
-1.27429
-0.907935
-0.80271
-0.595125
-0.453504
-0.28957
-0.144859
0.00933097
0.154067
0.318073
0.459789
0.667609
0.773084
1.14009
1.02184
2.03567
0.774466
4.56569
-1.97276
12.8758
-13.8708
33.0886
-31.865
12.8446
-12.5
1.43967
-4.62248
-1.0641
-2.1901
-1.22382
-1.30386
-0.943204
-0.824316
-0.614049
-0.465285
-0.297137
-0.147002
0.0115951
0.161759
0.329988
0.478865
0.689388
0.80855
1.16987
1.0902
2.05781
0.931489
4.49213
-1.57283
12.3702
-12.9796
31.731
-30.5707
12.0449
-11.9997
1.07702
-4.55138
-1.21108
-2.21385
-1.28997
-1.33408
-0.97801
-0.846053
-0.632828
-0.47707
-0.304652
-0.149148
0.0138723
0.169411
0.34192
0.497807
0.711306
0.843557
1.20029
1.15654
2.08169
1.07851
4.42097
-1.21038
11.8697
-12.1804
30.4362
-29.3335
11.3199
-11.5021
0.751711
-4.4799
-1.34692
-2.23795
-1.35357
-1.36443
-1.01211
-0.867725
-0.651348
-0.48878
-0.312071
-0.151279
0.0161482
0.176979
0.353787
0.516499
0.733167
0.877863
1.23084
1.22032
2.1059
1.21437
4.3494
-0.88529
11.3717
-11.4557
29.1986
-28.1482
10.6556
-11.0067
0.463168
-4.40577
-1.47057
-2.26104
-1.41397
-1.39438
-1.04524
-0.889115
-0.66948
-0.500322
-0.319346
-0.15338
0.0184069
0.184416
0.3655
0.534814
0.754753
0.911189
1.26098
1.28087
2.12908
1.33802
4.27516
-0.596981
10.8761
-10.7918
28.0129
-27.0104
10.041
-10.5148
0.210246
-4.32725
-1.58117
-2.28182
-1.4705
-1.42336
-1.07707
-0.909987
-0.68708
-0.511599
-0.326424
-0.155433
0.0206311
0.191669
0.37696
0.552607
0.775825
0.943224
1.29015
1.33755
2.14993
1.44861
4.19652
-0.34431
10.3838
-10.1777
26.8747
-25.9161
9.46762
-10.0284
-0.00875321
-4.24316
-1.67807
-2.29912
-1.52252
-1.4508
-1.10728
-0.93009
-0.703996
-0.522507
-0.33325
-0.157418
0.0228022
0.198685
0.388064
0.569726
0.796136
0.973642
1.31777
1.38971
2.16729
1.54547
4.11227
-0.12558
9.89705
-9.60476
25.78
-24.862
8.92897
-9.55
-0.196007
-4.15281
-1.76087
-2.31195
-1.56943
-1.47614
-1.13554
-0.949166
-0.720068
-0.532938
-0.339765
-0.159316
0.0249008
0.205404
0.398703
0.586012
0.815425
1.0021
1.34328
1.43673
2.18016
1.62822
4.02174
0.0613867
9.41828
-9.06657
24.7256
-23.8452
8.42026
-9.08217
-0.354062
-4.05595
-1.82946
-2.31949
-1.61067
-1.49885
-1.16151
-0.966957
-0.735132
-0.542779
-0.34591
-0.161104
0.0269069
0.211768
0.408766
0.6013
0.833435
1.02827
1.36616
1.47809
2.18772
1.69674
3.92468
0.219137
8.95005
-8.55831
23.7084
-22.8632
7.93803
-8.62723
-0.485698
-3.95277
-1.88399
-2.32113
-1.64582
-1.51845
-1.18486
-0.983211
-0.749026
-0.551919
-0.351625
-0.162764
0.0288004
0.217718
0.418143
0.615428
0.849914
1.05183
1.38591
1.51334
2.18937
1.75118
3.82127
0.350455
8.49469
-8.07654
22.7261
-21.914
7.47988
-8.18716
-0.593798
-3.84373
-1.92486
-2.31647
-1.67453
-1.53451
-1.20532
-0.997686
-0.76159
-0.560251
-0.356849
-0.164274
0.0305613
0.223194
0.426724
0.628239
0.864621
1.07249
1.40214
1.54215
2.1847
1.79195
3.712
0.458224
8.0542
-7.61882
21.7766
-20.996
7.04413
-7.7635
-0.681226
-3.72959
-1.95269
-2.3053
-1.69659
-1.54671
-1.22262
-1.01016
-0.772678
-0.567668
-0.361527
-0.165614
0.0321703
0.22814
0.434406
0.639583
0.877338
1.09
1.41449
1.56429
2.17352
1.81966
3.59759
0.545314
7.63011
-7.1835
20.8583
-20.1076
6.6297
-7.35731
-0.750728
-3.61125
-1.96829
-2.28762
-1.71192
-1.55477
-1.23655
-1.02045
-0.782154
-0.574076
-0.365605
-0.166766
0.033609
0.232502
0.441094
0.649327
0.887872
1.10414
1.4227
1.5797
2.15581
1.83512
3.47897
0.614473
7.2235
-6.76946
19.9697
-19.248
6.23581
-6.96922
-0.804855
-3.48969
-1.97259
-2.26358
-1.72054
-1.55854
-1.24696
-1.02839
-0.789901
-0.579388
-0.369034
-0.167712
0.0348606
0.236234
0.4467
0.657353
0.896064
1.11476
1.42661
1.58838
2.13172
1.83928
3.35713
0.668256
6.835
-6.37594
19.1098
-18.416
5.86194
-6.59942
-0.84591
-3.36596
-1.96664
-2.23347
-1.72259
-1.55791
-1.25375
-1.03386
-0.795823
-0.583531
-0.371773
-0.168439
0.0359102
0.239291
0.451151
0.663565
0.901786
1.12176
1.42613
1.5905
2.10155
1.83317
3.2331
0.708973
6.46481
-6.00241
18.2777
-17.6111
5.50765
-6.24781
-0.875926
-3.24106
-1.95153
-2.1977
-1.71833
-1.5529
-1.25686
-1.03676
-0.799846
-0.586444
-0.373787
-0.168933
0.036745
0.24164
0.454386
0.667889
0.904951
1.12509
1.42126
1.58628
2.06572
1.81789
3.1079
0.73866
6.11282
-5.64843
17.4726
-16.8327
5.17255
-5.91397
-0.896657
-3.11592
-1.92835
-2.15678
-1.70807
-1.54358
-1.25631
-1.03705
-0.801924
-0.588084
-0.37505
-0.169185
0.0373545
0.243253
0.456362
0.670277
0.905512
1.12475
1.41207
1.57607
2.02472
1.79455
2.98246
0.759077
5.77864
-5.31359
16.694
-16.0802
4.85619
-5.59734
-0.90959
-2.99141
-1.89821
-2.11125
-1.69221
-1.5301
-1.25215
-1.03472
-0.802033
-0.588422
-0.375543
-0.169188
0.037731
0.244112
0.457049
0.670705
0.903457
1.12081
1.39872
1.56025
1.97911
1.76423
2.85765
0.771714
5.46168
-4.99748
15.9415
-15.3533
4.5581
-5.29717
-0.915967
-2.86824
-1.86214
-2.0617
-1.67121
-1.51266
-1.24451
-1.0298
-0.800176
-0.587449
-0.375258
-0.168939
0.0378696
0.244207
0.456434
0.669177
0.898816
1.11338
1.38141
1.53929
1.92948
1.72799
2.73421
0.777817
5.16122
-4.69959
15.2145
-14.6516
4.27772
-5.0127
-0.916814
-2.74705
-1.82113
-2.00875
-1.64556
-1.49152
-1.23353
-1.02235
-0.796384
-0.585169
-0.374197
-0.168437
0.0377681
0.243536
0.454523
0.665718
0.891652
1.10262
1.3604
1.51367
1.87644
1.68681
2.61275
0.778414
4.87648
-4.41938
14.5127
-13.9749
4.01441
-4.74309
-0.912975
-2.62834
-1.77609
-1.95299
-1.61575
-1.46698
-1.21941
-1.01248
-0.790707
-0.581605
-0.37237
-0.167685
0.0374273
0.242109
0.451335
0.66038
0.882059
1.08871
1.33598
1.48389
1.82058
1.6416
2.49378
0.774353
4.60663
-4.15621
13.8359
-13.3226
3.76748
-4.48754
-0.905146
-2.51249
-1.72782
-1.89498
-1.58232
-1.43936
-1.20236
-1.00029
-0.78322
-0.576794
-0.369795
-0.166688
0.0368505
0.239942
0.446906
0.653234
0.870162
1.07188
1.30848
1.45048
1.7625
1.59319
2.3777
0.766333
4.35088
-3.90938
13.1836
-12.6945
3.53617
-4.24527
-0.893909
-2.39982
-1.67708
-1.83529
-1.54576
-1.409
-1.18264
-0.985957
-0.774017
-0.570788
-0.366501
-0.165456
0.0360439
0.23706
0.441285
0.644374
0.856107
1.05236
1.27824
1.41395
1.70272
1.54231
2.26481
0.754935
4.10844
-3.67814
12.5556
-12.0903
3.31967
-4.01555
-0.879752
-2.29052
-1.6245
-1.77441
-1.50658
-1.37625
-1.1605
-0.969632
-0.763207
-0.563652
-0.362522
-0.164
0.0350159
0.233495
0.434534
0.633905
0.840062
1.03043
1.2456
1.37479
1.64177
1.48961
2.15533
0.74065
3.87859
-3.46168
11.9514
-11.5094
3.11717
-3.7977
-0.863103
-2.18475
-1.57067
-1.71281
-1.46526
-1.34147
-1.13622
-0.951504
-0.750916
-0.555461
-0.357901
-0.162333
0.0337772
0.229287
0.426726
0.621952
0.822209
1.00635
1.21093
1.33349
1.5801
1.43567
2.0494
0.723906
3.66064
-3.25917
11.3705
-10.9514
2.92782
-3.5911
-0.844337
-2.08259
-1.51607
-1.65091
-1.42224
-1.305
-1.11008
-0.931768
-0.737279
-0.546301
-0.352686
-0.160473
0.0323404
0.22448
0.417943
0.608647
0.802742
0.980408
1.17457
1.29051
1.51814
1.381
1.94711
0.705079
3.45397
-3.06979
10.8126
-10.4158
2.75079
-3.39519
-0.823798
-1.9841
-1.46115
-1.58908
-1.37795
-1.26718
-1.08236
-0.910625
-0.722441
-0.536262
-0.346929
-0.158436
0.0307198
0.219124
0.408275
0.594131
0.781861
0.952877
1.13686
1.24625
1.45627
1.32601
1.84852
0.684513
3.25801
-2.89268
10.2772
-9.90212
2.58523
-3.20943
-0.801804
-1.88929
-1.40627
-1.52766
-1.33278
-1.22834
-1.05334
-0.888283
-0.706551
-0.525446
-0.340688
-0.156242
0.0289312
0.213273
0.397816
0.578554
0.75977
0.924034
1.09812
1.20112
1.39482
1.27109
1.75364
0.662524
3.07225
-2.72702
9.76356
-9.40962
2.43034
-3.03335
-0.778652
-1.79816
-1.35176
-1.46694
-1.28709
-1.18879
-1.02328
-0.864947
-0.689763
-0.513952
-0.334022
-0.153911
0.0269913
0.206982
0.386667
0.562065
0.736674
0.894148
1.05867
1.15547
1.33409
1.21656
1.66247
0.639411
2.89619
-2.572
9.27122
-8.93772
2.28533
-2.8665
-0.754625
-1.7107
-1.2979
-1.40719
-1.24121
-1.14881
-0.992441
-0.840821
-0.672232
-0.501888
-0.326994
-0.151465
0.0249178
0.200311
0.374929
0.544817
0.712776
0.86348
1.01879
1.10964
1.27434
1.16271
1.57499
0.615454
2.72939
-2.42684
8.79948
-8.48571
2.14946
-2.70846
-0.72999
-1.62687
-1.24493
-1.34862
-1.19543
-1.10869
-0.96108
-0.816106
-0.654111
-0.489358
-0.319666
-0.148925
0.0227288
0.19332
0.362706
0.526962
0.688273
0.832275
0.978765
1.06392
1.21579
1.10977
1.49117
0.590921
2.57143
-2.29077
8.34766
-8.05288
2.02201
-2.55883
-0.704999
-1.54664
-1.19306
-1.29144
-1.15003
-1.06866
-0.929428
-0.790994
-0.635552
-0.476468
-0.312102
-0.146314
0.0204429
0.186068
0.350101
0.508649
0.663358
0.800771
0.938834
1.01858
1.15863
1.05796
1.41098
0.566062
2.42191
-2.1631
7.91503
-7.63846
1.90228
-2.41723
-0.679889
-1.46996
-1.14249
-1.23581
-1.10524
-1.02897
-0.897708
-0.76567
-0.616703
-0.463324
-0.304366
-0.143652
0.0180789
0.178616
0.337216
0.490023
0.638216
0.769188
0.899233
0.973866
1.10305
1.00746
1.33438
0.541113
2.28045
-2.04312
7.50084
-7.2417
1.78965
-2.2833
-0.65488
-1.39681
-1.09337
-1.18189
-1.0613
-0.989816
-0.866127
-0.740313
-0.597705
-0.450027
-0.296519
-0.140961
0.0156554
0.171024
0.324151
0.471226
0.613021
0.737733
0.860174
0.929992
1.04919
0.958428
1.26132
0.516293
2.14668
-1.93021
7.10432
-6.86178
1.6835
-2.15667
-0.630176
-1.32713
-1.04584
-1.1298
-1.01838
-0.951405
-0.83488
-0.715089
-0.578696
-0.436677
-0.288622
-0.138263
0.0131907
0.16335
0.311004
0.452393
0.58794
0.706599
0.82185
0.887152
0.997184
0.911014
1.19176
0.491804
2.02023
-1.82376
6.72466
-6.49791
1.58325
-2.03701
-0.605964
-1.26087
-1.00002
-1.07966
-0.976659
-0.913911
-0.804144
-0.690156
-0.559807
-0.423369
-0.280734
-0.135577
0.0107031
0.155651
0.297867
0.433652
0.56313
0.675964
0.784439
0.845522
0.947134
0.865335
1.12565
0.467832
1.90078
-1.72319
6.36107
-6.14928
1.48839
-1.92398
-0.582411
-1.198
-0.956031
-1.03157
-0.936302
-0.877493
-0.774086
-0.665663
-0.541161
-0.410194
-0.272911
-0.132924
0.00821003
0.147981
0.284831
0.415127
0.538738
0.645994
0.7481
0.805254
0.899142
0.821499
1.06294
0.444543
1.78797
-1.62797
6.01272
-5.81506
1.39839
-1.81724
-0.559672
-1.13846
-0.913961
-0.985607
-0.897443
-0.842297
-0.744857
-0.641746
-0.522875
-0.397239
-0.265207
-0.130321
0.00572871
0.140393
0.271981
0.396933
0.514901
0.61684
0.712978
0.766488
0.85329
0.7796
1.00359
0.42209
1.68148
-1.53761
5.67881
-5.49447
1.3128
-1.71649
-0.537882
-1.08221
-0.873895
-0.941846
-0.860206
-0.808457
-0.716599
-0.618534
-0.505058
-0.384586
-0.257674
-0.127786
0.00327554
0.132938
0.259399
0.37918
0.491747
0.588641
0.679205
0.729347
0.809651
0.739719
0.947544
0.400605
1.581
-1.45163
5.35853
-5.1867
1.23119
-1.62143
-0.517162
-1.0292
-0.835906
-0.900354
-0.824702
-0.77609
-0.689439
-0.596147
-0.487813
-0.372314
-0.25036
-0.125337
0.000866396
0.125662
0.247162
0.361968
0.469394
0.561525
0.6469
0.69394
0.768289
0.701929
0.894753
0.38021
1.48622
-1.3696
5.0511
-4.891
1.15313
-1.53175
-0.497622
-0.979379
-0.800058
-0.861186
-0.791032
-0.745307
-0.663496
-0.574694
-0.471235
-0.360493
-0.24331
-0.122987
-0.00148357
0.118612
0.235341
0.345393
0.447952
0.535611
0.61617
0.660367
0.72926
0.666293
0.845169
0.361012
1.39684
-1.29112
4.75573
-4.60661
1.07827
-1.4472
-0.47936
-0.932706
-0.766412
-0.824395
-0.759285
-0.716206
-0.638877
-0.554278
-0.455414
-0.349194
-0.236568
-0.120753
-0.00375987
0.111829
0.224005
0.329545
0.427524
0.511005
0.587116
0.628717
0.692612
0.632868
0.798747
0.343107
1.3126
-1.21581
4.4717
-4.33282
1.00624
-1.3675
-0.462463
-0.889142
-0.735019
-0.790026
-0.729545
-0.688879
-0.615682
-0.534993
-0.440432
-0.338478
-0.230173
-0.118647
-0.00594867
0.105355
0.213219
0.314506
0.408203
0.487807
0.559826
0.599071
0.658391
0.601705
0.755445
0.326582
1.23323
-1.14333
4.19827
-4.06897
0.936729
-1.29243
-0.447014
-0.848649
-0.705931
-0.758125
-0.701888
-0.66341
-0.594004
-0.516927
-0.426367
-0.328407
-0.224164
-0.116682
-0.00803685
0.0992281
0.203041
0.300354
0.390078
0.466109
0.534383
0.571506
0.62664
0.572854
0.715225
0.311516
1.15849
-1.07334
3.93479
-3.81443
0.869442
-1.22177
-0.433089
-0.811201
-0.679197
-0.728734
-0.676387
-0.639876
-0.573929
-0.500162
-0.413292
-0.319034
-0.218574
-0.114869
-0.0100119
0.0934829
0.193528
0.287162
0.37323
0.445997
0.510867
0.546092
0.597401
0.546362
0.678058
0.297986
1.08818
-1.00557
3.68064
-3.56863
0.804111
-1.15532
-0.420763
-0.776776
-0.654867
-0.701896
-0.653109
-0.618353
-0.555537
-0.484774
-0.401272
-0.310412
-0.213436
-0.113219
-0.0118619
0.0881536
0.184732
0.274996
0.357735
0.427549
0.489349
0.522896
0.570714
0.522277
0.643921
0.286063
1.02209
-0.93974
3.43523
-3.33107
0.740496
-1.09293
-0.41011
-0.745365
-0.632992
-0.677657
-0.632123
-0.59891
-0.538902
-0.470834
-0.39037
-0.302589
-0.208781
-0.111743
-0.0135757
0.0832717
0.176703
0.263922
0.343665
0.410843
0.4699
0.501984
0.546624
0.50065
0.612802
0.27582
0.960065
-0.875615
3.19807
-3.10133
0.678382
-1.03447
-0.401206
-0.716968
-0.613628
-0.656063
-0.613492
-0.581616
-0.524097
-0.458408
-0.380646
-0.29561
-0.204637
-0.110448
-0.0151424
0.078867
0.169488
0.253997
0.331088
0.395948
0.452588
0.48342
0.525177
0.481533
0.584701
0.267332
0.901974
-0.812982
2.96874
-2.87907
0.617584
-0.979839
-0.394131
-0.691601
-0.596836
-0.637168
-0.597286
-0.566537
-0.51119
-0.447562
-0.372153
-0.289517
-0.201029
-0.109343
-0.016552
0.0749674
0.163128
0.245278
0.320067
0.382934
0.437477
0.467271
0.506423
0.464986
0.559632
0.260678
0.847721
-0.751657
2.74689
-2.66405
0.557946
-0.928982
-0.388972
-0.669293
-0.582683
-0.621029
-0.58357
-0.55374
-0.500248
-0.438355
-0.364945
-0.284348
-0.197982
-0.108436
-0.0177947
0.071599
0.157666
0.237818
0.310664
0.371867
0.424635
0.453603
0.490418
0.451075
0.537623
0.255942
0.797248
-0.691483
2.5323
-2.45616
0.499343
-0.881884
-0.385823
-0.65009
-0.571245
-0.607708
-0.572415
-0.543291
-0.491335
-0.430843
-0.359069
-0.280142
-0.195519
-0.107733
-0.0188616
0.0687865
0.15314
0.231667
0.302937
0.36281
0.414125
0.442485
0.477224
0.439874
0.518717
0.253217
0.750539
-0.632337
2.32484
-2.25543
0.441681
-0.838576
-0.384787
-0.634056
-0.562606
-0.597276
-0.563894
-0.535255
-0.484512
-0.425084
-0.354571
-0.276931
-0.19366
-0.107241
-0.0197441
0.0665527
0.149585
0.226872
0.296941
0.355827
0.406015
0.433989
0.466909
0.431465
0.502977
0.252606
0.707624
-0.574128
2.12455
-2.06204
0.384906
-0.799137
-0.385981
-0.62127
-0.55686
-0.589809
-0.558083
-0.5297
-0.479842
-0.421128
-0.351496
-0.274748
-0.192425
-0.106966
-0.0204341
0.064919
0.147035
0.223478
0.292729
0.35098
0.40037
0.428189
0.45955
0.425942
0.490481
0.254222
0.668582
-0.5168
1.93163
-1.8764
0.329003
-0.763701
-0.389531
-0.611833
-0.554111
-0.585391
-0.55506
-0.526693
-0.477384
-0.419026
-0.349882
-0.273622
-0.191831
-0.106912
-0.0209242
0.0639052
0.145521
0.221525
0.290353
0.348327
0.397257
0.425163
0.455227
0.423406
0.481329
0.258193
0.633546
-0.46034
1.74645
-1.6991
0.274006
-0.732452
-0.39558
-0.605861
-0.554472
-0.584111
-0.554907
-0.526301
-0.477196
-0.418826
-0.349767
-0.273579
-0.191895
-0.107085
-0.0212077
0.0635291
0.145073
0.221054
0.289861
0.347927
0.396743
0.424992
0.45403
0.423969
0.475636
0.264657
0.602703
-0.404782
1.56963
-1.53106
0.220004
-0.705637
-0.404281
-0.603488
-0.558067
-0.586064
-0.557705
-0.528591
-0.479334
-0.420571
-0.351186
-0.274645
-0.192629
-0.107488
-0.0212785
0.063807
0.145715
0.222099
0.291297
0.349835
0.398895
0.427757
0.456052
0.427754
0.473534
0.27377
0.576297
-0.350216
1.40208
-1.37348
0.167158
-0.683557
-0.415807
-0.604864
-0.565026
-0.591351
-0.563541
-0.533629
-0.483851
-0.424304
-0.354171
-0.27684
-0.194048
-0.108124
-0.0211311
0.0647529
0.147471
0.224694
0.294704
0.354106
0.403778
0.433543
0.461392
0.43489
0.475172
0.2857
0.554632
-0.296804
1.24502
-1.228
0.115732
-0.666583
-0.43034
-0.610154
-0.575491
-0.600075
-0.572501
-0.54148
-0.490798
-0.430062
-0.358749
-0.280184
-0.19616
-0.108997
-0.0207611
0.066379
0.15036
0.228866
0.30012
0.360791
0.411457
0.442435
0.470153
0.445517
0.480714
0.30063
0.538078
-0.244809
1.10007
-1.09671
0.0661403
-0.655133
-0.448047
-0.619513
-0.589582
-0.612321
-0.584648
-0.552189
-0.500208
-0.437867
-0.364934
-0.284685
-0.198972
-0.110107
-0.0201661
0.068691
0.154393
0.23463
0.307567
0.369921
0.421975
0.454496
0.482419
0.459754
0.490315
0.318726
0.527055
-0.194648
0.96934
-0.982079
0.0188329
-0.649575
-0.46911
-0.633046
-0.607392
-0.628132
-0.600014
-0.565767
-0.512084
-0.447715
-0.37272
-0.290336
-0.202477
-0.111453
-0.0193465
0.071686
0.159565
0.241983
0.317042
0.381499
0.435344
0.469757
0.49823
0.477692
0.504077
0.340167
0.521931
-0.146771
0.855296
-0.887134
-0.0260256
-0.650478
-0.494164
-0.651162
-0.62938
-0.647862
-0.618929
-0.582485
-0.526655
-0.45979
-0.382249
-0.297238
-0.206737
-0.113055
-0.0182847
0.0754206
0.165971
0.251061
0.328725
0.395753
0.451831
0.488545
0.51794
0.49979
0.522411
0.365592
0.523281
-0.101336
0.760979
-0.81908
-0.065596
-0.661115
-0.524039
-0.675678
-0.656838
-0.672863
-0.642545
-0.603371
-0.544783
-0.474799
-0.39407
-0.305784
-0.21199
-0.114999
-0.016916
0.0801122
0.173985
0.262394
0.343306
0.413527
0.472451
0.512001
0.542895
0.527337
0.547139
0.395838
0.534399
-0.0611621
0.693632
-0.79352
-0.0814875
-0.688114
-0.549881
-0.705168
-0.684542
-0.699621
-0.666792
-0.624936
-0.563247
-0.490032
-0.405986
-0.314367
-0.217245
-0.116935
-0.0155333
0.0848272
0.182054
0.273836
0.358118
0.431638
0.493746
0.536072
0.569587
0.555093
0.57682
0.421994
0.561871
-0.044721
0.668777
-77.8047
87.1999
-61.9094
31.0935
-16.6723
6.09888
-4.00627
0.679913
-1.22821
-0.243749
-0.537076
-0.281712
-0.270273
-0.156517
-0.0915892
-72.0306
73.9354
-50.0629
23.6837
-13.076
4.42945
-3.35954
0.368859
-1.14356
-0.307884
-0.538476
-0.300302
-0.277757
-0.162497
-0.0934421
-68.0004
64.5442
-42.5114
19.3663
-11.1557
3.54562
-3.04729
0.199757
-1.11327
-0.348286
-0.547177
-0.314717
-0.285801
-0.167637
-0.0954304
-64.3243
56.8407
-36.7758
16.2178
-9.7872
2.88743
-2.82158
0.0615071
-1.09311
-0.385865
-0.556333
-0.32921
-0.293636
-0.172925
-0.0973226
-60.8988
50.077
-32.0302
13.6673
-8.69483
2.33939
-2.64002
-0.0637363
-1.07841
-0.423488
-0.566108
-0.344503
-0.301627
-0.178597
-0.0991835
-57.7413
44.1807
-28.1679
11.6224
-7.83757
1.88715
-2.49839
-0.17639
-1.06979
-0.460564
-0.576927
-0.360362
-0.309905
-0.184585
-0.101044
-54.8292
39.0853
-25.0745
9.98549
-7.16861
1.51078
-2.38914
-0.278606
-1.06673
-0.49703
-0.588865
-0.376663
-0.318504
-0.19084
-0.102919
-52.1342
34.694
-22.6088
8.6549
-6.64206
1.19008
-2.30472
-0.372952
-1.06844
-0.533075
-0.601918
-0.393371
-0.32745
-0.197338
-0.104823
-49.633
30.9163
-20.6468
7.55125
-6.22397
0.909836
-2.23976
-0.461341
-1.07432
-0.56886
-0.616076
-0.410464
-0.336763
-0.204061
-0.106769
-47.3061
27.6727
-19.0838
6.61499
-5.88954
0.658797
-2.19055
-0.545192
-1.08392
-0.604511
-0.631315
-0.427925
-0.346453
-0.210992
-0.108769
-45.1359
24.8916
-17.8309
5.80181
-5.62021
0.428685
-2.15452
-0.625605
-1.09684
-0.640127
-0.6476
-0.445736
-0.356519
-0.218115
-0.11083
-43.107
22.5083
-16.8138
5.07965
-5.40193
0.213598
-2.12986
-0.70344
-1.11281
-0.675784
-0.664887
-0.463876
-0.366955
-0.225415
-0.112957
-41.2057
20.465
-15.9715
4.42634
-5.22394
0.00954903
-2.11525
-0.779363
-1.13156
-0.711535
-0.683123
-0.482323
-0.377745
-0.232875
-0.115152
-39.4195
18.7099
-15.2547
3.82731
-5.07772
-0.185931
-2.10959
-0.853861
-1.15286
-0.747407
-0.702242
-0.501047
-0.388866
-0.240477
-0.117414
-37.7373
17.1973
-14.6247
3.27362
-4.95635
-0.374131
-2.11186
-0.927252
-1.1765
-0.783399
-0.722167
-0.520011
-0.400289
-0.2482
-0.119741
-36.1491
15.8872
-14.0522
2.76031
-4.85394
-0.555468
-2.12101
-0.999675
-1.20223
-0.819479
-0.742807
-0.539168
-0.411975
-0.256022
-0.122126
-34.6457
14.7448
-13.5156
2.28513
-4.7655
-0.729669
-2.13589
-1.0711
-1.22977
-0.855575
-0.764052
-0.558457
-0.423877
-0.263913
-0.124564
-33.2191
13.7404
-12.9996
1.84731
-4.68666
-0.89599
-2.15526
-1.14133
-1.25878
-0.891574
-0.78577
-0.577806
-0.435938
-0.271844
-0.127043
-31.862
12.8487
-12.4944
1.44685
-4.61356
-1.05343
-2.17777
-1.21003
-1.28888
-0.92732
-0.807809
-0.597129
-0.448095
-0.279777
-0.129552
-30.5677
12.049
-11.9944
1.08387
-4.54286
-1.20087
-2.20203
-1.27671
-1.31961
-0.962611
-0.829992
-0.616322
-0.460272
-0.287673
-0.132076
-29.3306
11.3238
-11.497
0.758268
-4.47176
-1.33715
-2.22662
-1.34082
-1.35047
-0.997204
-0.852122
-0.635269
-0.472387
-0.295486
-0.1346
-28.1454
10.6594
-11.0018
0.469448
-4.39798
-1.46123
-2.25018
-1.40171
-1.38092
-1.03082
-0.873975
-0.653837
-0.484346
-0.303167
-0.137105
-27.0076
10.0447
-10.51
0.216268
-4.3198
-1.57223
-2.27141
-1.45873
-1.4104
-1.06314
-0.895314
-0.671882
-0.49605
-0.310662
-0.139573
-25.9134
9.47122
-10.0238
-0.00296891
-4.23602
-1.6695
-2.28914
-1.51122
-1.43832
-1.09383
-0.915886
-0.689249
-0.507393
-0.317914
-0.141982
-24.8593
8.93248
-9.54556
-0.190443
-4.14596
-1.75266
-2.30238
-1.55857
-1.46413
-1.12257
-0.935431
-0.705775
-0.518265
-0.324861
-0.14431
-23.8425
8.42369
-9.07786
-0.348702
-4.04938
-1.82159
-2.31032
-1.60025
-1.4873
-1.149
-0.953688
-0.721295
-0.528551
-0.331445
-0.146536
-22.8606
7.94139
-8.62305
-0.480526
-3.94645
-1.87644
-2.31233
-1.63582
-1.50734
-1.17282
-0.970403
-0.735644
-0.538139
-0.337601
-0.148637
-21.9114
7.48317
-8.18309
-0.588801
-3.83766
-1.91761
-2.30803
-1.66493
-1.52384
-1.19372
-0.985334
-0.748662
-0.546917
-0.343269
-0.15059
-20.9934
7.04736
-7.75954
-0.676392
-3.72375
-1.94573
-2.2972
-1.68738
-1.53646
-1.21146
-0.998261
-0.760199
-0.554781
-0.348391
-0.152375
-20.1051
6.63287
-7.35345
-0.746045
-3.60561
-1.9616
-2.27985
-1.70307
-1.54493
-1.22582
-1.00899
-0.770118
-0.561633
-0.352911
-0.15397
-19.2454
6.23892
-6.96544
-0.800313
-3.48425
-1.96616
-2.25611
-1.71205
-1.54908
-1.23665
-1.01736
-0.778303
-0.567384
-0.35678
-0.155358
-18.4135
5.865
-6.59574
-0.841499
-3.36071
-1.96045
-2.2263
-1.71444
-1.54883
-1.24384
-1.02325
-0.784654
-0.571961
-0.359955
-0.156523
-17.6087
5.51066
-6.2442
-0.871638
-3.23598
-1.94556
-2.19081
-1.7105
-1.54418
-1.24734
-1.02656
-0.789099
-0.575301
-0.362399
-0.15745
-16.8302
5.1755
-5.91045
-0.892485
-3.11101
-1.9226
-2.15014
-1.70055
-1.53521
-1.24716
-1.02724
-0.791588
-0.57736
-0.364086
-0.158129
-16.0778
4.8591
-5.59388
-0.905528
-2.98664
-1.89266
-2.10487
-1.68499
-1.52206
-1.24337
-1.0253
-0.792099
-0.57811
-0.364995
-0.158551
-15.3509
4.56096
-5.29379
-0.912008
-2.86362
-1.85679
-2.05556
-1.66427
-1.50494
-1.23608
-1.02076
-0.790633
-0.577537
-0.365118
-0.158713
-14.6493
4.28053
-5.00938
-0.912953
-2.74257
-1.81596
-2.00283
-1.63888
-1.48411
-1.22544
-1.01367
-0.78722
-0.575649
-0.364455
-0.158613
-13.9725
4.01718
-4.73984
-0.909208
-2.62399
-1.77108
-1.94728
-1.60934
-1.45987
-1.21164
-1.00414
-0.781911
-0.572465
-0.363016
-0.158253
-13.3203
3.77021
-4.48435
-0.901469
-2.50826
-1.72298
-1.88948
-1.57614
-1.43252
-1.19491
-0.992299
-0.77478
-0.568023
-0.360819
-0.157638
-12.6923
3.53885
-4.24214
-0.890318
-2.3957
-1.67239
-1.82998
-1.53982
-1.40243
-1.17548
-0.978286
-0.765921
-0.562375
-0.357891
-0.156777
-12.088
3.32232
-4.01249
-0.876244
-2.28652
-1.61996
-1.76929
-1.50086
-1.36994
-1.15363
-0.962273
-0.755443
-0.555585
-0.354268
-0.15568
-11.5072
3.11977
-3.7947
-0.859675
-2.18085
-1.56626
-1.70786
-1.45974
-1.3354
-1.12963
-0.944445
-0.743471
-0.547728
-0.34999
-0.154362
-10.9492
2.93038
-3.58816
-0.840986
-2.0788
-1.5118
-1.64612
-1.41692
-1.29916
-1.10375
-0.924996
-0.730142
-0.538889
-0.345106
-0.152837
-10.4137
2.7533
-3.3923
-0.820522
-1.9804
-1.457
-1.58445
-1.37282
-1.26156
-1.07628
-0.904128
-0.715598
-0.529161
-0.339668
-0.151124
-9.89998
2.58771
-3.20659
-0.7986
-1.88569
-1.40225
-1.52318
-1.32784
-1.22294
-1.04749
-0.882049
-0.699991
-0.518641
-0.333734
-0.149241
-9.40751
2.43278
-3.03057
-0.775518
-1.79466
-1.34785
-1.46261
-1.28232
-1.18358
-1.01766
-0.858965
-0.683474
-0.507433
-0.327363
-0.14721
-8.93563
2.28774
-2.86377
-0.751559
-1.70728
-1.2941
-1.40299
-1.2366
-1.1438
-0.987044
-0.835079
-0.666202
-0.495642
-0.320617
-0.145051
-8.48365
2.15183
-2.70578
-0.726989
-1.62353
-1.24124
-1.34455
-1.19098
-1.10386
-0.95589
-0.810592
-0.648328
-0.483373
-0.31356
-0.142786
-8.05084
2.02434
-2.5562
-0.702062
-1.54338
-1.18947
-1.28749
-1.14573
-1.064
-0.924435
-0.785699
-0.630005
-0.470734
-0.306255
-0.140437
-7.63645
1.90458
-2.41465
-0.677013
-1.46678
-1.139
-1.23199
-1.10109
-1.02447
-0.892903
-0.760583
-0.611381
-0.457828
-0.298766
-0.138026
-7.23971
1.79191
-2.28076
-0.652064
-1.3937
-1.08997
-1.17818
-1.05727
-0.985482
-0.8615
-0.735424
-0.592597
-0.444758
-0.291154
-0.135575
-6.85982
1.68572
-2.15418
-0.627417
-1.32409
-1.04252
-1.1262
-1.01448
-0.947221
-0.830422
-0.710388
-0.573793
-0.431624
-0.283482
-0.133104
-6.49597
1.58544
-2.03456
-0.60326
-1.25791
-0.996793
-1.07616
-0.972885
-0.909868
-0.799847
-0.685633
-0.555097
-0.418521
-0.275807
-0.130636
-6.14736
1.49054
-1.92157
-0.579762
-1.19511
-0.952885
-1.02817
-0.932644
-0.873584
-0.769941
-0.661309
-0.536635
-0.405541
-0.268186
-0.128188
-5.81317
1.40052
-1.81488
-0.557073
-1.13563
-0.910893
-0.982298
-0.893895
-0.838516
-0.740858
-0.637552
-0.518522
-0.392771
-0.260675
-0.12578
-5.49259
1.3149
-1.71417
-0.535332
-1.07944
-0.8709
-0.938626
-0.856762
-0.804796
-0.712736
-0.614492
-0.50087
-0.380293
-0.253323
-0.123431
-5.18485
1.23326
-1.61914
-0.51466
-1.02649
-0.832981
-0.897217
-0.821357
-0.772543
-0.685705
-0.592248
-0.48378
-0.368186
-0.246181
-0.121156
-4.88916
1.15518
-1.5295
-0.495165
-0.976721
-0.7972
-0.858129
-0.78778
-0.741868
-0.659884
-0.570931
-0.467349
-0.356522
-0.239294
-0.118972
-4.60479
1.08028
-1.44498
-0.476945
-0.9301
-0.763617
-0.821413
-0.756122
-0.712869
-0.63538
-0.550642
-0.451667
-0.345369
-0.232705
-0.116893
-4.33102
1.00823
-1.36532
-0.460089
-0.886585
-0.732284
-0.787116
-0.726465
-0.685638
-0.612294
-0.531478
-0.436816
-0.334792
-0.226454
-0.114933
-4.06719
0.938698
-1.29028
-0.444678
-0.84614
-0.703253
-0.755282
-0.698887
-0.660259
-0.590718
-0.513525
-0.422873
-0.324851
-0.22058
-0.113106
-3.81267
0.871389
-1.21964
-0.43079
-0.808736
-0.676572
-0.725954
-0.673459
-0.63681
-0.570739
-0.496866
-0.409912
-0.3156
-0.215116
-0.111422
-3.56688
0.806037
-1.15322
-0.418498
-0.774353
-0.652292
-0.699175
-0.65025
-0.615366
-0.552436
-0.481576
-0.398
-0.307092
-0.210097
-0.109893
-3.32934
0.742402
-1.09086
-0.407877
-0.74298
-0.630464
-0.674991
-0.629328
-0.595997
-0.535884
-0.467728
-0.387198
-0.299375
-0.205552
-0.108528
-3.09961
0.68027
-1.03242
-0.399002
-0.714619
-0.611143
-0.653449
-0.610758
-0.578772
-0.521157
-0.455389
-0.377567
-0.292495
-0.201511
-0.107338
-2.87736
0.619455
-0.977811
-0.391955
-0.689286
-0.594391
-0.634602
-0.594607
-0.563757
-0.508323
-0.444622
-0.369161
-0.286493
-0.197998
-0.10633
-2.66235
0.559801
-0.926974
-0.386821
-0.667009
-0.580276
-0.618506
-0.580942
-0.551019
-0.497447
-0.435488
-0.362032
-0.281409
-0.195039
-0.105512
-2.45447
0.501183
-0.879895
-0.383695
-0.647835
-0.568872
-0.605226
-0.569835
-0.540624
-0.488595
-0.428045
-0.35623
-0.27728
-0.192656
-0.104891
-2.25375
0.443509
-0.836603
-0.382681
-0.631826
-0.560264
-0.594831
-0.561357
-0.532638
-0.481828
-0.422347
-0.351799
-0.274141
-0.190871
-0.104474
-2.06038
0.386722
-0.79718
-0.383893
-0.619064
-0.554546
-0.587397
-0.555585
-0.527128
-0.477209
-0.418448
-0.348784
-0.272022
-0.189703
-0.104267
-1.87474
0.330809
-0.761757
-0.38746
-0.609647
-0.551822
-0.583009
-0.552597
-0.524161
-0.474797
-0.416396
-0.347225
-0.270954
-0.18917
-0.104275
-1.69745
0.275802
-0.73052
-0.393523
-0.603694
-0.552205
-0.581755
-0.552475
-0.523805
-0.474649
-0.416241
-0.347159
-0.270964
-0.189287
-0.104502
-1.52942
0.221793
-0.703714
-0.402237
-0.601336
-0.555818
-0.583731
-0.555301
-0.526127
-0.476823
-0.418026
-0.348622
-0.272075
-0.190069
-0.104953
-1.37184
0.16894
-0.681642
-0.413773
-0.602725
-0.562794
-0.589038
-0.56116
-0.531192
-0.481371
-0.421793
-0.351644
-0.27431
-0.191529
-0.105632
-1.22637
0.117509
-0.664674
-0.428314
-0.608025
-0.573272
-0.597778
-0.570139
-0.539066
-0.488345
-0.427581
-0.356253
-0.277688
-0.193677
-0.10654
-1.09508
0.0679142
-0.653229
-0.446028
-0.617392
-0.587373
-0.610037
-0.582302
-0.549794
-0.497776
-0.43541
-0.362465
-0.282217
-0.196518
-0.107681
-0.98045
0.0206047
-0.647673
-0.467094
-0.63093
-0.60519
-0.625857
-0.59768
-0.563386
-0.509668
-0.445277
-0.370272
-0.287891
-0.200047
-0.10905
-0.885506
-0.0242545
-0.648578
-0.492149
-0.649049
-0.627183
-0.645593
-0.616604
-0.580114
-0.524251
-0.457366
-0.379817
-0.294809
-0.204324
-0.110669
-0.817453
-0.0638247
-0.659215
-0.522025
-0.673565
-0.654643
-0.670598
-0.640224
-0.601006
-0.542387
-0.472384
-0.391647
-0.303366
-0.209588
-0.112625
-0.791893
-0.0797152
-0.686212
-0.547865
-0.703055
-0.682347
-0.697356
-0.664473
-0.622574
-0.560855
-0.487622
-0.40357
-0.311956
-0.21485
-0.114568
)
;

boundaryField
{
    movingWall
    {
        type            zeroGradient;
    }
    Inlet
    {
        type            cyclic;
    }
    Outlet
    {
        type            cyclic;
    }
    Bottom
    {
        type            zeroGradient;
    }
    frontAndBack
    {
        type            empty;
    }
}


// ************************************************************************* //
