/*--------------------------------*- C++ -*----------------------------------*\
| =========                 |                                                 |
| \\      /  F ield         | OpenFOAM: The Open Source CFD Toolbox           |
|  \\    /   O peration     | Version:  5.x                                   |
|   \\  /    A nd           | Web:      www.OpenFOAM.org                      |
|    \\/     M anipulation  |                                                 |
\*---------------------------------------------------------------------------*/
FoamFile
{
    version     2.0;
    format      ascii;
    class       volVectorField;
    location    "0.02";
    object      wallShearStress;
}
// * * * * * * * * * * * * * * * * * * * * * * * * * * * * * * * * * * * * * //

dimensions      [0 2 -2 0 0 0 0];

internalField   uniform (0 0 0);

boundaryField
{
    movingWall
    {
        type            calculated;
        value           uniform (0 0 0);
    }
    Inlet
    {
        type            cyclic;
    }
    Outlet
    {
        type            cyclic;
    }
    Bottom
    {
        type            calculated;
        value           nonuniform List<vector> 
90
(
(0.337169 0.0173606 2.35099e-38)
(0.340517 0.0522926 -1.93505e-20)
(0.325224 0.085921 1.16084e-19)
(0.350886 0.128266 0)
(0.278713 0.146739 3.0343e-19)
(0.417683 0.238599 -6.85154e-20)
(0.09349 0.143672 1.57861e-18)
(0.745581 0.522817 -1.75217e-20)
(-0.638454 -0.210504 5.42312e-18)
(2.09197 1.57033 3.61112e-35)
(-3.19839 -1.91537 1.06091e-19)
(5.94528 4.48685 -2.19571e-17)
(-7.5126 -4.02759 -5.60927e-33)
(7.59967 2.12538 3.0704e-17)
(-7.08472 3.31395 1.51831e-17)
(-7.08322 -3.33772 7.40158e-18)
(7.59978 -2.12345 3.06644e-17)
(-7.51251 4.02684 -3.12964e-34)
(5.94535 -4.48735 1.09796e-19)
(-3.19794 1.91487 1.19258e-17)
(2.09198 -1.5705 1.69779e-20)
(-0.638171 0.210264 -2.3518e-19)
(0.745621 -0.522898 9.27921e-19)
(0.0936438 -0.143773 3.43513e-18)
(0.417739 -0.238643 -2.40741e-35)
(0.2788 -0.146777 3.74449e-19)
(0.350939 -0.128285 -2.649e-21)
(0.325279 -0.0859323 1.91289e-19)
(0.34056 -0.0522933 2.32476e-21)
(0.337175 -0.0173602 1.88435e-20)
(0.337167 0.0173615 -9.26672e-23)
(0.340542 0.0522918 -1.30536e-21)
(0.325242 0.0859247 1.01846e-19)
(0.350898 0.12827 1.14504e-19)
(0.27872 0.146744 1.41059e-37)
(0.417686 0.238603 9.27029e-20)
(0.0934898 0.143677 3.02824e-20)
(0.745587 0.522821 1.78368e-20)
(-0.638442 -0.210494 5.36104e-18)
(2.092 1.57034 -4.32557e-18)
(-3.19834 -1.91536 -4.81482e-35)
(5.94538 4.48685 2.25153e-17)
(-7.51249 -4.02759 1.3963e-33)
(7.5998 2.12537 4.96529e-35)
(-7.08464 3.31395 1.51821e-17)
(-7.08313 -3.33771 7.40179e-18)
(7.59981 -2.12345 3.06639e-17)
(-7.51247 4.02684 7.10187e-34)
(5.94537 -4.48735 3.66754e-36)
(-3.19794 1.91487 6.90377e-20)
(2.09198 -1.57051 -4.30314e-18)
(-0.638173 0.210264 1.13312e-17)
(0.745615 -0.522899 1.69939e-21)
(0.0936418 -0.143773 5.02062e-21)
(0.417738 -0.238643 -8.13839e-21)
(0.278799 -0.146777 -3.7472e-19)
(0.350938 -0.128284 -2.65354e-21)
(0.325278 -0.0859319 1.92614e-19)
(0.340559 -0.0522933 -1.715e-19)
(0.337174 -0.0173602 8.66982e-22)
(0.337166 0.0173615 -1.84723e-21)
(0.340541 0.0522919 -2.91172e-20)
(0.325241 0.0859243 1.01505e-19)
(0.350897 0.12827 1.28034e-21)
(0.278719 0.146743 -2.86674e-19)
(0.417684 0.238603 6.75826e-21)
(0.0934867 0.143677 -5.02301e-21)
(0.745581 0.522822 -3.07495e-22)
(-0.638445 -0.210493 2.20162e-19)
(2.092 1.57034 1.20371e-34)
(-3.19833 -1.91536 -1.1942e-17)
(5.9454 4.48685 2.18576e-17)
(-7.51245 -4.02761 4.33372e-17)
(7.59987 2.12537 -3.07073e-17)
(-7.08453 3.31394 -7.79196e-18)
(-7.08303 -3.33771 -7.87784e-18)
(7.59998 -2.12344 7.65922e-20)
(-7.51235 4.02685 4.365e-17)
(5.94546 -4.48736 -2.33086e-19)
(-3.19789 1.91486 -1.20177e-17)
(2.092 -1.57052 -1.92593e-34)
(-0.638172 0.210253 1.12772e-17)
(0.745615 -0.522905 0)
(0.0936379 -0.143778 1.17549e-37)
(0.417739 -0.238647 -3.46718e-21)
(0.278804 -0.14678 -3.57313e-19)
(0.350948 -0.128288 0)
(0.325293 -0.0859352 9.22945e-22)
(0.34058 -0.0522964 -1.20392e-21)
(0.337202 -0.01736 1.46937e-39)
)
;
    }
    frontAndBack
    {
        type            empty;
    }
}


// ************************************************************************* //
