/*--------------------------------*- C++ -*----------------------------------*\
| =========                 |                                                 |
| \\      /  F ield         | OpenFOAM: The Open Source CFD Toolbox           |
|  \\    /   O peration     | Version:  5.x                                   |
|   \\  /    A nd           | Web:      www.OpenFOAM.org                      |
|    \\/     M anipulation  |                                                 |
\*---------------------------------------------------------------------------*/
FoamFile
{
    version     2.0;
    format      ascii;
    class       volScalarField;
    location    "0.1";
    object      p;
}
// * * * * * * * * * * * * * * * * * * * * * * * * * * * * * * * * * * * * * //

dimensions      [0 2 -2 0 0 0 0];

internalField   nonuniform List<scalar> 
500
(
3.10188e-08
6.41684e-08
6.82653e-08
6.79012e-08
6.66217e-08
6.44656e-08
6.18059e-08
5.89681e-08
5.60829e-08
5.3192e-08
5.03073e-08
4.74312e-08
4.4562e-08
4.16977e-08
3.88363e-08
3.59765e-08
3.31175e-08
3.02587e-08
2.73999e-08
2.4541e-08
2.16819e-08
1.88227e-08
1.59634e-08
1.31039e-08
1.02444e-08
7.38492e-09
4.52539e-09
1.66588e-09
-1.19356e-09
-4.05292e-09
-6.91214e-09
-9.77118e-09
-1.263e-08
-1.54884e-08
-1.83465e-08
-2.1204e-08
-2.40608e-08
-2.69169e-08
-2.97723e-08
-3.2627e-08
-3.54808e-08
-3.83322e-08
-4.11763e-08
-4.39945e-08
-4.67155e-08
-4.91333e-08
-5.10408e-08
-5.26204e-08
-5.12149e-08
-2.5028e-08
3.31399e-08
6.92501e-08
6.93248e-08
6.73523e-08
6.59919e-08
6.40108e-08
6.15009e-08
5.87711e-08
5.59623e-08
5.31203e-08
5.02655e-08
4.74067e-08
4.45475e-08
4.16888e-08
3.88306e-08
3.59725e-08
3.31145e-08
3.02563e-08
2.73979e-08
2.45393e-08
2.16804e-08
1.88213e-08
1.59621e-08
1.31028e-08
1.02434e-08
7.38392e-09
4.52445e-09
1.665e-09
-1.19439e-09
-4.05367e-09
-6.91278e-09
-9.77167e-09
-1.26302e-08
-1.54884e-08
-1.83459e-08
-2.12026e-08
-2.4058e-08
-2.69119e-08
-2.97633e-08
-3.26113e-08
-3.54532e-08
-3.82847e-08
-4.10967e-08
-4.38697e-08
-4.65275e-08
-4.88835e-08
-5.09463e-08
-5.3906e-08
-5.59948e-08
-2.71585e-08
3.64379e-08
7.64781e-08
7.1701e-08
6.75932e-08
6.58346e-08
6.38207e-08
6.13277e-08
5.86388e-08
5.58722e-08
5.30634e-08
5.02307e-08
4.73859e-08
4.45352e-08
4.16814e-08
3.88259e-08
3.59695e-08
3.31123e-08
3.02546e-08
2.73964e-08
2.45379e-08
2.16792e-08
1.88202e-08
1.5961e-08
1.31017e-08
1.02423e-08
7.38291e-09
4.52345e-09
1.66401e-09
-1.19536e-09
-4.05462e-09
-6.91373e-09
-9.77259e-09
-1.26311e-08
-1.54891e-08
-1.83465e-08
-2.12028e-08
-2.40577e-08
-2.69103e-08
-2.97598e-08
-3.26043e-08
-3.54407e-08
-3.82636e-08
-4.10668e-08
-4.38385e-08
-4.65241e-08
-4.89642e-08
-5.13827e-08
-5.59598e-08
-6.20585e-08
-3.00826e-08
3.93056e-08
8.344e-08
7.48769e-08
6.86171e-08
6.6201e-08
6.3946e-08
6.13416e-08
5.86116e-08
5.58401e-08
5.30376e-08
5.02127e-08
4.73744e-08
4.45281e-08
4.16772e-08
3.88235e-08
3.5968e-08
3.31113e-08
3.02538e-08
2.73958e-08
2.45373e-08
2.16785e-08
1.88195e-08
1.59603e-08
1.3101e-08
1.02416e-08
7.38214e-09
4.52265e-09
1.66318e-09
-1.19624e-09
-4.05557e-09
-6.91476e-09
-9.77374e-09
-1.26324e-08
-1.54906e-08
-1.83482e-08
-2.12049e-08
-2.40601e-08
-2.69134e-08
-2.97638e-08
-3.26099e-08
-3.54497e-08
-3.8281e-08
-4.11037e-08
-4.39238e-08
-4.67151e-08
-4.93712e-08
-5.22775e-08
-5.8261e-08
-6.71652e-08
-3.23479e-08
4.10006e-08
8.78472e-08
7.70982e-08
6.94216e-08
6.65197e-08
6.40751e-08
6.13749e-08
5.86048e-08
5.58227e-08
5.30209e-08
5.02e-08
4.73656e-08
4.45225e-08
4.16737e-08
3.88214e-08
3.59667e-08
3.31105e-08
3.02532e-08
2.73953e-08
2.45368e-08
2.16781e-08
1.8819e-08
1.59598e-08
1.31004e-08
1.0241e-08
7.3815e-09
4.52198e-09
1.66246e-09
-1.19702e-09
-4.05643e-09
-6.91573e-09
-9.77486e-09
-1.26337e-08
-1.54922e-08
-1.83502e-08
-2.12073e-08
-2.40634e-08
-2.69177e-08
-2.97699e-08
-3.26189e-08
-3.54641e-08
-3.83053e-08
-4.1148e-08
-4.40073e-08
-4.68778e-08
-4.96819e-08
-5.28787e-08
-5.95116e-08
-6.96365e-08
-3.34105e-08
4.125e-08
8.86152e-08
7.74711e-08
6.94699e-08
6.64873e-08
6.40332e-08
6.13321e-08
5.85671e-08
5.57927e-08
5.29992e-08
5.01846e-08
4.73551e-08
4.45154e-08
4.16691e-08
3.88183e-08
3.59646e-08
3.3109e-08
3.02522e-08
2.73944e-08
2.45361e-08
2.16774e-08
1.88184e-08
1.59592e-08
1.30998e-08
1.02404e-08
7.38086e-09
4.52132e-09
1.66178e-09
-1.19774e-09
-4.05721e-09
-6.91659e-09
-9.77582e-09
-1.26348e-08
-1.54935e-08
-1.83517e-08
-2.12092e-08
-2.40656e-08
-2.69206e-08
-2.97735e-08
-3.26235e-08
-3.54696e-08
-3.83116e-08
-4.11535e-08
-4.40083e-08
-4.68672e-08
-4.96503e-08
-5.27744e-08
-5.91312e-08
-6.88727e-08
-3.31298e-08
3.99881e-08
8.55605e-08
7.59139e-08
6.87628e-08
6.61231e-08
6.38365e-08
6.12281e-08
5.85089e-08
5.57586e-08
5.29773e-08
5.01703e-08
4.73451e-08
4.45085e-08
4.16642e-08
3.88149e-08
3.59622e-08
3.31072e-08
3.02508e-08
2.73934e-08
2.45352e-08
2.16766e-08
1.88176e-08
1.59585e-08
1.30991e-08
1.02397e-08
7.38019e-09
4.52064e-09
1.66109e-09
-1.19845e-09
-4.05794e-09
-6.91735e-09
-9.77662e-09
-1.26357e-08
-1.54944e-08
-1.83527e-08
-2.12103e-08
-2.40668e-08
-2.69218e-08
-2.97742e-08
-3.26227e-08
-3.5465e-08
-3.82975e-08
-4.11169e-08
-4.39214e-08
-4.6678e-08
-4.92707e-08
-5.1974e-08
-5.7199e-08
-6.50544e-08
-3.15717e-08
3.73751e-08
7.94223e-08
7.31695e-08
6.78345e-08
6.57508e-08
6.3682e-08
6.11751e-08
5.84977e-08
5.57575e-08
5.29781e-08
5.01699e-08
4.73441e-08
4.45069e-08
4.16627e-08
3.88134e-08
3.59609e-08
3.31061e-08
3.02498e-08
2.73925e-08
2.45344e-08
2.16758e-08
1.88169e-08
1.59577e-08
1.30984e-08
1.02389e-08
7.37941e-09
4.51985e-09
1.66028e-09
-1.19928e-09
-4.0588e-09
-6.91825e-09
-9.77757e-09
-1.26367e-08
-1.54955e-08
-1.8354e-08
-2.12117e-08
-2.40685e-08
-2.69237e-08
-2.97761e-08
-3.26238e-08
-3.54628e-08
-3.82859e-08
-4.10807e-08
-4.38249e-08
-4.64519e-08
-4.87897e-08
-5.09085e-08
-5.44393e-08
-5.91154e-08
-2.89958e-08
3.40286e-08
7.22217e-08
7.08787e-08
6.76544e-08
6.59286e-08
6.38689e-08
6.13375e-08
5.86159e-08
5.58354e-08
5.30251e-08
5.0198e-08
4.73603e-08
4.45166e-08
4.16682e-08
3.88167e-08
3.59628e-08
3.31071e-08
3.02502e-08
2.73925e-08
2.45341e-08
2.16753e-08
1.88162e-08
1.59569e-08
1.30975e-08
1.0238e-08
7.37846e-09
4.51885e-09
1.65923e-09
-1.2004e-09
-4.06001e-09
-6.91957e-09
-9.77905e-09
-1.26384e-08
-1.54976e-08
-1.83565e-08
-2.12149e-08
-2.40728e-08
-2.69296e-08
-2.97846e-08
-3.26363e-08
-3.54809e-08
-3.83107e-08
-4.11101e-08
-4.38453e-08
-4.6427e-08
-4.86483e-08
-5.0363e-08
-5.22454e-08
-5.29738e-08
-2.60696e-08
3.16828e-08
6.65905e-08
6.95771e-08
6.817e-08
6.65569e-08
6.43216e-08
6.16387e-08
5.88112e-08
5.59552e-08
5.30974e-08
5.0241e-08
4.73866e-08
4.45327e-08
4.16784e-08
3.88232e-08
3.5967e-08
3.31097e-08
3.02518e-08
2.73932e-08
2.45343e-08
2.16752e-08
1.88159e-08
1.59564e-08
1.30968e-08
1.02372e-08
7.37759e-09
4.51791e-09
1.65819e-09
-1.20154e-09
-4.06127e-09
-6.921e-09
-9.78071e-09
-1.26404e-08
-1.55e-08
-1.83596e-08
-2.12191e-08
-2.40786e-08
-2.6938e-08
-2.97974e-08
-3.26563e-08
-3.55131e-08
-3.83627e-08
-4.11926e-08
-4.39702e-08
-4.66072e-08
-4.888e-08
-5.04522e-08
-5.11231e-08
-4.86637e-08
-2.41338e-08
)
;

boundaryField
{
    movingWall
    {
        type            zeroGradient;
    }
    Inlet
    {
        type            fixedValue;
        value           uniform 0;
    }
    Outlet
    {
        type            fixedValue;
        value           uniform 0;
    }
    Bottom
    {
        type            zeroGradient;
    }
    frontAndBack
    {
        type            empty;
    }
}


// ************************************************************************* //
