/*--------------------------------*- C++ -*----------------------------------*\
| =========                 |                                                 |
| \\      /  F ield         | OpenFOAM: The Open Source CFD Toolbox           |
|  \\    /   O peration     | Version:  2.4.0                                 |
|   \\  /    A nd           | Web:      www.OpenFOAM.org                      |
|    \\/     M anipulation  |                                                 |
\*---------------------------------------------------------------------------*/
FoamFile
{
    version     2.0;
    format      ascii;
    class       volScalarField;
    location    "0.02";
    object      p;
}
// * * * * * * * * * * * * * * * * * * * * * * * * * * * * * * * * * * * * * //

dimensions      [0 2 -2 0 0 0 0];

internalField   nonuniform List<scalar> 
7200
(
-4.93938e-06
-1.64927
1.06445
-1.14032
-0.207198
-0.635209
-0.504397
-0.594437
-0.592756
-0.62328
-0.639869
-0.660147
-0.678364
-0.696999
-0.715622
-0.73481
-0.754751
-0.776074
-0.798322
-0.825459
-0.845355
-0.906046
-0.840948
-1.23324
-0.120435
-4.07149
8.58899
-28.7739
54.6154
-58.0711
-0.0204791
-1.70343
0.785188
-0.863806
-0.298903
-0.590096
-0.514589
-0.585469
-0.592021
-0.620599
-0.63864
-0.659187
-0.678021
-0.697197
-0.716437
-0.736311
-0.757057
-0.779279
-0.802837
-0.830581
-0.855291
-0.906335
-0.887268
-1.12855
-0.564801
-2.64064
3.97433
-17.8753
38.4235
-48.3169
-0.0132736
-1.75871
0.548695
-0.718948
-0.321633
-0.570527
-0.515484
-0.580632
-0.590551
-0.618748
-0.637585
-0.658473
-0.677776
-0.697415
-0.717182
-0.737665
-0.759138
-0.782214
-0.806934
-0.835689
-0.863281
-0.912335
-0.909921
-1.11033
-0.700389
-2.24642
2.28611
-12.6617
28.6206
-42.4623
-0.000515632
-1.79278
0.33594
-0.650103
-0.327918
-0.556461
-0.514717
-0.576803
-0.589255
-0.617237
-0.636706
-0.657859
-0.677545
-0.697567
-0.717792
-0.738818
-0.760969
-0.784852
-0.810714
-0.840488
-0.870873
-0.918592
-0.930633
-1.10051
-0.798596
-2.02728
1.3955
-9.68576
21.8155
-37.6224
0.0136367
-1.80616
0.142426
-0.630462
-0.333795
-0.546743
-0.513661
-0.573729
-0.588227
-0.616038
-0.636005
-0.657337
-0.677322
-0.697651
-0.718269
-0.739786
-0.762576
-0.787245
-0.814245
-0.84511
-0.878174
-0.925458
-0.949437
-1.09785
-0.87024
-1.89916
0.847591
-7.85188
16.758
-33.3016
0.0276947
-1.80468
-0.0257057
-0.646624
-0.346107
-0.542033
-0.513759
-0.571603
-0.587671
-0.615229
-0.635536
-0.656939
-0.677119
-0.697664
-0.718597
-0.740538
-0.763918
-0.789343
-0.817464
-0.849483
-0.885156
-0.932582
-0.967206
-1.0974
-0.934263
-1.81315
0.457218
-6.72158
13.0164
-29.4985
0.0405398
-1.79361
-0.165409
-0.68679
-0.367854
-0.543334
-0.516193
-0.570897
-0.587849
-0.614945
-0.63538
-0.656707
-0.676949
-0.697597
-0.718746
-0.741024
-0.764922
-0.791055
-0.820258
-0.853476
-0.891652
-0.939759
-0.983661
-1.0996
-0.995339
-1.75306
0.139798
-6.01871
10.2956
-26.1523
0.0513207
-1.7775
-0.277494
-0.740059
-0.399505
-0.551176
-0.52192
-0.572116
-0.589068
-0.615341
-0.635627
-0.656689
-0.67683
-0.69744
-0.718681
-0.741189
-0.765512
-0.79228
-0.822499
-0.856927
-0.897497
-0.946719
-0.998938
-1.10468
-1.05564
-1.70835
-0.148688
-5.53141
8.32902
-23.1875
0.0595156
-1.75999
-0.365068
-0.797759
-0.439614
-0.565536
-0.531538
-0.575722
-0.591639
-0.61659
-0.636377
-0.656935
-0.676777
-0.697182
-0.718366
-0.740971
-0.765597
-0.792901
-0.824042
-0.859654
-0.902496
-0.953208
-1.01309
-1.11259
-1.11412
-1.67326
-0.417542
-5.12375
6.90322
-20.5417
0.0648007
-1.74371
-0.432397
-0.85377
-0.485725
-0.585823
-0.545257
-0.582047
-0.595836
-0.618864
-0.637733
-0.657498
-0.676806
-0.69681
-0.717759
-0.740299
-0.765079
-0.792785
-0.824716
-0.861439
-0.906407
-0.958899
-1.02594
-1.12237
-1.16805
-1.64235
-0.658746
-4.71967
5.85721
-18.1644
0.0669449
-1.73032
-0.484141
-0.904304
-0.535114
-0.611007
-0.56293
-0.591246
-0.601864
-0.622314
-0.639791
-0.65843
-0.676934
-0.696305
-0.716813
-0.739096
-0.763846
-0.791781
-0.824324
-0.862026
-0.908915
-0.963326
-1.03691
-1.13211
-1.21373
-1.60942
-0.859008
-4.28416
5.0724
-16.0138
0.0657404
-1.72064
-0.524811
-0.947516
-0.585289
-0.639811
-0.584123
-0.603289
-0.609832
-0.627051
-0.642631
-0.659773
-0.67717
-0.695649
-0.715477
-0.737277
-0.761774
-0.789717
-0.822639
-0.861103
-0.909607
-0.965826
-1.04496
-1.13915
-1.24714
-1.56792
-1.00659
-3.80851
4.46384
-14.056
0.060956
-1.7149
-0.558413
-0.983038
-0.634284
-0.670903
-0.608208
-0.617981
-0.619748
-0.633135
-0.646311
-0.661561
-0.677519
-0.694816
-0.713693
-0.734748
-0.758726
-0.786404
-0.819398
-0.858302
-0.907957
-0.965523
-1.04865
-1.14047
-1.26445
-1.51174
-1.09454
-3.29946
3.97286
-12.2636
0.0523084
-1.71293
-0.588264
-1.01151
-0.680773
-0.703065
-0.634468
-0.635003
-0.631527
-0.640573
-0.650859
-0.663814
-0.67798
-0.693777
-0.711401
-0.73141
-0.754557
-0.781633
-0.814308
-0.853196
-0.903332
-0.961367
-1.0463
-1.13301
-1.26243
-1.43611
-1.1215
-2.77119
3.56072
-10.6146
0.0394479
-1.71433
-0.616944
-1.03419
-0.724067
-0.735297
-0.662187
-0.653961
-0.645009
-0.64932
-0.656273
-0.666533
-0.678541
-0.692498
-0.708537
-0.727161
-0.749112
-0.77518
-0.807048
-0.845313
-0.895015
-0.952204
-1.03614
-1.11406
-1.2388
-1.33816
-1.09118
-2.23995
3.20319
-9.09176
0.0219552
-1.71866
-0.646344
-1.0526
-0.764026
-0.766887
-0.690726
-0.674439
-0.659984
-0.65929
-0.662524
-0.669708
-0.679184
-0.690942
-0.705034
-0.721895
-0.742234
-0.766815
-0.797281
-0.834149
-0.882255
-0.936874
-1.01657
-1.08151
-1.19243
-1.21716
-1.01093
-1.72067
2.88618
-7.6815
-0.000655463
-1.72549
-0.677771
-1.06829
-0.800937
-0.797421
-0.719573
-0.696045
-0.67622
-0.670366
-0.669563
-0.673312
-0.679886
-0.68907
-0.700827
-0.715509
-0.733767
-0.756306
-0.784668
-0.819202
-0.86432
-0.914323
-0.986287
-1.03402
-1.12335
-1.07434
-0.890267
-1.22519
2.60221
-6.37312
-0.0289275
-1.73452
-0.71208
-1.08273
-0.835375
-0.826761
-0.748368
-0.718443
-0.693489
-0.68242
-0.677324
-0.677311
-0.680618
-0.686845
-0.695855
-0.707905
-0.723562
-0.743432
-0.768888
-0.800006
-0.840559
-0.883693
-0.944411
-0.971059
-1.03273
-0.91254
-0.739367
-0.761694
2.34779
-5.15818
-0.0634514
-1.74554
-0.7498
-1.09716
-0.868085
-0.855006
-0.776914
-0.741379
-0.711592
-0.695326
-0.685738
-0.681666
-0.681352
-0.684229
-0.690063
-0.698997
-0.711486
-0.727997
-0.749655
-0.776162
-0.810457
-0.844402
-0.890576
-0.89292
-0.922708
-0.735708
-0.567989
-0.334788
2.1216
-4.02994
-0.104852
-1.7585
-0.791254
-1.11262
-0.899877
-0.882437
-0.805165
-0.764691
-0.730373
-0.708973
-0.694739
-0.686341
-0.682062
-0.681196
-0.683407
-0.688714
-0.697432
-0.709838
-0.726742
-0.747371
-0.773679
-0.796186
-0.824925
-0.800605
-0.796095
-0.548318
-0.384695
0.0539098
1.92317
-2.98287
-0.153778
-1.77347
-0.836646
-1.12994
-0.931553
-0.909458
-0.833208
-0.788311
-0.749728
-0.723275
-0.704272
-0.691305
-0.68273
-0.677727
-0.675858
-0.677008
-0.681319
-0.688841
-0.699998
-0.71346
-0.730097
-0.739116
-0.748078
-0.695687
-0.656161
-0.354902
-0.196461
0.405037
1.75213
-2.01228
-0.21089
-1.79061
-0.886135
-1.14976
-0.963862
-0.936548
-0.861234
-0.81226
-0.769612
-0.738179
-0.714302
-0.696539
-0.683347
-0.673815
-0.667405
-0.663853
-0.663108
-0.664949
-0.669357
-0.674394
-0.679801
-0.673582
-0.661058
-0.580145
-0.506341
-0.159661
-0.00857534
0.720737
1.60781
-1.11408
-0.276849
-1.81014
-0.939868
-1.1726
-0.997478
-0.964221
-0.889516
-0.836637
-0.790039
-0.753671
-0.724815
-0.70204
-0.683919
-0.66947
-0.658057
-0.649256
-0.642801
-0.638165
-0.634853
-0.630284
-0.623089
-0.600253
-0.565201
-0.456193
-0.350004
0.0337914
0.175249
1.00399
1.48908
-0.284529
-0.352309
-1.83235
-0.998011
-1.19887
-1.03298
-0.99299
-0.918375
-0.861601
-0.811072
-0.769773
-0.735823
-0.707824
-0.68447
-0.664721
-0.647846
-0.633254
-0.620444
-0.608563
-0.596615
-0.581381
-0.560452
-0.52003
-0.462049
-0.326122
-0.190272
0.222557
0.352633
1.25811
1.39437
0.479853
-0.437903
-1.85753
-1.06075
-1.22891
-1.07089
-1.02335
-0.948166
-0.887363
-0.832822
-0.786542
-0.747364
-0.713926
-0.685038
-0.659616
-0.636829
-0.615917
-0.596132
-0.576281
-0.554866
-0.528064
-0.492538
-0.433973
-0.353248
-0.192167
-0.0298939
0.404481
0.522238
1.48635
1.32174
1.18242
-0.534239
-1.886
-1.12828
-1.26303
-1.11162
-1.05576
-0.979251
-0.914161
-0.855438
-0.804069
-0.759502
-0.720401
-0.685683
-0.654222
-0.625088
-0.59735
-0.570005
-0.541523
-0.509917
-0.47082
-0.420113
-0.343249
-0.24046
-0.0564076
0.12882
0.578094
0.683466
1.6917
1.26901
1.82642
-0.641884
-1.91804
-1.20081
-1.30151
-1.15554
-1.09064
-1.01199
-0.942259
-0.879094
-0.82247
-0.772322
-0.727324
-0.686482
-0.648625
-0.612729
-0.577688
-0.542248
-0.504547
-0.462149
-0.41022
-0.344027
-0.249062
-0.125287
0.0793052
0.284019
0.742515
0.836205
1.87678
1.23392
2.41505
-0.761354
-1.95396
-1.27854
-1.34461
-1.20298
-1.12837
-1.04673
-0.971923
-0.903984
-0.841883
-0.785933
-0.73479
-0.687528
-0.642933
-0.599881
-0.557095
-0.51308
-0.465663
-0.412003
-0.346896
-0.265167
-0.152605
-0.00921447
0.213383
0.434287
0.897328
0.980616
2.0438
1.21423
2.95144
-0.893102
-1.99401
-1.36166
-1.39259
-1.2542
-1.16928
-1.08379
-1.00342
-0.930313
-0.862461
-0.800453
-0.742904
-0.68893
-0.637267
-0.586691
-0.535763
-0.482756
-0.425216
-0.359959
-0.281511
-0.18443
-0.0550196
0.106425
0.344512
0.578599
1.04246
1.11699
2.19459
1.2078
3.43866
-1.0375
-2.03845
-1.4503
-1.44566
-1.30945
-1.21365
-1.12346
-1.037
-0.958285
-0.884366
-0.816016
-0.751787
-0.690809
-0.631762
-0.573326
-0.513901
-0.451552
-0.38358
-0.306521
-0.214741
-0.102687
0.0426406
0.220474
0.471648
0.71626
1.17806
1.24565
2.33069
1.21264
3.87971
-1.19482
-2.08749
-1.54458
-1.50402
-1.36891
-1.26174
-1.166
-1.0729
-0.988099
-0.907759
-0.83276
-0.761565
-0.693294
-0.626566
-0.559961
-0.491735
-0.419764
-0.341144
-0.252205
-0.147248
-0.0207597
0.139426
0.331956
0.593989
0.846842
1.30443
1.36691
2.45337
1.22694
4.2775
-1.36523
-2.14131
-1.64454
-1.56783
-1.43275
-1.31374
-1.21164
-1.11134
-1.01994
-0.932799
-0.850822
-0.772366
-0.69652
-0.621832
-0.546783
-0.469499
-0.387694
-0.298303
-0.197516
-0.0796691
0.060593
0.234504
0.440069
0.710949
0.970123
1.42193
1.48102
2.5637
1.24913
4.63488
-1.54874
-2.20004
-1.75018
-1.63723
-1.50108
-1.36981
-1.26057
-1.1525
-1.05399
-0.959634
-0.870337
-0.784322
-0.700622
-0.617713
-0.533981
-0.447433
-0.355647
-0.255446
-0.142945
-0.0125984
0.14069
0.327165
0.544179
0.822126
1.08603
1.53098
1.58821
2.66266
1.27779
4.95456
-1.74524
-2.2638
-1.86141
-1.71226
-1.57397
-1.43006
-1.31291
-1.19652
-1.09037
-0.988399
-0.891429
-0.797554
-0.705734
-0.614365
-0.521743
-0.425771
-0.323923
-0.212949
-0.0889524
0.053421
0.218932
0.416815
0.643796
0.927264
1.19462
1.63197
1.68868
2.75108
1.3117
5.23915
-1.95442
-2.33261
-1.97809
-1.79294
-1.65144
-1.49454
-1.36878
-1.24352
-1.12922
-1.01921
-0.914209
-0.812176
-0.711981
-0.611936
-0.510251
-0.404743
-0.292808
-0.171165
-0.0359641
0.117903
0.294807
0.502976
0.738565
1.02623
1.29599
1.7253
1.78259
2.82976
1.34981
5.49116
-2.17579
-2.40646
-2.09998
-1.87921
-1.73347
-1.56327
-1.42821
-1.29357
-1.17062
-1.05215
-0.93877
-0.828289
-0.719478
-0.610564
-0.499677
-0.384564
-0.262571
-0.130424
0.0156364
0.180424
0.367885
0.585272
0.828241
1.11899
1.39032
1.81135
1.87013
2.89945
1.3912
5.71296
-2.40866
-2.48527
-2.22677
-1.97091
-1.81993
-1.63619
-1.49121
-1.3467
-1.21461
-1.08728
-0.965182
-0.845975
-0.728325
-0.610374
-0.490179
-0.365434
-0.233458
-0.091019
0.0655107
0.240622
0.437816
0.663421
0.912673
1.20556
1.47782
1.89046
1.95147
2.96084
1.43508
5.90681
-2.65213
-2.56887
-2.35805
-2.06784
-1.91068
-1.71318
-1.55771
-1.40288
-1.2612
-1.12462
-0.993488
-0.865295
-0.738603
-0.611473
-0.481897
-0.34753
-0.20569
-0.0532119
0.113367
0.298194
0.504327
0.737226
0.991791
1.28606
1.55871
1.96299
2.0268
3.01461
1.48078
6.07484
-2.9051
-2.65702
-2.49335
-2.16967
-2.00546
-1.79406
-1.6276
-1.46204
-1.31035
-1.16418
-1.0237
-0.886285
-0.750373
-0.61395
-0.474952
-0.331009
-0.179457
-0.0172255
0.158963
0.352902
0.567213
0.806559
1.06559
1.3606
1.63326
2.02927
2.09634
3.06139
1.52772
6.21904
-3.16623
-2.74939
-2.63208
-2.27601
-2.10397
-1.87858
-1.70069
-1.52406
-1.362
-1.20591
-1.05581
-0.908955
-0.76367
-0.617869
-0.469439
-0.315998
-0.154919
0.0167554
0.202102
0.404558
0.626332
0.87136
1.13412
1.42937
1.70171
2.08963
2.16031
3.10178
1.5754
6.34132
-3.43401
-2.84555
-2.77359
-2.38638
-2.20582
-1.96642
-1.77676
-1.58876
-1.416
-1.24971
-1.08977
-0.933284
-0.778505
-0.62327
-0.465428
-0.302598
-0.132204
0.0485846
0.242634
0.453032
0.681599
0.931619
1.19747
1.49255
1.76433
2.14439
2.21896
3.13635
1.62341
6.44341
-3.70673
-2.945
-2.91712
-2.50019
-2.31053
-2.05721
-1.85549
-1.6559
-1.47219
-1.29547
-1.12547
-0.959222
-0.794859
-0.630167
-0.462964
-0.290881
-0.111407
0.0781542
0.280452
0.49824
0.732978
0.987376
1.25577
1.55036
1.82141
2.19388
2.27253
3.16562
1.67137
6.52698
-3.98252
-3.04716
-3.06187
-2.61679
-2.41757
-2.15047
-1.93653
-1.7252
-1.53033
-1.34301
-1.16281
-0.986684
-0.812685
-0.638545
-0.462062
-0.280889
-0.0925882
0.105393
0.315491
0.540142
0.78048
1.03871
1.30918
1.60303
1.87323
2.2384
2.3213
3.19011
1.71901
6.59354
-4.2594
-3.15136
-3.20697
-2.73544
-2.52633
-2.2457
-2.01945
-1.7963
-1.59017
-1.39212
-1.20162
-1.01556
-0.831905
-0.648361
-0.462709
-0.272634
-0.075778
0.130266
0.347725
0.578738
0.824151
1.08572
1.35787
1.65081
1.92007
2.27826
2.36552
3.21026
1.76606
6.64451
-4.53526
-3.25687
-3.35147
-2.85534
-2.63614
-2.34232
-2.10378
-1.86883
-1.65138
-1.44255
-1.2417
-1.04569
-0.852412
-0.659544
-0.464866
-0.266099
-0.0609742
0.152771
0.377163
0.614067
0.864072
1.12856
1.40206
1.69394
1.96221
2.31377
2.40547
3.22651
1.81234
6.68118
-4.80796
-3.36291
-3.49443
-2.97563
-2.74627
-2.43968
-2.18899
-1.94233
-1.7136
-1.49401
-1.28283
-1.0769
-0.874071
-0.671995
-0.468462
-0.261239
-0.048145
0.172937
0.403845
0.646194
0.900353
1.16738
1.44194
1.73267
1.99995
2.34521
2.44141
3.23924
1.85767
6.70477
-5.07533
-3.46867
-3.63485
-3.09542
-2.85595
-2.53713
-2.2745
-2.01633
-1.77643
-1.54616
-1.32474
-1.10898
-0.896715
-0.685588
-0.473402
-0.25798
-0.0372307
0.190824
0.427843
0.675218
0.933128
1.20236
1.47775
1.76728
2.03356
2.37289
2.4736
3.24882
1.90193
6.7164
-5.33522
-3.57331
-3.77176
-3.21377
-2.9644
-2.63394
-2.35972
-2.09031
-1.83944
-1.59866
-1.36713
-1.14169
-0.920154
-0.70017
-0.479567
-0.256225
-0.0281455
0.206515
0.449253
0.701257
0.96255
1.2337
1.50971
1.79801
2.06332
2.39706
2.50231
3.25558
1.94504
6.7171
-5.58554
-3.67599
-3.90418
-3.32977
-3.07079
-2.72938
-2.44399
-2.16372
-1.90218
-1.65111
-1.40969
-1.17477
-0.944173
-0.715566
-0.486813
-0.255852
-0.0207799
0.22012
0.468193
0.724451
0.988789
1.26159
1.53807
1.82512
2.0895
2.41801
2.52778
3.2598
1.98686
6.70755
-5.82432
-3.77588
-4.03118
-3.44248
-3.1743
-2.82271
-2.52668
-2.236
-1.96414
-1.70311
-1.45206
-1.20793
-0.968535
-0.731581
-0.494973
-0.256718
-0.0150034
0.231767
0.484802
0.744958
1.01203
1.28625
1.56305
1.84886
2.11236
2.43597
2.55025
3.26181
2.02761
6.68858
-6.04968
-3.8722
-4.15186
-3.551
-3.27413
-2.91319
-2.60713
-2.30657
-2.02484
-1.75423
-1.4939
-1.24087
-0.992985
-0.747999
-0.503866
-0.258662
-0.0106665
0.241604
0.499234
0.762949
1.03246
1.30789
1.5849
1.86949
2.13215
2.45119
2.56993
3.26175
2.06708
6.66116
-6.25993
-3.9642
-4.26539
-3.65448
-3.3695
-3.0001
-2.68468
-2.37485
-2.08377
-1.80402
-1.53482
-1.27326
-1.01725
-0.764591
-0.513292
-0.261507
-0.0076044
0.249793
0.511659
0.778606
1.05029
1.32674
1.60384
1.88724
2.14912
2.4639
2.58707
3.25992
2.10525
6.62586
-6.45351
-4.05118
-4.37103
-3.75211
-3.45967
-3.08272
-2.75869
-2.44027
-2.14042
-1.85206
-1.57445
-1.30479
-1.04106
-0.781114
-0.523039
-0.265062
-0.00563885
0.256508
0.522255
0.792118
1.06571
1.34301
1.62011
1.90235
2.16351
2.47431
2.60185
3.2565
2.14217
6.58322
-6.62894
-4.13249
-4.46809
-3.84316
-3.54395
-3.16041
-2.82857
-2.50227
-2.1943
-1.89791
-1.6124
-1.33512
-1.06412
-0.797318
-0.532885
-0.269126
-0.00458157
0.261933
0.531208
0.80368
1.07894
1.35692
1.63394
1.91504
2.17552
2.48263
2.61447
3.25166
2.1779
6.53376
-6.78503
-4.20771
-4.55603
-3.92696
-3.62171
-3.23255
-2.89372
-2.56034
-2.24494
-1.94113
-1.6483
-1.36393
-1.08613
-0.812946
-0.542603
-0.273491
-0.00423689
0.266259
0.538712
0.813492
1.09018
1.36868
1.64554
1.92553
2.18539
2.48904
2.62512
3.24556
2.21249
6.4779
-6.92108
-4.27626
-4.6343
-4.00298
-3.6924
-3.29859
-2.95364
-2.61396
-2.29187
-1.98132
-1.68178
-1.39087
-1.10682
-0.827743
-0.551961
-0.277945
-0.00440449
0.269682
0.544961
0.821752
1.09964
1.3785
1.65512
1.93402
2.19329
2.49372
2.63397
3.23832
2.24601
6.41603
-7.03638
-4.33782
-4.70259
-4.07071
-3.75555
-3.35804
-3.00784
-2.66269
-2.33468
-2.01808
-1.71248
-1.41565
-1.12589
-0.841454
-0.560728
-0.282274
-0.00488219
0.272397
0.550151
0.828657
1.10751
1.38658
1.66289
1.94071
2.19942
2.49684
2.64117
3.23006
2.27855
6.34846
-7.13043
-4.39212
-4.76062
-4.12978
-3.81074
-3.41048
-3.0559
-2.70612
-2.37297
-2.05106
-1.74008
-1.43794
-1.14308
-0.85383
-0.568676
-0.286267
-0.00546846
0.274599
0.554476
0.834403
1.11399
1.39313
1.66903
1.94579
2.20396
2.49854
2.64689
3.22088
2.31021
6.27543
-7.20295
-4.43899
-4.80821
-4.17991
-3.85769
-3.45558
-3.09747
-2.7439
-2.4064
-2.07993
-1.76426
-1.45748
-1.15813
-0.86463
-0.575583
-0.289715
-0.005965
0.276483
0.558126
0.839179
1.11928
1.39833
1.67374
1.94942
2.20707
2.49896
2.65125
3.21087
2.34107
6.19717
-7.25384
-4.47837
-4.84529
-4.22092
-3.89617
-3.49307
-3.13226
-2.77572
-2.43466
-2.10439
-1.78475
-1.474
-1.17077
-0.873626
-0.581236
-0.292416
-0.00617891
0.278235
0.561285
0.843169
1.12355
1.40235
1.67719
1.95177
2.20891
2.49824
2.65439
3.20009
2.37125
6.11383
-7.28319
-4.51026
-4.87188
-4.25273
-3.92605
-3.52276
-3.16005
-2.80134
-2.45751
-2.12418
-1.8013
-1.48725
-1.1808
-0.880604
-0.585432
-0.294179
-0.0059249
0.280036
0.564132
0.846548
1.12698
1.40538
1.67953
1.95299
2.2096
2.4965
2.65644
3.18861
2.40087
6.02554
-7.29123
-4.53477
-4.88808
-4.27534
-3.94727
-3.54454
-3.18069
-2.82057
-2.47474
-2.1391
-1.81369
-1.49703
-1.188
-0.885366
-0.587982
-0.294821
-0.0050272
0.282058
0.566835
0.849482
1.12973
1.40755
1.68093
1.95323
2.2093
2.49385
2.6575
3.17646
2.43006
5.93237
-7.27837
-4.55207
-4.89409
-4.28884
-3.95985
-3.55838
-3.19408
-2.83329
-2.48618
-2.14896
-1.82173
-1.50315
-1.1922
-0.887734
-0.588712
-0.294174
-0.00332127
0.284462
0.569553
0.85213
1.13196
1.40904
1.68152
1.95262
2.20811
2.49038
2.65768
3.16368
2.45894
5.83437
-7.24512
-4.56243
-4.89016
-4.2934
-3.9639
-3.5643
-3.2002
-2.83941
-2.49173
-2.15363
-1.82527
-1.50544
-1.19322
-0.887548
-0.587466
-0.292084
-0.000655326
0.287397
0.572434
0.854634
1.1338
1.40997
1.68143
1.95128
2.20616
2.48619
2.65707
3.15031
2.48765
5.73155
-7.19217
-4.56616
-4.87663
-4.28926
-3.95959
-3.5624
-3.19907
-2.83892
-2.49133
-2.15303
-1.82421
-1.50379
-1.19093
-0.884669
-0.584104
-0.288411
0.0031083
0.291
0.575612
0.85713
1.1354
1.41046
1.68079
1.94931
2.20354
2.48137
2.65578
3.13635
2.51633
5.62391
-7.12027
-4.56367
-4.85387
-4.27672
-3.94713
-3.55282
-3.19078
-2.83184
-2.48495
-2.14708
-1.81845
-1.49809
-1.18523
-0.87898
-0.578505
-0.283034
0.0080921
0.295393
0.57921
0.859737
1.13685
1.41064
1.67971
1.94684
2.20035
2.476
2.65389
3.12183
2.54513
5.51143
-7.03031
-4.55539
-4.82235
-4.25614
-3.9268
-3.53576
-3.17546
-2.81823
-2.47261
-2.13576
-1.80796
-1.48828
-1.17603
-0.870385
-0.570567
-0.275847
0.0144024
0.300683
0.583335
0.862562
1.13828
1.41061
1.67829
1.94394
2.19669
2.47016
2.65149
3.10677
2.57418
5.39406
-6.92329
-4.54183
-4.78255
-4.22791
-3.89891
-3.51145
-3.15325
-2.7982
-2.45435
-2.11909
-1.79269
-1.47429
-1.16326
-0.858808
-0.560209
-0.266765
0.0221284
0.306962
0.588078
0.865697
1.13978
1.41046
1.6766
1.9407
2.19264
2.46392
2.64864
3.09118
2.60362
5.27177
-6.80029
-4.52353
-4.73501
-4.19249
-3.86383
-3.48016
-3.12436
-2.77186
-2.43025
-2.0971
-1.77265
-1.45611
-1.14687
-0.844196
-0.547368
-0.255719
0.0313419
0.314302
0.593515
0.869218
1.14141
1.41026
1.67474
1.9372
2.18826
2.45735
2.64545
3.07509
2.63359
5.14454
-6.66252
-4.50106
-4.68029
-4.15033
-3.8219
-3.44218
-3.08899
-2.73937
-2.4004
-2.06983
-1.74786
-1.43374
-1.12686
-0.826514
-0.532001
-0.24266
0.0420963
0.322762
0.599704
0.873186
1.14325
1.41007
1.67276
1.93352
2.18364
2.45051
2.64198
3.05852
2.66421
5.0124
-6.5113
-4.47502
-4.61897
-4.1019
-3.77352
-3.39778
-3.04736
-2.70088
-2.36492
-2.03736
-1.71836
-1.40718
-1.10321
-0.805747
-0.514084
-0.227558
0.054426
0.332377
0.606687
0.877644
1.14533
1.40996
1.67073
1.92969
2.17884
2.44348
2.63832
3.04154
2.69558
4.87544
-6.34808
-4.446
-4.55168
-4.04765
-3.71903
-3.34725
-2.99968
-2.65655
-2.32391
-1.99977
-1.6842
-1.37647
-1.07594
-0.781897
-0.493611
-0.210402
0.0683463
0.343168
0.614484
0.882616
1.14769
1.40994
1.66868
1.92579
2.17392
2.43633
2.63454
3.02422
2.72778
4.73389
-6.17448
-4.41453
-4.47899
-3.98803
-3.65881
-3.29086
-2.94617
-2.60653
-2.27749
-1.95712
-1.64543
-1.34164
-1.04508
-0.754983
-0.470594
-0.1912
0.0838522
0.355131
0.623096
0.888108
1.15034
1.41005
1.66663
1.92183
2.16892
2.42913
2.63073
3.00669
2.76083
4.58816
-5.99232
-4.38105
-4.4015
-3.9234
-3.59313
-3.22884
-2.88698
-2.55097
-2.22576
-1.90952
-1.60213
-1.30276
-1.01067
-0.72504
-0.445065
-0.169979
0.100919
0.368245
0.632504
0.894104
1.15326
1.41027
1.6646
1.91785
2.1639
2.42195
2.62697
2.98911
2.79467
4.439
-5.80366
-4.34581
-4.31974
-3.85408
-3.52227
-3.16137
-2.82228
-2.48996
-2.1688
-1.85702
-1.55434
-1.25986
-0.972754
-0.692115
-0.41707
-0.146786
0.1195
0.382463
0.642665
0.900562
1.15643
1.41058
1.66258
1.91386
2.15889
2.41487
2.62335
2.9717
2.82911
4.28765
-5.61098
-4.30877
-4.2342
-3.7803
-3.44643
-3.08862
-2.75218
-2.42362
-2.10673
-1.79972
-1.50216
-1.21304
-0.931419
-0.65629
-0.38669
-0.1217
0.139519
0.397711
0.653505
0.907417
1.15978
1.41093
1.66053
1.90985
2.15392
2.40794
2.61994
2.95476
2.86377
4.13612
-5.41702
-4.26949
-4.14536
-3.70233
-3.36586
-3.01079
-2.67689
-2.35214
-2.03971
-1.73779
-1.44575
-1.16246
-0.886823
-0.617718
-0.354069
-0.0948583
0.160845
0.413869
0.664917
0.914571
1.16323
1.41126
1.65841
1.9058
2.14899
2.40124
2.61685
2.93862
2.89808
3.98743
-5.22362
-4.22581
-4.05276
-3.61954
-3.27995
-2.92731
-2.59584
-2.275
-1.96728
-1.67084
-1.3848
-1.10786
-0.838761
-0.576248
-0.319108
-0.0662054
0.183495
0.430916
0.676848
0.921948
1.16668
1.41147
1.65612
1.90163
2.14409
2.3948
2.61418
2.92361
2.93097
3.84614
-5.03271
-4.16958
-3.95409
-3.52852
-3.18548
-2.83491
-2.50591
-2.18926
-1.88675
-1.59641
-1.3171
-1.04732
-0.785602
-0.530521
-0.280709
-0.0348935
0.208086
0.44926
0.689519
0.929607
1.17007
1.41137
1.65343
1.89708
2.13896
2.38853
2.61177
2.91084
2.95826
3.72189
-4.86238
-4.08624
-3.8561
-3.42822
-3.08374
-2.73388
-2.40749
-2.09511
-1.79823
-1.51457
-1.24272
-0.980913
-0.72746
-0.480719
-0.239142
-0.00129212
0.234137
0.468308
0.702228
0.936745
1.1725
1.41003
1.64931
1.89123
2.13239
2.38221
2.60662
2.90603
2.96287
3.63883
64.5506
-48.1805
35.2283
-2.17025
10.4887
6.52301
7.62688
7.22404
7.27954
7.20908
7.1795
7.14254
7.11026
7.07859
7.04786
7.01732
6.98658
6.9549
6.9226
6.88561
6.85598
6.78545
6.84089
6.43772
7.54255
3.57184
16.2495
-21.2119
62.3566
-50.6096
54.8025
-31.9802
24.3316
2.45223
9.06123
6.97175
7.52561
7.27352
7.28249
7.22122
7.18632
7.14821
7.11405
7.08084
7.04859
7.01657
6.98431
6.95109
6.91689
6.87875
6.84379
6.78246
6.79131
6.53904
7.09315
5.00145
11.6191
-10.2938
46.1197
-40.8413
48.9529
-22.1706
19.1206
4.14652
8.67086
7.11126
7.51076
7.2992
7.29108
7.23138
7.19313
7.15351
7.11762
7.08294
7.04927
7.01586
6.98219
6.94748
6.91156
6.8719
6.83358
6.77381
6.76557
6.55384
6.95344
5.39231
9.92224
-5.07355
36.2874
-34.9793
44.1183
-15.3591
16.1479
5.0426
8.45585
7.21342
7.50441
7.32304
7.30007
7.24129
7.19979
7.15866
7.12108
7.08497
7.04993
7.01518
6.98013
6.944
6.90638
6.8652
6.82362
6.76477
6.74165
6.56013
6.85109
5.60756
9.02467
-2.09634
29.46
-30.1343
39.8028
-10.295
14.3177
5.59579
8.33212
7.28921
7.50544
7.3452
7.30988
7.25113
7.2065
7.16378
7.1245
7.08698
7.05058
7.01451
6.9781
6.94055
6.90123
6.85844
6.81373
6.75489
6.7194
6.55902
6.77512
5.73134
8.47032
-0.264082
24.3841
-25.8095
36.0049
-6.54673
13.1916
5.99137
8.25072
7.3576
7.50891
7.36656
7.32019
7.2609
7.21321
7.16883
7.12787
7.08895
7.05121
7.01386
6.97611
6.93715
6.89613
6.85169
6.8039
6.7445
6.69794
6.55544
6.7065
5.81262
8.07357
0.862716
20.6271
-22.0033
32.6638
-3.81934
12.4934
6.31403
8.19541
7.42323
7.51528
7.38684
7.33081
7.27044
7.21981
7.17373
7.13112
7.09084
7.05182
7.01324
6.9742
6.93388
6.8912
6.84504
6.79429
6.73379
6.67754
6.54894
6.64059
5.86767
7.74969
1.56093
17.8934
-18.6549
29.7039
-1.8462
12.011
6.60783
8.15565
7.48828
7.52474
7.40618
7.34147
7.2796
7.22614
7.17837
7.13418
7.0926
7.05239
7.01266
6.97242
6.9308
6.88653
6.83866
6.78506
6.72304
6.65807
6.5393
6.57519
5.90705
7.4546
2.04299
15.9158
-15.6885
27.0627
-0.414076
11.6085
6.8821
8.12566
7.5517
7.53725
7.42464
7.35193
7.2882
7.23206
7.18263
7.13696
7.0942
7.0529
7.01214
6.97082
6.928
6.88224
6.8327
6.77639
6.71248
6.63945
6.52656
6.51137
5.93655
7.17903
2.44521
14.4804
-13.0417
24.6898
0.63803
11.2098
7.12882
8.09997
7.61074
7.55184
7.44204
7.36185
7.29601
7.23735
7.18635
7.13936
7.09556
7.05334
7.0117
6.96945
6.92558
6.87849
6.82735
6.7685
6.70243
6.62187
6.51169
6.45187
5.96167
6.93106
2.84388
13.426
-10.6636
22.5433
1.42867
10.7796
7.33469
8.0724
7.66171
7.5666
7.45781
7.37079
7.30272
7.24177
7.18938
7.14127
7.09662
7.05368
7.01136
6.96839
6.92366
6.87543
6.82287
6.7617
6.69335
6.6059
6.49662
6.40042
5.98864
6.72408
3.27417
12.6337
-8.51256
20.5895
2.04278
10.3092
7.48792
8.03636
7.70055
7.57887
7.47089
7.37808
7.30793
7.24504
7.1915
7.14254
7.0973
7.05389
7.01116
6.96771
6.92239
6.87329
6.81955
6.7564
6.68591
6.59259
6.484
6.36107
6.02409
6.56991
3.74483
12.0183
-6.55456
18.8009
2.53904
9.80535
7.58153
7.98571
7.72342
7.5856
7.47985
7.38284
7.31111
7.2468
7.19247
7.14302
7.09752
7.05396
7.01111
6.9675
6.92191
6.87229
6.81774
6.75312
6.68099
6.58339
6.47691
6.33771
6.07417
6.47556
4.24916
11.521
-4.7621
17.1555
2.95622
9.28214
7.61413
7.91567
7.72708
7.58373
7.48299
7.38403
7.31165
7.24663
7.19203
7.14253
7.09717
7.05384
7.01126
6.96787
6.9224
6.87272
6.81786
6.75249
6.67964
6.58001
6.47843
6.33359
6.14371
6.44243
4.77294
11.103
-3.11328
15.6363
3.31857
8.75582
7.58937
7.82334
7.70922
7.57052
7.47853
7.38048
7.30882
7.24406
7.18987
7.14089
7.09615
7.05351
7.01163
6.96892
6.92405
6.87486
6.82038
6.75522
6.68303
6.58421
6.49128
6.35103
6.23563
6.46684
5.29991
10.74
-1.59077
14.2295
3.64022
8.24129
7.51461
7.70794
7.66867
7.54385
7.46487
7.37102
7.30187
7.23861
7.18567
7.13788
7.09434
7.05292
7.01226
6.97076
6.92708
6.87906
6.82579
6.76207
6.69233
6.59764
6.51762
6.3912
6.3507
6.54144
5.81511
10.4179
-0.180953
12.9245
3.9287
7.75043
7.39933
7.5707
7.60547
7.50235
7.44066
7.35459
7.29007
7.22977
7.17911
7.13331
7.09164
7.05204
7.01319
6.97351
6.93168
6.88562
6.83459
6.77379
6.7086
6.62162
6.55883
6.45411
6.48772
6.65671
6.30665
10.129
1.12685
11.713
4.18749
7.29142
7.25371
7.41445
7.52075
7.44548
7.40503
7.33032
7.27275
7.21708
7.16986
7.12697
7.08793
7.05084
7.01445
6.97727
6.93805
6.89488
6.84726
6.79103
6.73274
6.65705
6.61545
6.5386
6.64384
6.80246
6.76634
9.86997
2.34107
10.588
4.41795
6.86889
7.08749
7.24311
7.41661
7.37349
7.35759
7.2976
7.24938
7.20012
7.15765
7.11868
7.08311
7.04928
7.01608
6.98215
6.94639
6.90711
6.8642
6.81433
6.76533
6.70432
6.68723
6.64258
6.81515
6.96891
7.18954
9.6394
3.46846
9.54422
4.62058
6.48447
6.90926
7.06114
7.29588
7.28739
7.29844
7.25615
7.21962
7.17858
7.14224
7.10829
7.07709
7.04733
7.01811
6.98825
6.95683
6.92254
6.88572
6.84404
6.80668
6.76333
6.77319
6.76323
6.99716
7.14747
7.5746
9.43679
4.51456
8.57687
4.79573
6.13753
6.72598
6.87309
7.1618
7.18871
7.2282
7.20602
7.18331
7.15229
7.12347
7.09566
7.0698
7.04497
7.02055
6.99561
6.96952
6.94134
6.91201
6.8803
6.85672
6.83346
6.87176
6.89731
7.18535
7.33114
7.92217
9.26177
5.48404
7.68186
4.9441
5.82596
6.54295
6.68314
7.0178
7.07942
7.14787
7.14758
7.14053
7.12117
7.10126
7.08074
7.06119
7.04219
7.02343
7.0043
6.9845
6.96359
6.94314
6.92306
6.9151
6.91373
6.981
7.04137
7.3755
7.51463
8.23436
9.11364
6.38101
6.85548
5.06681
5.54677
6.3639
6.49492
6.86724
6.96173
7.05876
7.08148
7.09154
7.08531
7.07561
7.0635
7.05125
7.03896
7.02674
7.01432
7.00181
6.98929
6.97901
6.97204
6.98117
7.00281
7.09871
7.19207
7.564
7.69418
8.51416
8.99127
7.20918
6.09424
5.16545
5.29667
6.19122
6.31131
6.71323
6.8379
6.96238
7.00857
7.03679
7.04494
7.04661
7.04398
7.03998
7.03531
7.03048
7.02566
7.02139
7.01833
7.0194
7.02678
7.05407
7.09919
7.2226
7.34627
7.74795
7.86742
8.76487
8.89304
7.97205
5.3948
5.24197
5.0724
6.02623
6.13447
6.55851
6.71016
6.86037
6.9299
6.97692
7.00038
7.01445
7.02227
7.02744
7.03123
7.03464
7.03828
7.04316
7.05053
7.06398
7.08667
7.13274
7.20125
7.35045
7.50123
7.92516
8.03298
8.98974
8.81701
8.67296
4.7539
5.29853
4.87098
5.86956
5.96588
6.4054
6.58057
6.75436
6.84661
6.91263
6.95208
6.97938
6.99851
7.01368
7.02674
7.03919
7.05211
7.06697
7.08563
7.1123
7.15097
7.21607
7.30733
7.4802
7.65465
8.09418
8.19026
9.19176
8.76099
9.31518
4.16836
5.3374
4.68978
5.7213
5.80641
6.25573
6.45097
6.64594
6.75986
6.84476
6.90057
6.94174
6.97289
6.9988
7.02188
7.0441
7.06703
7.09263
7.12331
7.16384
7.21887
7.30286
7.41586
7.60999
7.80466
8.25411
8.33914
9.37354
8.7227
9.90188
3.63505
5.36082
4.52661
5.5813
5.65647
6.11091
6.32294
6.53657
6.67083
6.77414
6.84643
6.90188
6.94564
6.98293
7.01668
7.04933
7.08292
7.11989
7.16318
7.218
7.28952
7.39196
7.52536
7.73826
7.94985
8.40453
8.47977
9.53728
8.69988
10.4362
3.15091
5.37095
4.37962
5.44927
5.51615
5.97196
6.19778
6.42756
6.58062
6.70163
6.79026
6.86023
6.91703
6.96621
7.01118
7.05484
7.09965
7.14852
7.20483
7.27418
7.36207
7.48226
7.63454
7.86369
8.0892
8.54536
8.61243
9.68483
8.69036
10.9212
2.71294
5.36977
4.24728
5.32489
5.38527
5.83958
6.07651
6.32004
6.49025
6.62805
6.73268
6.81722
6.88732
6.94879
7.00544
7.06056
7.11705
7.17821
7.24783
7.33176
7.43569
7.57272
7.74223
7.98526
8.22202
8.67674
8.73743
9.8177
8.69215
11.36
2.31822
5.35908
4.12834
5.20785
5.26355
5.71417
5.95993
6.21498
6.40065
6.55419
6.67431
6.77328
6.8568
6.93083
6.9995
7.06645
7.13496
7.20868
7.29174
7.39014
7.50959
7.66243
7.84749
8.10215
8.34786
8.79898
8.85509
9.93715
8.70345
11.7553
1.96393
5.34049
4.02169
5.09789
5.1506
5.59596
5.84861
6.11316
6.31261
6.48076
6.6157
6.72884
6.82577
6.9125
6.99342
7.07245
7.15322
7.23965
7.33613
7.44872
7.58305
7.75058
7.94953
8.2138
8.46651
8.91244
8.96565
10.0443
8.72263
12.1101
1.64735
5.31539
3.9264
4.99478
5.04603
5.48501
5.74294
6.01519
6.22682
6.4084
6.55741
6.68432
6.79451
6.89397
6.98724
7.07851
7.17164
7.27082
7.38059
7.50699
7.65544
7.83649
8.04772
8.3198
8.57791
9.01752
9.06933
10.14
8.74829
12.4271
1.36586
5.28502
3.84161
4.89833
4.94942
5.38127
5.64316
5.92153
6.14384
6.33767
6.49992
6.64009
6.76329
6.87539
6.98103
7.08457
7.19008
7.30191
7.42473
7.56444
7.7262
7.91959
8.1416
8.41992
8.68209
9.11461
9.16631
10.2252
8.7792
12.7089
1.11698
5.25043
3.76653
4.80836
4.86039
5.28462
5.5494
5.83254
6.06413
6.26905
6.44366
6.59651
6.73236
6.85691
6.97484
7.09058
7.20838
7.33269
7.4682
7.62064
7.79485
7.99942
8.23082
8.514
8.77916
9.2041
9.25678
10.3007
8.81429
12.958
0.898326
5.21255
3.70043
4.72472
4.77856
5.19488
5.4617
5.74844
5.98803
6.20292
6.38901
6.55389
6.70196
6.83869
6.9687
7.0965
7.2264
7.36291
7.51069
7.67523
7.86098
8.07562
8.31514
8.60203
8.8693
9.28637
9.34089
10.3671
8.85264
13.1767
0.707652
5.17216
3.64259
4.64721
4.70358
5.11185
5.38
5.66937
5.91582
6.13962
6.33628
6.51251
6.6723
6.82084
6.96267
7.10228
7.24402
7.39237
7.55192
7.72788
7.92429
8.14794
8.39442
8.68404
8.95271
9.36177
9.41881
10.4252
8.89345
13.3674
0.542833
5.12996
3.59237
4.57566
4.63509
5.0353
5.30422
5.59539
5.84767
6.07938
6.28574
6.4726
6.64356
6.80349
6.95679
7.1079
7.26112
7.4209
7.59167
7.77833
7.98453
8.21619
8.4686
8.76011
9.02961
9.43063
9.49075
10.4757
8.93604
13.5322
0.401869
5.08651
3.54913
4.50985
4.57276
4.96498
5.23421
5.5265
5.78369
6.02239
6.23758
6.43436
6.6159
6.78673
6.95109
7.1133
7.27761
7.44833
7.62973
7.82638
8.0415
8.28025
8.53767
8.83038
9.10025
9.49329
9.55689
10.5192
8.97982
13.6731
0.282883
5.04233
3.51228
4.44957
4.51628
4.90063
5.16981
5.46265
5.72395
5.96878
6.19198
6.39794
6.58943
6.77064
6.9456
7.11848
7.2934
7.47454
7.66596
7.87187
8.09509
8.34008
8.60169
8.89502
9.16489
9.55006
9.61746
10.5562
9.0243
13.7919
0.184118
4.99784
3.48125
4.39459
4.46534
4.84199
5.11084
5.40375
5.66844
5.91862
6.14905
6.36347
6.56428
6.75531
6.94035
7.12341
7.30843
7.49943
7.70023
7.91468
8.14522
8.39565
8.66073
8.95422
9.22378
9.60127
9.67269
10.5874
9.06903
13.8904
0.103939
4.95341
3.45553
4.34465
4.41961
4.78879
5.05707
5.34968
5.61713
5.87195
6.10886
6.33103
6.54051
6.74077
6.93536
7.12806
7.32266
7.52293
7.73246
7.95474
8.19186
8.44701
8.71494
9.00818
9.2772
9.64723
9.72283
10.6132
9.11367
13.9703
0.0408241
4.90934
3.43462
4.2995
4.37879
4.74076
5.00829
5.30028
5.56994
5.82875
6.07145
6.30069
6.5182
6.72709
6.93065
7.13244
7.33603
7.54498
7.76259
7.99202
8.235
8.49423
8.76444
9.05712
9.32542
9.68822
9.76813
10.6342
9.15791
14.0331
-0.00663275
4.8659
3.41806
4.25889
4.3426
4.69762
4.96427
5.25539
5.52679
5.789
6.03683
6.27248
6.49736
6.71428
6.92623
7.13653
7.34853
7.56554
7.7906
8.02651
8.2747
8.5374
8.80942
9.10127
9.36871
9.72457
9.80886
10.6508
9.20148
14.0802
-0.039729
4.82327
3.40546
4.22257
4.31073
4.65911
4.92478
5.21483
5.48754
5.75263
6.00497
6.24641
6.47804
6.70236
6.9221
7.14033
7.36014
7.58461
7.81647
8.05823
8.31102
8.57666
8.85005
9.14087
9.40734
9.75654
9.84527
10.6634
9.2442
14.113
-0.0596606
4.78165
3.39641
4.19026
4.28291
4.62495
4.88957
5.1784
5.45207
5.71955
5.97585
6.22245
6.46023
6.69135
6.91828
7.14384
7.37087
7.60217
7.84022
8.08722
8.34403
8.61213
8.88653
9.17616
9.44158
9.78444
9.87761
10.6725
9.28588
14.1325
-0.0675459
4.74114
3.39057
4.16174
4.25887
4.59489
4.85842
5.1459
5.42022
5.68965
5.94939
6.20059
6.44391
6.68123
6.91477
7.14706
7.3807
7.61824
7.86189
8.11355
8.37386
8.64398
8.91906
9.20737
9.4717
9.80853
9.90615
10.6783
9.32641
14.14
-0.0644221
4.70187
3.38762
4.13674
4.23835
4.56867
4.83108
5.11713
5.39182
5.66284
5.92552
6.18079
6.42908
6.67202
6.91156
7.14999
7.38966
7.63286
7.88153
8.1373
8.40061
8.67235
8.94785
9.23475
9.49796
9.82908
9.93113
10.6812
9.36568
14.1365
-0.0509464
4.66396
3.38729
4.11505
4.2211
4.54603
4.80732
5.09188
5.36671
5.63896
5.90415
6.16297
6.41569
6.66368
6.90865
7.15265
7.39777
7.64604
7.89918
8.15856
8.42441
8.69743
8.9731
9.25852
9.52061
9.84633
9.95279
10.6814
9.40356
14.1226
-0.0279628
4.62721
3.38926
4.09642
4.20688
4.52673
4.78692
5.06995
5.34473
5.6179
5.88518
6.14708
6.4037
6.65619
6.90604
7.15504
7.40505
7.65785
7.91492
8.17742
8.44541
8.71939
8.99501
9.27891
9.53989
9.86052
9.97134
10.6794
9.44026
14.0992
0.00357913
4.59183
3.39338
4.08067
4.19547
4.51056
4.76967
5.05115
5.32569
5.59952
5.86851
6.13304
6.39307
6.64954
6.90372
7.15717
7.41152
7.66832
7.92883
8.19399
8.46373
8.73839
9.0138
9.29615
9.55603
9.87189
9.98702
10.6752
9.47557
14.0672
0.043117
4.55786
3.3994
4.06756
4.18666
4.49728
4.75534
5.03526
5.30943
5.58366
5.85403
6.12078
6.38374
6.64369
6.90168
7.15905
7.41722
7.67752
7.94099
8.2084
8.47954
8.75462
9.02966
9.31045
9.56927
9.88064
10
10.669
9.50946
14.0273
0.0900956
4.52524
3.40711
4.05692
4.18026
4.48668
4.74373
5.0221
5.29577
5.57018
5.84162
6.1102
6.37566
6.6386
6.8999
7.1607
7.42218
7.68549
7.95149
8.22074
8.49296
8.76824
9.04278
9.32202
9.57981
9.88697
10.0106
10.6612
9.54199
13.9799
0.144015
4.49393
3.41637
4.04857
4.17608
4.47858
4.73466
5.01149
5.28455
5.55895
5.83117
6.10121
6.36876
6.63425
6.89839
7.16212
7.42645
7.69231
7.96041
8.23115
8.50416
8.77942
9.05335
9.33104
9.58785
9.89107
10.0188
10.6519
9.57319
13.9256
0.204442
4.46388
3.42702
4.04233
4.17395
4.47277
4.72793
5.00325
5.27561
5.54983
5.82255
6.09374
6.36299
6.6306
6.89712
7.16333
7.43005
7.69804
7.96784
8.23973
8.51326
8.78834
9.06156
9.33772
9.59358
9.89311
10.0249
10.6411
9.60314
13.8648
0.271005
4.43502
3.43895
4.03804
4.17371
4.4691
4.72338
4.99721
5.26879
5.54266
5.81567
6.08769
6.35827
6.6276
6.89608
7.16434
7.43302
7.70274
7.97388
8.2466
8.5204
8.79514
9.06757
9.34222
9.59718
9.89326
10.0291
10.629
9.63189
13.7979
0.343393
4.40727
3.45204
4.03555
4.17521
4.46738
4.72084
4.9932
5.26394
5.53733
5.8104
6.08297
6.35455
6.62522
6.89527
7.16516
7.43541
7.70647
7.97861
8.25188
8.52573
8.79997
9.07155
9.34471
9.59882
9.89167
10.0314
10.6159
9.65952
13.7252
0.421345
4.38055
3.46621
4.03473
4.17832
4.46747
4.72015
4.99107
5.26091
5.5337
5.80663
6.07949
6.35175
6.62342
6.89466
7.16581
7.43724
7.7093
7.98212
8.25567
8.52937
8.80299
9.07365
9.34536
9.59865
9.88847
10.0322
10.6016
9.68614
13.6469
0.504651
4.35475
3.48136
4.03543
4.18291
4.46923
4.72117
4.99068
5.25958
5.53165
5.80426
6.07717
6.34983
6.62217
6.89424
7.16629
7.43857
7.71128
7.98449
8.25808
8.53145
8.80433
9.07402
9.3443
9.59683
9.8838
10.0313
10.5863
9.71184
13.5634
0.593146
4.32976
3.49743
4.03754
4.18885
4.47252
4.72375
4.99189
5.2598
5.53106
5.80318
6.07593
6.34872
6.62142
6.89401
7.16662
7.43941
7.71248
7.98581
8.25921
8.53208
8.80413
9.07279
9.34167
9.59348
9.87778
10.0291
10.5702
9.73673
13.4746
0.686708
4.30546
3.51437
4.04094
4.19605
4.4772
4.72778
4.99457
5.26145
5.53181
5.8033
6.07568
6.34836
6.62114
6.89395
7.16682
7.43981
7.71296
7.98615
8.25917
8.53139
8.8025
9.07011
9.33762
9.58874
9.87052
10.0256
10.5532
9.76093
13.3808
0.785251
4.28173
3.53212
4.04552
4.20438
4.48317
4.73312
4.9986
5.26442
5.53379
5.80453
6.07635
6.34869
6.62129
6.89404
7.16688
7.4398
7.71277
7.9856
8.25804
8.52947
8.79957
9.0661
9.33225
9.58273
9.86212
10.021
10.5354
9.78458
13.2821
0.88872
4.25844
3.55065
4.05116
4.21377
4.49031
4.73967
5.00386
5.26859
5.53691
5.80676
6.07787
6.34965
6.62185
6.89427
7.16682
7.43942
7.71195
7.98422
8.25592
8.52643
8.79544
9.06086
9.32569
9.57555
9.85268
10.0152
10.5168
9.80781
13.1785
0.997093
4.23543
3.56993
4.05778
4.22411
4.49851
4.74732
5.01023
5.27387
5.54107
5.80993
6.08016
6.35121
6.62278
6.89464
7.16665
7.43868
7.71057
7.98208
8.25287
8.52236
8.79023
9.05451
9.31805
9.56733
9.8423
10.0086
10.4975
9.83077
13.07
1.11037
4.21256
3.58992
4.06527
4.23531
4.50767
4.75596
5.01763
5.28015
5.54618
5.81394
6.08317
6.3533
6.62404
6.89512
7.16638
7.43762
7.70866
7.97924
8.249
8.51736
8.78402
9.04715
9.30942
9.55815
9.83107
10.001
10.4774
9.8536
12.9566
1.22856
4.18968
3.6106
4.07354
4.2473
4.5177
4.76549
5.02595
5.28733
5.55215
5.81873
6.08682
6.35589
6.62561
6.89572
7.16601
7.43627
7.70628
7.97576
8.24436
8.51151
8.77692
9.03888
9.29991
9.54812
9.81907
9.99273
10.4567
9.87646
12.8384
1.35168
4.16664
3.63194
4.08249
4.25998
4.5285
4.77583
5.0351
5.29534
5.5589
5.82422
6.09107
6.35892
6.62746
6.89641
7.16555
7.43464
7.70346
7.9717
8.23902
8.50488
8.769
9.02979
9.2896
9.53733
9.80638
9.98376
10.4354
9.8995
12.7152
1.47977
4.14328
3.6539
4.09203
4.27327
4.53998
4.78688
5.04499
5.30409
5.56635
5.83036
6.09586
6.36236
6.62957
6.8972
7.16501
7.43276
7.70023
7.9671
8.23305
8.49756
8.76035
9.01996
9.27859
9.52587
9.79309
9.97423
10.4134
9.92287
12.5871
1.61281
4.11945
3.67645
4.10205
4.28709
4.55205
4.79856
5.05555
5.3135
5.57445
5.83707
6.10113
6.36618
6.63192
6.89806
7.16439
7.43066
7.69663
7.96202
8.2265
8.4896
8.75104
9.00949
9.26696
9.51382
9.77929
9.96421
10.3909
9.94674
12.4541
1.75077
4.09501
3.69953
4.11247
4.30134
4.56463
4.81079
5.06669
5.32351
5.58313
5.84432
6.10686
6.37034
6.63448
6.899
7.1637
7.42834
7.69269
7.95649
8.21943
8.48106
8.74115
8.99843
9.25479
9.50129
9.76506
9.95383
10.3678
9.97123
12.3161
1.89353
4.06983
3.72306
4.12317
4.31594
4.57762
4.82348
5.07834
5.33405
5.59233
5.85204
6.113
6.37482
6.63723
6.90001
7.16294
7.42582
7.68844
7.95055
8.21187
8.472
8.73072
8.98686
9.24216
9.48835
9.7505
9.94317
10.3443
9.99648
12.1734
2.04085
4.04382
3.74693
4.13405
4.33078
4.59094
4.83656
5.09044
5.34507
5.602
5.86021
6.11953
6.37959
6.64017
6.90107
7.16211
7.42311
7.68388
7.94422
8.20387
8.46247
8.71982
8.97485
9.22915
9.47509
9.73571
9.93234
10.3205
10.0226
12.0262
2.19228
4.01692
3.771
4.14499
4.34576
4.60449
4.84996
5.10293
5.35651
5.61211
5.8688
6.12641
6.38463
6.64329
6.90219
7.16122
7.42022
7.67905
7.93753
8.19545
8.45249
8.70849
8.96245
9.21582
9.4616
9.72078
9.92147
10.2964
10.0496
11.8749
2.34706
3.98917
3.79506
4.15588
4.36077
4.61821
4.86362
5.11576
5.36835
5.62264
5.87778
6.13363
6.38994
6.64656
6.90337
7.16026
7.41715
7.67393
7.93048
8.18663
8.4421
8.69676
8.94972
9.20224
9.44795
9.70583
9.91067
10.2724
10.0775
11.7202
2.5039
3.96072
3.81886
4.16659
4.37571
4.632
4.87748
5.1289
5.38055
5.63356
5.88714
6.14119
6.39551
6.65
6.90459
7.15924
7.41391
7.66855
7.92309
8.17742
8.43131
8.68466
8.93667
9.18846
9.43423
9.69096
9.90005
10.2487
10.1061
11.5635
2.6608
3.93191
3.84207
4.177
4.39044
4.6458
4.89149
5.14231
5.39311
5.64486
5.89688
6.14908
6.40134
6.6536
6.90586
7.15815
7.41048
7.66289
7.91534
8.16781
8.42013
8.67221
8.92335
9.17453
9.42051
9.67629
9.88974
10.2255
10.135
11.4067
2.81467
3.90326
3.8643
4.18695
4.40485
4.65951
4.9056
5.15596
5.40601
5.65655
5.90699
6.15731
6.40742
6.65736
6.90718
7.15698
7.40688
7.65694
7.90725
8.15782
8.40855
8.65941
8.90978
9.1605
9.40688
9.66196
9.87991
10.2033
10.1639
11.253
2.96097
3.87582
3.8852
4.19631
4.41889
4.67316
4.91987
5.16994
5.41933
5.6687
5.91757
6.16594
6.41382
6.66131
6.90855
7.15574
7.40306
7.65067
7.89874
8.14735
8.39649
8.64618
8.89588
9.14631
9.39332
9.64801
9.87067
10.1825
10.1915
11.1069
3.09015
3.85386
3.90378
4.20537
4.43277
4.68716
4.93477
5.18476
5.43357
5.68179
5.929
6.1753
6.42077
6.6656
6.91004
7.15436
7.39887
7.64382
7.88947
8.136
8.38349
8.63201
8.88115
9.13149
9.37941
9.6342
9.86174
10.164
10.2136
10.978
3.17802
3.85437
3.9143
4.21706
4.4467
4.70268
4.9512
5.20136
5.44962
5.69661
5.942
6.18596
6.42869
6.67049
6.91172
7.15277
7.39406
7.63598
7.87889
8.12308
8.36875
8.61604
8.86462
9.11513
9.36397
9.62038
9.85017
10.1536
10.2132
10.8903
72.271
-40.6342
42.9159
5.48188
18.1647
14.2077
15.3222
14.9295
14.9948
14.9341
14.9143
14.8872
14.865
14.8437
14.8238
14.8046
14.786
14.7674
14.7492
14.7289
14.7124
14.6818
14.6836
14.5931
14.7249
14.2942
15.2339
13.0134
15.7471
14.0861
62.4938
-24.4118
31.9958
10.1055
16.7312
14.6527
15.2172
14.9758
14.995
14.944
14.9193
14.8917
14.8681
14.846
14.8253
14.8054
14.7862
14.7671
14.7483
14.7277
14.7097
14.6811
14.6746
14.6034
14.6795
14.3866
14.9554
13.2949
15.8018
14.107
56.6251
-14.5912
26.7714
11.7969
16.3363
14.7884
15.1989
14.9984
15.0009
14.9519
14.9244
14.8957
14.871
14.848
14.8266
14.8062
14.7864
14.7668
14.7476
14.7267
14.7079
14.6797
14.6698
14.6044
14.6599
14.4096
14.8096
13.5332
15.8576
14.0999
51.7735
-7.77427
23.7886
12.689
16.1167
14.8866
15.189
15.0191
15.0071
14.9595
14.9292
14.8994
14.8737
14.8498
14.8277
14.8068
14.7866
14.7666
14.747
14.7259
14.7064
14.6784
14.666
14.6037
14.6458
14.4159
14.7403
13.7477
15.8921
14.0872
47.4424
-2.70817
21.9499
13.2375
15.9882
14.9582
15.1862
15.0378
15.0139
14.9667
14.9337
14.9029
14.876
14.8514
14.8287
14.8073
14.7867
14.7664
14.7465
14.7252
14.7052
14.6774
14.663
14.6027
14.6361
14.4219
14.7206
13.9428
15.9056
14.0731
43.6302
1.0397
20.8161
13.628
15.9018
15.0221
15.1856
15.0554
15.0209
14.9736
14.938
14.9061
14.8781
14.8527
14.8294
14.8076
14.7867
14.7662
14.7461
14.7248
14.7045
14.6769
14.6609
14.6028
14.6314
14.4344
14.737
14.1123
15.9042
14.0591
40.276
3.76487
20.1106
13.9452
15.8412
15.083
15.1876
15.0718
15.028
14.98
14.9419
14.9088
14.8797
14.8537
14.8299
14.8077
14.7867
14.7661
14.7459
14.7246
14.7042
14.6772
14.6602
14.6054
14.6328
14.4564
14.7776
14.2532
15.8931
14.0463
37.3041
5.73456
19.6211
14.2332
15.7959
15.1431
15.1924
15.0869
15.0348
14.9857
14.9453
14.911
14.8809
14.8543
14.8301
14.8077
14.7865
14.766
14.7459
14.7249
14.7047
14.6784
14.6615
14.6112
14.6408
14.4884
14.8314
14.3663
15.8769
14.0356
34.652
7.16248
19.2114
14.5016
15.7601
15.2012
15.2
15.1008
15.0411
14.9906
14.9479
14.9125
14.8815
14.8543
14.8298
14.8074
14.7863
14.766
14.7462
14.7257
14.706
14.6811
14.6653
14.621
14.6553
14.5289
14.8896
14.4547
15.8593
14.0275
32.2689
8.20994
18.8055
14.7422
15.7284
15.2548
15.2095
15.1134
15.0466
14.9944
14.9496
14.9131
14.8813
14.8538
14.8292
14.8068
14.7859
14.7661
14.7468
14.7272
14.7084
14.6854
14.6717
14.6349
14.6759
14.5754
14.9461
14.5226
15.8429
14.0222
30.1131
8.99573
18.3681
14.9418
15.6947
15.3
15.2188
15.1241
15.0508
14.9967
14.9501
14.9126
14.8803
14.8525
14.8279
14.8058
14.7855
14.7662
14.7478
14.7293
14.7119
14.6916
14.6811
14.6528
14.7013
14.6253
14.9972
14.5748
15.8294
14.0201
28.1505
9.60495
17.8907
15.0886
15.6523
15.3328
15.2255
15.1319
15.0531
14.9972
14.949
14.9108
14.8781
14.8504
14.8261
14.8045
14.7848
14.7665
14.7493
14.7322
14.7168
14.6997
14.6933
14.6742
14.7305
14.6759
15.0408
14.6159
15.8196
14.0214
26.3538
10.0964
17.3799
15.1758
15.5951
15.3495
15.2263
15.1352
15.0525
14.9954
14.9461
14.9075
14.8747
14.8473
14.8236
14.8027
14.784
14.7669
14.7511
14.736
14.723
14.7097
14.7082
14.6986
14.7619
14.7254
15.0766
14.6498
15.8138
14.0262
24.701
10.5088
16.8499
15.2018
15.5185
15.3467
15.2183
15.1324
15.048
14.9905
14.9408
14.9022
14.8699
14.8431
14.8202
14.8004
14.783
14.7674
14.7535
14.7407
14.7306
14.7217
14.7254
14.7251
14.7944
14.7723
15.1054
14.6799
15.8117
14.0349
23.1747
10.8666
16.317
15.1706
15.4196
15.3223
15.1987
15.1218
15.0385
14.9819
14.9327
14.8949
14.8633
14.8376
14.8159
14.7976
14.7818
14.7681
14.7563
14.7462
14.7395
14.7354
14.7446
14.7531
14.8269
14.816
15.1283
14.7088
15.813
14.0478
21.7613
11.1838
15.7961
15.0894
15.2975
15.2751
15.1655
15.1017
15.0228
14.9689
14.9213
14.8849
14.8549
14.8307
14.8107
14.7941
14.7803
14.7688
14.7595
14.7526
14.7496
14.7505
14.7653
14.782
14.8588
14.8563
15.1469
14.7384
15.8172
14.0653
20.4501
11.4679
15.2993
14.9677
15.1537
15.2052
15.1173
15.0709
14.9999
14.9506
14.9062
14.8722
14.8443
14.8221
14.8042
14.7899
14.7785
14.7695
14.7632
14.7597
14.7608
14.767
14.7871
14.8111
14.8896
14.8935
15.1627
14.7699
15.8239
14.088
19.2327
11.7225
14.8345
14.8159
14.9908
15.1137
15.0536
15.0285
14.9688
14.9265
14.8867
14.8562
14.8313
14.8119
14.7966
14.7849
14.7763
14.7704
14.7673
14.7676
14.773
14.7844
14.8098
14.8402
14.9192
14.9282
15.1772
14.8044
15.8327
14.1163
18.1023
11.9488
14.4065
14.6436
14.813
15.0028
14.9747
14.974
14.929
14.8961
14.8626
14.8368
14.8157
14.7997
14.7877
14.7791
14.7737
14.7712
14.7718
14.7762
14.7861
14.8027
14.8329
14.8689
14.9477
14.9612
15.1916
14.8422
15.8435
14.1508
17.0533
12.1474
14.0168
14.4595
14.6247
14.8753
14.8816
14.9077
14.8803
14.8589
14.8335
14.8136
14.7974
14.7856
14.7773
14.7725
14.7707
14.7719
14.7766
14.7853
14.7999
14.8217
14.8565
14.8974
14.9754
14.9932
15.2071
14.8838
15.8563
14.1923
16.081
12.3186
13.6649
14.2704
14.4304
14.7345
14.776
14.8302
14.8227
14.8149
14.7993
14.7867
14.7762
14.7693
14.7656
14.7649
14.7672
14.7727
14.7816
14.795
14.8144
14.8412
14.8803
14.9257
15.0025
15.025
15.2244
14.9293
15.871
14.2412
15.1813
12.4631
13.3485
14.0819
14.2343
14.5838
14.6596
14.7426
14.7566
14.7642
14.7599
14.7558
14.7522
14.751
14.7523
14.7564
14.7633
14.7733
14.7869
14.8051
14.8294
14.8613
14.9044
14.9539
15.0298
15.0574
15.2442
14.9789
15.8879
14.2984
14.3505
12.5819
13.0647
13.8974
14.0401
14.4267
14.535
14.646
14.6828
14.707
14.7154
14.721
14.7252
14.7305
14.7377
14.747
14.759
14.7739
14.7925
14.8157
14.845
14.8818
14.9289
14.9823
15.0575
15.0911
15.2669
15.0327
15.9072
14.3645
13.5851
12.6768
12.8102
13.7195
13.8507
14.2662
14.4042
14.5422
14.602
14.6439
14.6661
14.6825
14.6953
14.708
14.7215
14.7368
14.7542
14.7745
14.7983
14.8268
14.8612
14.903
14.954
15.0113
15.0864
15.1267
15.2931
15.0909
15.9291
14.4401
12.8816
12.7495
12.5817
13.5494
13.6682
14.1052
14.2695
14.4328
14.5153
14.5755
14.6124
14.6404
14.6628
14.6835
14.7041
14.7257
14.7491
14.775
14.8044
14.8384
14.8781
14.9248
14.9799
15.0412
15.1168
15.1646
15.323
15.1537
15.9539
14.5258
12.2369
12.8023
12.3761
13.3878
13.4941
13.9459
14.1331
14.3194
14.4241
14.5026
14.5548
14.5951
14.6278
14.6572
14.6853
14.7138
14.7436
14.7756
14.8109
14.8506
14.8956
14.9475
15.0067
15.0723
15.1492
15.2053
15.357
15.2213
15.9821
14.6224
11.6477
12.8375
12.1909
13.2348
13.3292
13.7901
13.9968
14.2036
14.3293
14.426
14.4937
14.547
14.5905
14.6292
14.6655
14.7013
14.7379
14.7764
14.8178
14.8634
14.9141
14.9712
15.0349
15.1051
15.1841
15.2492
15.3954
15.2938
16.0138
14.7303
11.1108
12.8572
12.0238
13.0901
13.1741
13.6394
13.8622
14.0869
14.2323
14.3466
14.4299
14.4964
14.5513
14.5997
14.6447
14.6883
14.7321
14.7773
14.8252
14.8769
14.9334
14.9961
15.0645
15.1398
15.2218
15.2966
15.4384
15.3716
16.0494
14.8501
10.6232
12.8637
11.8729
12.9536
13.0286
13.4946
13.7305
13.9707
14.1341
14.2654
14.3641
14.444
14.5105
14.5691
14.6231
14.6749
14.7262
14.7786
14.8332
14.8914
14.954
15.0224
15.096
15.1768
15.2626
15.3478
15.4862
15.4548
16.0891
14.9823
10.1819
12.8589
11.7368
12.8247
12.8928
13.3566
13.6029
13.8562
14.0359
14.1831
14.2968
14.3901
14.4684
14.5376
14.6009
14.6612
14.7205
14.7803
14.842
14.9068
14.9758
15.0503
15.1295
15.2164
15.3069
15.4029
15.5391
15.5435
16.1332
15.1273
9.78399
12.8446
11.6142
12.7034
12.7662
13.2257
13.4802
13.7442
13.9386
14.1006
14.2288
14.3353
14.4256
14.5054
14.5784
14.6476
14.715
14.7825
14.8515
14.9234
14.999
15.08
15.1653
15.2588
15.3548
15.4623
15.5973
15.6379
16.182
15.2853
9.42654
12.8224
11.5039
12.5891
12.6486
13.1021
13.3628
13.6356
13.843
14.0187
14.1607
14.2801
14.3822
14.4729
14.5558
14.634
14.71
14.7855
14.8621
14.9412
15.0239
15.1116
15.2036
15.3043
15.4067
15.5261
15.661
15.738
16.2355
15.4564
9.10686
12.7937
11.4051
12.4819
12.5394
12.9859
13.2513
13.531
13.7498
13.9381
14.0931
14.225
14.3389
14.4403
14.5332
14.6208
14.7055
14.7892
14.8737
14.9605
15.0505
15.1455
15.2445
15.3531
15.4626
15.5943
15.7303
15.8437
16.2941
15.6409
8.82232
12.7597
11.3167
12.3813
12.4383
12.8771
13.1458
13.4309
13.6596
13.8593
14.0264
14.1704
14.2958
14.4081
14.5111
14.6081
14.7017
14.794
14.8866
14.9813
15.079
15.1816
15.2883
15.4052
15.5227
15.6671
15.8052
15.9552
16.3577
15.8384
8.57041
12.7215
11.2381
12.2873
12.3448
12.7755
13.0465
13.3357
13.573
13.7828
13.9614
14.1168
14.2534
14.3763
14.4895
14.5961
14.6988
14.7998
14.9008
15.0037
15.1094
15.2201
15.3351
15.4609
15.587
15.7445
15.8859
16.0721
16.4264
16.0488
8.34876
12.68
11.1685
12.1997
12.2587
12.6809
12.9534
13.2456
13.4901
13.7091
13.8982
14.0645
14.212
14.3455
14.4687
14.5849
14.6968
14.8067
14.9165
15.0278
15.142
15.2612
15.3848
15.5201
15.6556
15.8264
15.9721
16.1942
16.5002
16.2715
8.15509
12.636
11.1072
12.1183
12.1795
12.5932
12.8665
13.1608
13.4115
13.6386
13.8373
14.0139
14.1719
14.3156
14.4489
14.5748
14.696
14.815
14.9336
15.0537
15.1767
15.3048
15.4376
15.5828
15.7283
15.9128
16.0639
16.3213
16.5791
16.5058
7.98727
12.5902
11.0535
12.0429
12.1069
12.5121
12.7857
13.0812
13.3371
13.5715
13.7791
13.9653
14.1333
14.2871
14.4302
14.5658
14.6964
14.8246
14.9523
15.0815
15.2135
15.351
15.4934
15.649
15.8051
16.0035
16.1609
16.453
16.6629
16.7509
7.8433
12.5431
11.0068
11.9733
12.0405
12.4373
12.7108
13.007
13.2672
13.5079
13.7236
13.919
14.0965
14.2601
14.4129
14.558
14.6982
14.8357
14.9727
15.1111
15.2526
15.3997
15.5522
15.7187
15.8858
16.0983
16.2628
16.5887
16.7513
17.0055
7.72128
12.4952
10.9664
11.9092
11.98
12.3687
12.6417
12.938
13.2019
13.4482
13.6712
13.875
14.0617
14.2347
14.397
14.5517
14.7013
14.8482
14.9946
15.1426
15.2937
15.4508
15.6139
15.7915
15.9702
16.1968
16.3694
16.728
16.844
17.2685
7.61944
12.447
10.9319
11.8504
11.9251
12.3058
12.5782
12.8742
13.141
13.3922
13.622
13.8337
14.029
14.2111
14.3827
14.5468
14.7058
14.8622
15.0182
15.1758
15.3369
15.5043
15.6782
15.8673
16.058
16.2987
16.48
16.87
16.9406
17.5382
7.53615
12.3988
10.9026
11.7967
11.8754
12.2484
12.5201
12.8154
13.0847
13.3401
13.576
13.795
13.9985
14.1893
14.37
14.5434
14.7118
14.8777
15.0433
15.2108
15.382
15.56
15.7449
15.9457
16.1486
16.4035
16.5941
17.0142
17.0406
17.8128
7.46986
12.3509
10.8781
11.7478
11.8308
12.1964
12.467
12.7615
13.0328
13.2919
13.5333
13.7591
13.9703
14.1695
14.3591
14.5415
14.7192
14.8947
15.07
15.2474
15.4289
15.6176
15.8138
16.0265
16.2419
16.5107
16.7111
17.1596
17.1435
18.0906
7.41918
12.3036
10.8579
11.7034
11.7907
12.1493
12.4189
12.7124
12.9852
13.2476
13.4939
13.7259
13.9445
14.1517
14.3498
14.5411
14.7281
14.9129
15.0979
15.2854
15.4773
15.6769
15.8845
16.1092
16.3371
16.6196
16.8302
17.3054
17.2484
18.3695
7.38278
12.2571
10.8416
11.6632
11.755
12.1068
12.3754
12.6677
12.9418
13.2069
13.4578
13.6956
13.921
14.1359
14.3422
14.5422
14.7382
14.9325
15.1272
15.3247
15.5271
15.7375
15.9566
16.1933
16.4337
16.7297
16.9506
17.4507
17.3548
18.6473
7.35946
12.2115
10.8288
11.6271
11.7234
12.0688
12.3363
12.6273
12.9023
13.1699
13.4248
13.668
13.8999
14.122
14.3363
14.5448
14.7496
14.9531
15.1575
15.365
15.5779
15.7992
16.0298
16.2784
16.5311
16.8401
17.0715
17.5945
17.4619
18.9219
7.34811
12.167
10.8192
11.5947
11.6955
12.0349
12.3013
12.591
12.8668
13.1365
13.395
13.6431
13.881
14.1101
14.332
14.5486
14.7622
14.9748
15.1887
15.4061
15.6293
15.8615
16.1034
16.3638
16.6287
16.9501
17.1919
17.7358
17.5687
19.191
7.34767
12.1236
10.8124
11.5658
11.6711
12.0048
12.2702
12.5586
12.8348
13.1063
13.3681
13.6208
13.8643
14.1
14.3291
14.5537
14.7757
14.9973
15.2205
15.4477
15.6812
15.924
16.1771
16.4489
16.7256
17.059
17.311
17.8736
17.6745
19.4525
7.35748
12.0815
10.8081
11.5401
11.6499
11.9783
12.2427
12.5298
12.8064
13.0794
13.3442
13.601
13.8498
14.0916
14.3277
14.5599
14.7901
15.0203
15.2527
15.4895
15.733
15.9863
16.2503
16.5331
16.8213
17.1658
17.4277
18.0069
17.7784
19.7043
7.3767
12.0405
10.806
11.5174
11.6317
11.9552
12.2186
12.5043
12.7811
13.0555
13.3229
13.5835
13.8372
14.0848
14.3276
14.5671
14.8052
15.0438
15.285
15.5312
15.7844
16.0479
16.3224
16.6159
16.9149
17.2699
17.5412
18.1348
17.8795
19.9444
7.40436
12.0007
10.8059
11.4975
11.6163
11.9351
12.1976
12.482
12.759
13.0345
13.3042
13.5683
13.8265
14.0796
14.3286
14.575
14.8207
15.0673
15.3172
15.5723
15.835
16.1082
16.3928
16.6964
17.0057
17.3703
17.6505
18.2565
17.9772
20.1709
7.4399
11.9623
10.8077
11.4802
11.6033
11.9178
12.1795
12.4627
12.7396
13.016
13.2878
13.5551
13.8175
14.0756
14.3305
14.5836
14.8364
15.0908
15.3488
15.6127
15.8844
16.1669
16.461
16.7741
17.093
17.4662
17.7549
18.371
18.0705
20.382
7.48276
11.9252
10.811
11.4652
11.5927
11.9032
12.1641
12.446
12.7229
13.0001
13.2737
13.5438
13.81
14.0729
14.3333
14.5925
14.8521
15.1139
15.3797
15.6518
15.932
16.2233
16.5264
16.8483
17.1761
17.5571
17.8534
18.4777
18.1589
20.5764
7.53244
11.8892
10.8158
11.4524
11.5842
11.8909
12.1511
12.4318
12.7085
12.9863
13.2616
13.5342
13.8039
14.0711
14.3366
14.6016
14.8676
15.1363
15.4095
15.6893
15.9776
16.2771
16.5885
16.9185
17.2542
17.6421
17.9454
18.5758
18.2416
20.7529
7.5885
11.8544
10.8218
11.4416
11.5776
11.8808
12.1403
12.4199
12.6964
12.9747
13.2512
13.5261
13.7989
14.0701
14.3403
14.6106
14.8826
15.1577
15.4378
15.7248
16.0206
16.3277
16.6467
16.984
17.327
17.7206
18.0302
18.6648
18.3182
20.9102
7.65057
11.8206
10.829
11.4326
11.5728
11.8727
12.1316
12.41
12.6863
12.9648
13.2426
13.5194
13.795
14.0697
14.3442
14.6195
14.8969
15.178
15.4644
15.758
16.0607
16.3747
16.7006
17.0443
17.3936
17.7921
18.1072
18.7442
18.3883
21.0474
7.71833
11.7879
10.8372
11.4252
11.5695
11.8664
12.1247
12.402
12.6779
12.9566
13.2353
13.5138
13.7919
14.0697
14.348
14.6278
14.9102
15.1967
15.4889
15.7886
16.0974
16.4177
16.7496
17.099
17.4538
17.8561
18.176
18.8137
18.4513
21.1638
7.79153
11.7561
10.8463
11.4194
11.5677
11.8617
12.1195
12.3957
12.6711
12.9499
13.2293
13.5092
13.7893
14.07
14.3517
14.6354
14.9223
15.2137
15.5111
15.8162
16.1305
16.4562
16.7935
17.1477
17.507
17.9123
18.2361
18.8729
18.5071
21.259
7.86996
11.7251
10.8563
11.4149
11.5672
11.8585
12.1157
12.3909
12.6658
12.9444
13.2243
13.5053
13.7872
14.0702
14.3549
14.6421
14.9329
15.2286
15.5306
15.8405
16.1596
16.49
16.8317
17.1899
17.5529
17.9602
18.2874
18.9217
18.5556
21.3327
7.95345
11.6948
10.8671
11.4117
11.5679
11.8566
12.1133
12.3873
12.6617
12.9401
13.2202
13.5021
13.7854
14.0703
14.3575
14.6477
14.9419
15.2413
15.5472
15.8611
16.1844
16.5187
16.8641
17.2254
17.5912
17.9997
18.3295
18.9601
18.5965
21.3848
8.04189
11.665
10.8786
11.4096
11.5696
11.8559
12.112
12.385
12.6586
12.9366
13.2168
13.4992
13.7835
14.0701
14.3593
14.652
14.949
15.2515
15.5607
15.878
16.2046
16.5421
16.8904
17.254
17.6218
18.0306
18.3625
18.9879
18.6299
21.4154
8.13519
11.6358
10.8907
11.4085
11.5722
11.8562
12.1118
12.3836
12.6565
12.9339
13.2139
13.4966
13.7816
14.0693
14.3601
14.6547
14.954
15.259
15.5708
15.8908
16.22
16.5599
16.9103
17.2755
17.6445
18.0529
18.3863
19.0054
18.6559
21.4247
8.23331
11.6068
10.9035
11.4084
11.5757
11.8574
12.1125
12.3831
12.6551
12.9318
13.2114
13.494
13.7794
14.0678
14.3597
14.6557
14.9567
15.2635
15.5774
15.8994
16.2305
16.572
16.9238
17.2897
17.6593
18.0665
18.4009
19.0127
18.6747
21.4132
8.33624
11.5781
10.917
11.409
11.58
11.8594
12.1139
12.3833
12.6543
12.9302
13.2092
13.4914
13.7768
14.0655
14.358
14.6549
14.9569
15.2651
15.5803
15.9035
16.2358
16.5783
16.9308
17.2967
17.6663
18.0717
18.4067
19.01
18.6865
21.3814
8.44397
11.5494
10.931
11.4103
11.5849
11.8622
12.116
12.3841
12.6541
12.9288
13.207
13.4886
13.7736
14.0622
14.3548
14.652
14.9546
15.2634
15.5792
15.9032
16.236
16.5787
16.9312
17.2965
17.6653
18.0684
18.4037
18.9978
18.6917
21.3299
8.55654
11.5206
10.9455
11.4123
11.5903
11.8655
12.1187
12.3854
12.6542
12.9277
13.2047
13.4854
13.7697
14.0577
14.35
14.647
14.9496
15.2584
15.5743
15.8982
16.2308
16.5732
16.925
17.2892
17.6567
18.057
18.3922
18.9763
18.6905
21.2596
8.67399
11.4916
10.9607
11.4148
11.5963
11.8693
12.1218
12.3871
12.6545
12.9267
13.2024
13.4818
13.7649
14.052
14.3434
14.6398
14.9417
15.2499
15.5652
15.8885
16.2203
16.5617
16.9122
17.2748
17.6406
18.0377
18.3727
18.946
18.6835
21.1714
8.79634
11.4622
10.9764
11.4177
11.6027
11.8736
12.1253
12.3891
12.655
12.9256
13.1997
13.4776
13.7592
14.0449
14.3351
14.6302
14.9309
15.238
15.5521
15.874
16.2045
16.5443
16.8931
17.2534
17.6172
18.0108
18.3455
18.9073
18.6712
21.0662
8.92362
11.4324
10.9925
11.4211
11.6094
11.8781
12.129
12.3913
12.6556
12.9244
13.1967
13.4727
13.7526
14.0364
14.3248
14.6181
14.9171
15.2224
15.5347
15.8549
16.1834
16.521
16.8676
17.2254
17.5868
17.9766
18.311
18.8609
18.654
20.9452
9.0558
11.4019
11.0092
11.4247
11.6165
11.883
12.133
12.3936
12.6562
12.9231
13.1933
13.4672
13.7448
14.0264
14.3125
14.6036
14.9003
15.2033
15.5132
15.8309
16.1569
16.492
16.8358
17.1908
17.5496
17.9355
18.2697
18.8072
18.6325
20.8095
9.1928
11.3706
11.0263
11.4285
11.6237
11.8881
12.1371
12.396
12.6568
12.9215
13.1894
13.4609
13.7359
14.0149
14.2982
14.5865
14.8804
15.1805
15.4875
15.8022
16.1252
16.4572
16.7981
17.1498
17.5059
17.8878
18.2221
18.7468
18.6074
20.6604
9.33438
11.3386
11.0437
11.4325
11.631
11.8932
12.1414
12.3984
12.6572
12.9196
13.1851
13.4537
13.7258
14.0017
14.2819
14.5669
14.8574
15.154
15.4576
15.7689
16.0884
16.4169
16.7544
17.1028
17.4559
17.8339
18.1684
18.6803
18.5791
20.4994
9.48013
11.3057
11.0614
11.4365
11.6385
11.8985
12.1456
12.4009
12.6576
12.9175
13.1801
13.4458
13.7146
13.987
14.2635
14.5447
14.8313
15.124
15.4236
15.7308
16.0464
16.3711
16.7049
17.0497
17.3999
17.7741
18.1093
18.6083
18.5483
20.3281
9.62932
11.2721
11.0791
11.4405
11.6458
11.9038
12.1499
12.4033
12.6578
12.9151
13.1747
13.437
13.7021
13.9706
14.243
14.5199
14.8021
15.0903
15.3854
15.6881
15.9993
16.3198
16.6497
16.9908
17.3382
17.7086
18.0449
18.5313
18.5153
20.1482
9.78069
11.2379
11.0966
11.4443
11.6531
11.9091
12.1542
12.4057
12.6579
12.9124
13.1688
13.4274
13.6886
13.9527
14.2205
14.4926
14.7698
15.053
15.3431
15.6409
15.9473
16.2632
16.5889
16.9263
17.2708
17.6378
17.9756
18.4498
18.4803
19.9619
9.93227
11.2035
11.1137
11.4479
11.6603
11.9143
12.1585
12.408
12.6579
12.9095
13.1624
13.4171
13.6739
13.9333
14.196
14.4628
14.7346
15.0122
15.2967
15.5891
15.8903
16.2013
16.5227
16.8562
17.1979
17.5618
17.9017
18.3642
18.4432
19.7714
10.081
11.1694
11.1299
11.4512
11.6672
11.9195
12.1629
12.4105
12.658
12.9065
13.1557
13.4062
13.6582
13.9125
14.1697
14.4307
14.6965
14.9681
15.2465
15.533
15.8285
16.1344
16.4511
16.7807
17.1197
17.4808
17.8232
18.2749
18.4035
19.5796
10.2224
11.1367
11.1451
11.4541
11.6738
11.9246
12.1673
12.4131
12.6581
12.9034
13.1488
13.3947
13.6416
13.8903
14.1415
14.3962
14.6554
14.9203
15.1921
15.4722
15.7616
16.0619
16.3738
16.6992
17.0357
17.3941
17.7396
18.1814
18.3591
19.3879
10.3467
11.1097
11.158
11.4567
11.6803
11.9299
12.1721
12.416
12.6585
12.9003
13.1414
13.3823
13.6236
13.8661
14.1105
14.3581
14.6099
14.8673
15.1317
15.4045
15.6871
15.9811
16.2876
16.6087
16.9425
17.2986
17.6473
18.0812
18.3013
19.1985
10.43
11.1053
11.163
11.462
11.6868
11.9367
12.1782
12.4204
12.6601
12.8981
13.1346
13.3699
13.6049
13.8403
14.0771
14.3167
14.5603
14.8093
15.0653
15.3299
15.605
15.8921
16.1929
16.5095
16.8405
17.1956
17.5454
17.9813
18.2153
19.03
)
;

boundaryField
{
    movingWall
    {
        type            zeroGradient;
    }
    Inlet
    {
        type            zeroGradient;
    }
    Outlet
    {
        type            zeroGradient;
    }
    Bottom
    {
        type            zeroGradient;
    }
    frontAndBack
    {
        type            empty;
    }
}


// ************************************************************************* //
