/*--------------------------------*- C++ -*----------------------------------*\
| =========                 |                                                 |
| \\      /  F ield         | OpenFOAM: The Open Source CFD Toolbox           |
|  \\    /   O peration     | Version:  2.4.0                                 |
|   \\  /    A nd           | Web:      www.OpenFOAM.org                      |
|    \\/     M anipulation  |                                                 |
\*---------------------------------------------------------------------------*/
FoamFile
{
    version     2.0;
    format      ascii;
    class       volVectorField;
    location    "0.02";
    object      wallShearStress;
}
// * * * * * * * * * * * * * * * * * * * * * * * * * * * * * * * * * * * * * //

dimensions      [0 2 -2 0 0 0 0];

internalField   uniform (0 0 0);

boundaryField
{
    movingWall
    {
        type            calculated;
        value           nonuniform List<vector> 
90
(
(8.45894 -0.0267999 0)
(8.44723 -0.0589963 5.59599e-20)
(8.20944 -0.0391246 5.0253e-20)
(8.08831 -0.046165 9.17133e-20)
(7.92551 -0.0457476 -4.06382e-20)
(7.78145 -0.0461758 0)
(7.6387 -0.0450888 -3.06642e-20)
(7.50557 -0.0433279 0)
(7.38112 -0.0409171 2.21774e-20)
(7.26676 -0.0380136 0)
(7.16301 -0.0347875 1.41471e-20)
(7.06975 -0.0314124 -1.98121e-20)
(6.98675 -0.0279075 -4.14843e-21)
(6.91422 -0.0243471 0)
(6.8518 -0.0209137 0)
(6.79854 -0.0176659 0)
(6.75395 -0.0146284 0)
(6.71723 -0.0118532 0)
(6.68773 -0.00942 0)
(6.66419 -0.00732155 0)
(6.64626 -0.00557267 1.55828e-20)
(6.63266 -0.00427419 0)
(6.62246 -0.0034051 -4.69639e-20)
(6.6139 -0.00301699 7.29828e-20)
(6.60815 -0.00287352 2.90713e-20)
(6.5972 -0.00379006 0)
(6.6018 -0.00295244 -1.10847e-19)
(6.55518 -0.0095766 3.87704e-20)
(6.6417 0.0129328 -2.34978e-20)
(6.44331 -0.0306794 2.37987e-20)
(6.43907 0.0284957 -6.17968e-20)
(6.62955 -0.0150503 -2.49134e-20)
(6.53471 0.0070263 5.69404e-20)
(6.57164 0.00010568 6.05148e-20)
(6.55672 0.000434254 0)
(6.55582 -0.00110498 -6.35915e-20)
(6.54796 -0.0017873 0)
(6.54034 -0.00239862 -6.89277e-20)
(6.53157 -0.002662 0)
(6.52316 -0.00269267 0)
(6.5152 -0.00250978 0)
(6.50839 -0.00216607 0)
(6.50271 -0.0016589 0)
(6.49896 -0.00102307 -4.33954e-20)
(6.497 -0.000351441 4.33334e-20)
(6.497 0.000351555 0)
(6.49896 0.00102261 0)
(6.50271 0.00162752 0)
(6.50813 0.00213298 0)
(6.51493 0.00250406 0)
(6.52289 0.00265483 -1.09043e-19)
(6.53102 0.00262087 0)
(6.53978 0.00235533 -1.17525e-19)
(6.54709 0.00173704 0)
(6.55493 0.00108745 1.26805e-19)
(6.55581 -0.000475246 0)
(6.5707 -0.000200235 1.38678e-19)
(6.53276 -0.0071794 2.3432e-21)
(6.62787 0.0150663 -1.44498e-19)
(6.43698 -0.0286745 0)
(6.4405 0.0305057 2.95475e-19)
(6.63867 -0.0129233 -1.58218e-19)
(6.55194 0.00941474 -2.29668e-21)
(6.59802 0.00288631 1.56648e-19)
(6.59324 0.00371234 0)
(6.604 0.00278751 -1.61358e-19)
(6.60929 0.00292464 0)
(6.61768 0.00334624 1.64404e-19)
(6.62769 0.00421632 0)
(6.64112 0.00551672 1.6777e-19)
(6.65886 0.00723814 0)
(6.68193 0.00933858 -8.58249e-20)
(6.71122 0.0118045 1.75775e-19)
(6.74772 0.0145832 -1.75275e-19)
(6.79206 0.0176546 0)
(6.84533 0.0209666 0)
(6.90799 0.0244062 -1.87472e-19)
(6.98047 0.0279448 9.36256e-20)
(7.06342 0.0314892 0)
(7.15687 0.0349365 0)
(7.26106 0.0382085 0)
(7.37587 0.0411618 0)
(7.50105 0.043661 0)
(7.63523 0.0454832 0)
(7.77907 0.0466925 -2.33712e-19)
(7.92487 0.0464865 4.6533e-19)
(8.09078 0.0471706 0)
(8.2141 0.0407315 7.55131e-19)
(8.46162 0.0624758 -2.56551e-19)
(8.47478 0.035103 0)
)
;
    }
    Inlet
    {
        type            calculated;
        value           nonuniform List<vector> 
80
(
(0.183548 0.0213051 -8.91996e-22)
(0.213457 0.0315931 -4.97945e-21)
(0.23879 0.0409636 0)
(0.260897 0.0498354 -1.76762e-20)
(0.280582 0.0587427 -1.18231e-18)
(0.298416 0.0679328 1.13322e-18)
(0.314797 0.0776243 -1.74876e-18)
(0.330001 0.0879714 -4.56088e-19)
(0.344199 0.0990661 1.93002e-18)
(0.357492 0.110944 -2.61494e-18)
(0.369947 0.123592 5.56607e-18)
(0.3816 0.136962 -2.87298e-18)
(0.392456 0.150991 7.48061e-18)
(0.402521 0.165606 -7.25611e-18)
(0.411775 0.180727 -0)
(0.420197 0.196284 -1.33526e-19)
(0.427758 0.212191 0)
(0.434412 0.228365 1.59028e-19)
(0.440104 0.24474 0)
(0.444759 0.261211 1.35513e-17)
(0.448297 0.277638 -1.291e-17)
(0.450617 0.293877 0)
(0.451605 0.309754 -0)
(0.451143 0.325042 -1.74108e-17)
(0.449091 0.339474 1.66518e-17)
(0.445308 0.352745 -0)
(0.439648 0.364499 -2.90247e-19)
(0.431968 0.374309 -3.0544e-19)
(0.422112 0.381722 -0)
(0.40994 0.386217 -0)
(0.395315 0.387226 -3.49368e-19)
(0.37808 0.384123 -3.62979e-19)
(0.358222 0.376218 -0)
(0.335566 0.362822 -3.87582e-19)
(0.309999 0.34316 -2.64225e-17)
(0.281632 0.316446 5.22846e-17)
(0.250464 0.281894 -2.66874e-17)
(0.216439 0.238673 -0)
(0.179671 0.185999 -2.77617e-17)
(0.14039 0.123108 2.67736e-17)
(0.0987106 0.0492851 2.63283e-17)
(0.0549805 -0.0361199 -9.65331e-20)
(0.00948818 -0.133659 -2.60186e-17)
(-0.0374751 -0.243782 -3.9213e-19)
(-0.0855049 -0.366841 0)
(-0.134079 -0.503014 2.05665e-17)
(-0.182733 -0.652351 -2.08659e-17)
(-0.231117 -0.814776 -2.92622e-19)
(-0.278595 -0.990024 0)
(-0.324698 -1.17771 -1.05389e-17)
(-0.368962 -1.37732 1.03614e-17)
(-0.410921 -1.58818 -1.065e-19)
(-0.450166 -1.80955 1.16128e-18)
(-0.48622 -2.04056 -6.96582e-18)
(-0.518737 -2.28023 5.85105e-18)
(-0.547414 -2.52752 0)
(-0.571998 -2.78136 0)
(-0.592289 -3.04068 3.57612e-19)
(-0.608112 -3.30434 4.56848e-19)
(-0.619342 -3.57134 5.62104e-19)
(-0.625919 -3.84068 0)
(-0.627812 -4.11108 0)
(-0.625036 -4.3816 0)
(-0.617625 -4.65146 0)
(-0.605653 -4.9197 -1.17233e-18)
(-0.58924 -5.18527 -1.30957e-18)
(-0.5685 -5.44757 -1.45126e-18)
(-0.543584 -5.70597 5.48401e-17)
(-0.514669 -5.95952 -5.41313e-17)
(-0.48194 -6.20777 6.45917e-17)
(-0.445593 -6.45021 5.83648e-18)
(-0.405857 -6.68648 -6.87482e-17)
(-0.362968 -6.91631 3.99541e-17)
(-0.317166 -7.13926 3.11179e-18)
(-0.268738 -7.35551 3.16741e-18)
(-0.218022 -7.5654 -4.18223e-17)
(-0.165239 -7.76944 0)
(-0.110356 -7.96875 0)
(-0.0526927 -8.16496 0)
(-0.0114746 -8.35968 0)
)
;
    }
    Outlet
    {
        type            calculated;
        value           nonuniform List<vector> 
80
(
(0.185018 -0.0214715 1.88749e-19)
(0.215141 -0.0318347 -1.7557e-19)
(0.240648 -0.0412743 6.60805e-19)
(0.262898 -0.0502101 -5.89571e-19)
(0.282703 -0.0591808 0)
(0.300638 -0.0684343 1.47157e-18)
(0.317106 -0.0781911 -1.37583e-18)
(0.332379 -0.088608 2.06319e-18)
(0.346628 -0.0997764 -1.94441e-18)
(0.35997 -0.11173 0)
(0.372467 -0.124457 0)
(0.384145 -0.137912 -6.79606e-18)
(0.395019 -0.152028 6.47805e-18)
(0.40509 -0.16673 0)
(0.414349 -0.181942 -1.22334e-19)
(0.422769 -0.197583 0)
(0.430311 -0.213585 -1.47078e-19)
(0.436946 -0.229859 -1.16426e-17)
(0.442618 -0.246322 1.12173e-17)
(0.447241 -0.26288 -1.34563e-17)
(0.450741 -0.279396 1.29982e-17)
(0.453023 -0.295722 -1.55599e-17)
(0.453957 -0.311686 1.48545e-17)
(0.453438 -0.327054 1.75264e-17)
(0.451325 -0.341565 -1.70238e-17)
(0.447468 -0.354898 1.95092e-17)
(0.441728 -0.366697 -1.86887e-17)
(0.433957 -0.376551 0)
(0.423998 -0.383975 0)
(0.411701 -0.38847 -2.26458e-17)
(0.396916 -0.389454 2.27509e-17)
(0.379588 -0.386282 3.65273e-19)
(0.359557 -0.378283 -3.78144e-19)
(0.336672 -0.364732 3.9e-19)
(0.310931 -0.34487 -4.00615e-19)
(0.282391 -0.317905 -4.09743e-19)
(0.250934 -0.283014 0)
(0.216565 -0.239395 -2.75048e-17)
(0.179564 -0.186242 2.69241e-17)
(0.139993 -0.122796 -2.6878e-17)
(0.0980824 -0.0483379 2.74927e-19)
(0.0540052 0.0377888 2.59478e-17)
(0.00816528 0.13612 2.49695e-17)
(-0.039088 0.247095 -2.48927e-17)
(-0.08735 0.371059 3.76328e-19)
(-0.136157 0.508173 0)
(-0.185159 0.658458 0)
(-0.233662 0.821815 1.64941e-17)
(-0.281198 0.997952 -1.59509e-17)
(-0.327419 1.18644 0)
(-0.371684 1.38672 7.01588e-18)
(-0.413586 1.59811 -6.89967e-18)
(-0.452716 1.81978 0)
(-0.488568 2.05084 -5.92672e-18)
(-0.520952 2.29035 -5.19591e-18)
(-0.549519 2.53727 1.08578e-17)
(-0.573946 2.79056 0)
(-0.594058 3.04912 -2.83147e-17)
(-0.609701 3.31186 2.82489e-17)
(-0.620752 3.57774 -4.28848e-17)
(-0.627154 3.84566 -7.96769e-18)
(-0.62889 4.11457 7.68663e-17)
(-0.625975 4.38352 -6.09843e-17)
(-0.618453 4.65155 3.2247e-17)
(-0.606411 4.91787 -1.17528e-18)
(-0.589961 5.1817 4.43176e-17)
(-0.569244 5.44216 -4.50246e-17)
(-0.544402 5.69864 -5.49142e-17)
(-0.515607 5.95062 1.13933e-16)
(-0.483063 6.19756 -6.08687e-17)
(-0.446952 6.43895 0)
(-0.407494 6.67443 -3.73777e-17)
(-0.36492 6.904 -3.04641e-18)
(-0.319468 7.12739 3.94795e-17)
(-0.271412 7.34469 0)
(-0.221054 7.5564 4.50382e-17)
(-0.168587 7.76341 -5.04049e-17)
(-0.11393 7.967 0)
(-0.0565022 8.16872 -3.39427e-18)
(-0.0155038 8.37132 0)
)
;
    }
    Bottom
    {
        type            calculated;
        value           nonuniform List<vector> 
90
(
(0.339925 -4.69532 2.91792e-21)
(-0.114897 0.347633 -6.57311e-19)
(0.229131 -0.239917 1.58714e-18)
(-0.154149 -0.0530641 1.50463e-36)
(0.156762 -0.149359 7.25539e-21)
(0.00965414 -0.0649733 8.18358e-19)
(0.0698473 -0.071111 0)
(0.0403235 -0.0457187 1.40472e-36)
(0.0490247 -0.0383606 0)
(0.0416759 -0.0274837 1.20642e-20)
(0.0405922 -0.0204624 -3.97195e-19)
(0.0371117 -0.0140621 -4.14807e-19)
(0.0345282 -0.00894368 -4.12458e-19)
(0.0316662 -0.00461487 6.56581e-21)
(0.0289491 -0.00100346 -6.89068e-23)
(0.0262449 0.00202522 -5.60123e-36)
(0.0235618 0.00454643 -7.25263e-21)
(0.021045 0.00667537 1.78541e-22)
(0.0180886 0.00826226 -4.87396e-19)
(0.0169704 0.0102233 7.36681e-21)
(0.00948409 0.00922328 1.68035e-20)
(0.0243632 0.0179134 1.0963e-18)
(-0.0352295 -0.00766915 -1.01046e-18)
(0.14656 0.079929 -1.54616e-18)
(-0.438083 -0.190604 -8.15426e-20)
(1.39983 0.639461 2.91336e-18)
(-3.83427 -1.61816 -8.32278e-20)
(7.64909 3.00957 6.34905e-19)
(-9.66131 -1.69785 -3.85479e-17)
(10.6697 -1.31561 1.93475e-17)
(10.6699 1.33298 7.46298e-34)
(-9.6721 1.75122 -3.4412e-17)
(7.6396 -2.96837 6.31059e-19)
(-3.85252 1.65938 -4.39846e-20)
(1.38091 -0.601764 6.7097e-18)
(-0.462288 0.226583 -3.87353e-18)
(0.119327 -0.0467797 -9.69248e-18)
(-0.0661563 0.038103 4.33064e-21)
(-0.00978696 0.00944536 1.8274e-17)
(-0.0279007 0.0148735 4.29535e-18)
(-0.0234916 0.0103401 -6.69484e-20)
(-0.0253773 0.00849338 3.71993e-22)
(-0.0253386 0.00595373 -6.99045e-22)
(-0.0256729 0.00359247 1.01013e-19)
(-0.0257762 0.00119821 -3.35547e-20)
(-0.0258041 -0.00118803 4.394e-35)
(-0.0257561 -0.00359363 -1.12847e-36)
(-0.0254774 -0.00597808 6.50127e-20)
(-0.0255706 -0.00855341 -4.29183e-18)
(-0.0237416 -0.0104502 4.21642e-18)
(-0.0282031 -0.0150502 -1.30976e-19)
(-0.010142 -0.00970466 1.31607e-19)
(-0.066592 -0.0384934 9.62965e-35)
(0.119005 0.0463367 7.99118e-18)
(-0.463349 -0.227565 5.01654e-18)
(1.38249 0.601788 -1.80283e-18)
(-3.85965 -1.66347 -1.11309e-17)
(7.6544 2.97283 -9.62965e-35)
(-9.69258 -1.75287 -4.35226e-17)
(10.69 -1.37439 1.16534e-17)
(10.6948 1.27659 3.25001e-34)
(-9.67999 1.70203 -2.95752e-17)
(7.66459 -3.0188 1.20371e-34)
(-3.8406 1.61869 2.66161e-18)
(1.40349 -0.642805 2.33512e-17)
(-0.43755 0.189109 -8.39438e-18)
(0.147997 -0.0815262 -3.83629e-17)
(-0.0340148 0.00646008 -1.84825e-17)
(0.0256489 -0.0189279 2.88718e-19)
(0.0107558 -0.0100312 -2.87429e-19)
(0.0182405 -0.0108567 4.81482e-35)
(0.0193507 -0.00873561 8.94887e-18)
(0.0222955 -0.00700177 1.41963e-19)
(0.0247983 -0.00473552 -4.51512e-18)
(0.0274644 -0.00208421 1.12634e-18)
(0.0301493 0.00106963 -1.12488e-18)
(0.0328446 0.00480321 1.11343e-34)
(0.0356834 0.00925335 1.40054e-19)
(0.0382391 0.014494 -1.1555e-22)
(0.0416944 0.021021 8.87935e-18)
(0.0427358 0.0281711 8.761e-18)
(0.0500769 0.0391997 2.83406e-19)
(0.0412659 0.0466871 2.88889e-34)
(0.0709159 0.0723263 1.81803e-17)
(0.0102644 0.0662296 2.83787e-19)
(0.158307 0.151281 -1.82506e-17)
(-0.154906 0.054356 -3.85186e-34)
(0.23107 0.242685 6.01853e-36)
(-0.115556 -0.349279 -5.1418e-18)
(0.342654 4.73326 -2.40076e-18)
)
;
    }
    frontAndBack
    {
        type            empty;
    }
}


// ************************************************************************* //
