/*--------------------------------*- C++ -*----------------------------------*\
| =========                 |                                                 |
| \\      /  F ield         | OpenFOAM: The Open Source CFD Toolbox           |
|  \\    /   O peration     | Version:  5.x                                   |
|   \\  /    A nd           | Web:      www.OpenFOAM.org                      |
|    \\/     M anipulation  |                                                 |
\*---------------------------------------------------------------------------*/
FoamFile
{
    version     2.0;
    format      ascii;
    class       volScalarField;
    location    "0.5";
    object      p;
}
// * * * * * * * * * * * * * * * * * * * * * * * * * * * * * * * * * * * * * //

dimensions      [0 2 -2 0 0 0 0];

internalField   nonuniform List<scalar> 
500
(
3.71788e-16
5.56518e-16
4.16154e-16
1.93014e-16
-3.24909e-17
-2.30673e-16
-3.32545e-16
-4.82508e-16
-7.45447e-16
-9.81518e-16
-1.28765e-15
-1.60288e-15
-1.71589e-15
-1.86116e-15
-2.16004e-15
-2.44208e-15
-2.59119e-15
-2.98588e-15
-3.47108e-15
-3.82788e-15
-4.12732e-15
-4.43952e-15
-4.91183e-15
-5.43984e-15
-5.64844e-15
-5.91969e-15
-6.24292e-15
-6.51817e-15
-6.77038e-15
-7.0876e-15
-7.17931e-15
-7.17979e-15
-7.12109e-15
-6.88233e-15
-6.92811e-15
-7.28356e-15
-7.2182e-15
-7.08618e-15
-7.00199e-15
-6.82436e-15
-6.68554e-15
-6.42987e-15
-5.86226e-15
-5.14718e-15
-4.42019e-15
-3.89429e-15
-3.36092e-15
-2.79044e-15
-1.91236e-15
-6.63229e-16
4.05838e-16
5.16846e-16
3.56565e-16
1.89263e-16
-1.56127e-16
-2.65387e-16
-4.01734e-16
-5.01677e-16
-7.1621e-16
-1.03073e-15
-1.29677e-15
-1.49261e-15
-1.75027e-15
-1.90144e-15
-2.12822e-15
-2.43758e-15
-2.55396e-15
-2.85178e-15
-3.38141e-15
-3.7405e-15
-4.14493e-15
-4.45587e-15
-4.89904e-15
-5.32569e-15
-5.62872e-15
-6.05946e-15
-6.38285e-15
-6.59433e-15
-6.77794e-15
-7.01077e-15
-7.16102e-15
-7.18524e-15
-7.13774e-15
-7.01102e-15
-6.91613e-15
-7.09881e-15
-7.10254e-15
-7.1906e-15
-7.08851e-15
-6.94777e-15
-6.71992e-15
-6.42745e-15
-5.84846e-15
-5.19201e-15
-4.67334e-15
-4.02182e-15
-3.23563e-15
-2.67138e-15
-1.88595e-15
-6.33293e-16
3.38134e-16
5.14876e-16
3.89989e-16
9.67785e-17
-2.26294e-16
-3.50401e-16
-3.38755e-16
-5.74243e-16
-8.31456e-16
-1.09094e-15
-1.19484e-15
-1.41141e-15
-1.78189e-15
-1.95728e-15
-2.08571e-15
-2.25848e-15
-2.58632e-15
-2.98091e-15
-3.26972e-15
-3.7255e-15
-4.12417e-15
-4.45048e-15
-4.85818e-15
-5.26023e-15
-5.7197e-15
-6.09456e-15
-6.41466e-15
-6.63503e-15
-6.76104e-15
-7.0527e-15
-7.10411e-15
-7.28923e-15
-7.14532e-15
-6.91615e-15
-7.01126e-15
-7.20036e-15
-7.13129e-15
-7.14545e-15
-7.12281e-15
-7.08499e-15
-6.77879e-15
-6.43919e-15
-5.93779e-15
-5.43033e-15
-4.83292e-15
-4.14771e-15
-3.31198e-15
-2.66267e-15
-1.7638e-15
-5.29998e-16
3.3099e-16
5.70313e-16
2.53313e-16
7.63595e-17
-3.01036e-16
-4.7091e-16
-5.8661e-16
-7.91952e-16
-8.08782e-16
-9.42701e-16
-9.4339e-16
-1.32357e-15
-1.68176e-15
-1.71208e-15
-2.09872e-15
-2.17357e-15
-2.36673e-15
-2.95351e-15
-3.49727e-15
-3.67389e-15
-4.19809e-15
-4.77251e-15
-4.82698e-15
-5.3362e-15
-5.78592e-15
-6.07256e-15
-6.42113e-15
-6.76509e-15
-6.82734e-15
-6.86031e-15
-7.11334e-15
-7.26846e-15
-7.1091e-15
-6.94241e-15
-7.19663e-15
-7.26872e-15
-7.26548e-15
-7.00042e-15
-7.01825e-15
-7.30827e-15
-7.15029e-15
-6.66364e-15
-6.14008e-15
-5.79552e-15
-4.82683e-15
-3.88445e-15
-3.41476e-15
-2.9255e-15
-1.97275e-15
-6.31123e-16
3.18487e-16
4.82744e-16
3.71733e-16
7.7541e-17
-3.49087e-16
-8.01677e-16
-7.05651e-16
-7.02048e-16
-7.4113e-16
-9.74969e-16
-9.22844e-16
-1.26634e-15
-1.30686e-15
-1.60342e-15
-1.88891e-15
-1.93808e-15
-2.38914e-15
-2.84107e-15
-3.3945e-15
-3.85524e-15
-4.26218e-15
-4.98524e-15
-5.2012e-15
-5.48867e-15
-5.79505e-15
-6.24181e-15
-6.34167e-15
-6.5434e-15
-6.7934e-15
-6.79255e-15
-6.65459e-15
-7.13529e-15
-7.19863e-15
-7.02973e-15
-7.17656e-15
-7.26529e-15
-7.19703e-15
-7.09316e-15
-7.16969e-15
-7.52206e-15
-7.26807e-15
-6.98017e-15
-6.82127e-15
-5.98385e-15
-4.9953e-15
-4.16886e-15
-3.71687e-15
-2.91621e-15
-1.71367e-15
-5.64079e-16
3.44134e-16
7.32387e-16
5.41624e-16
1.33888e-16
-5.42026e-16
-1.02661e-15
-7.89561e-16
-5.76877e-16
-6.23066e-16
-1.14245e-15
-1.00973e-15
-1.0212e-15
-1.25684e-15
-1.60449e-15
-1.6033e-15
-1.70346e-15
-2.03033e-15
-2.81576e-15
-3.34198e-15
-3.89154e-15
-4.29182e-15
-4.93181e-15
-5.47728e-15
-5.45742e-15
-5.65796e-15
-6.23152e-15
-6.55877e-15
-6.63142e-15
-6.61775e-15
-6.81505e-15
-6.8652e-15
-7.04709e-15
-7.13574e-15
-7.22157e-15
-7.18372e-15
-7.07248e-15
-7.30203e-15
-7.533e-15
-7.33616e-15
-7.30338e-15
-7.57711e-15
-7.12135e-15
-6.99338e-15
-6.89347e-15
-5.64265e-15
-4.57588e-15
-3.36859e-15
-2.74782e-15
-1.90782e-15
-6.01491e-16
2.68083e-16
8.72431e-16
6.44588e-16
5.35931e-17
-8.02322e-16
-1.15201e-15
-1.04175e-15
-8.24522e-16
-6.71114e-16
-1.11802e-15
-1.07825e-15
-1.04336e-15
-1.06137e-15
-1.50051e-15
-1.45603e-15
-1.35988e-15
-1.90812e-15
-2.59443e-15
-3.19297e-15
-3.82801e-15
-4.30243e-15
-4.83874e-15
-5.49553e-15
-5.20951e-15
-5.83613e-15
-6.34869e-15
-6.71145e-15
-6.70211e-15
-6.70882e-15
-6.84215e-15
-7.1157e-15
-7.07467e-15
-7.21876e-15
-7.5675e-15
-7.15018e-15
-7.59934e-15
-7.3658e-15
-7.48011e-15
-7.54571e-15
-7.82433e-15
-8.09049e-15
-7.60943e-15
-7.05572e-15
-7.28412e-15
-6.18456e-15
-4.75751e-15
-3.31789e-15
-3.11267e-15
-2.64886e-15
-6.76107e-16
6.54287e-16
6.45226e-16
1.09017e-16
-5.07432e-16
-1.01637e-15
-1.27632e-15
-1.22144e-15
-7.81508e-16
-6.00829e-16
-5.60899e-16
-1.34976e-15
-1.11359e-15
-7.0395e-16
-9.48853e-16
-1.42979e-15
-1.7992e-15
-1.52352e-15
-2.48837e-15
-2.9479e-15
-3.57867e-15
-4.5951e-15
-4.79611e-15
-5.17259e-15
-5.81143e-15
-6.11149e-15
-6.77078e-15
-6.90992e-15
-6.6009e-15
-6.64309e-15
-6.93201e-15
-7.18637e-15
-7.12224e-15
-7.37369e-15
-7.65407e-15
-7.64384e-15
-7.62002e-15
-7.17825e-15
-7.25038e-15
-7.71469e-15
-8.54618e-15
-8.41925e-15
-8.43925e-15
-7.6634e-15
-7.7734e-15
-6.69953e-15
-4.9559e-15
-3.61714e-15
-3.61017e-15
-2.60368e-15
-8.24229e-16
5.65637e-16
1.40345e-16
-2.5746e-16
-3.34369e-16
-6.43377e-16
-8.91153e-16
-9.70561e-16
-1.096e-15
-7.4234e-16
-6.51101e-16
-7.73897e-16
-8.12878e-16
-7.52578e-17
-3.97261e-16
-1.30891e-15
-2.11757e-15
-1.59436e-15
-2.24069e-15
-3.16192e-15
-3.98293e-15
-4.17836e-15
-4.81491e-15
-5.43929e-15
-5.49016e-15
-6.70115e-15
-7.31456e-15
-7.24773e-15
-6.46648e-15
-6.65733e-15
-6.65487e-15
-7.17956e-15
-7.46836e-15
-7.49007e-15
-7.6137e-15
-7.48155e-15
-7.57851e-15
-7.0456e-15
-7.46171e-15
-7.82819e-15
-8.52908e-15
-8.80558e-15
-8.48474e-15
-8.01303e-15
-7.5638e-15
-6.29338e-15
-5.84815e-15
-4.35744e-15
-3.54513e-15
-2.22679e-15
-1.02542e-15
1.43804e-16
-8.49208e-17
-5.99495e-16
2.83013e-17
-4.63171e-16
-7.52878e-16
-8.87769e-16
-9.29961e-16
-7.86252e-16
-6.91708e-16
-6.4263e-16
-4.46579e-16
1.59586e-16
-4.96633e-16
-1.26412e-15
-1.98144e-15
-2.54636e-15
-2.65184e-15
-3.21764e-15
-3.84584e-15
-4.32054e-15
-4.95444e-15
-5.74455e-15
-5.35111e-15
-6.32731e-15
-6.88493e-15
-6.96154e-15
-6.71773e-15
-6.75523e-15
-6.90233e-15
-7.32649e-15
-7.91518e-15
-7.47881e-15
-7.02984e-15
-7.4525e-15
-7.84262e-15
-7.00314e-15
-7.64144e-15
-8.48098e-15
-8.52606e-15
-8.56777e-15
-8.34322e-15
-7.96023e-15
-7.51812e-15
-7.02487e-15
-5.8253e-15
-4.60014e-15
-3.6467e-15
-2.80699e-15
-1.23957e-15
)
;

boundaryField
{
    movingWall
    {
        type            zeroGradient;
    }
    Inlet
    {
        type            fixedValue;
        value           uniform 0;
    }
    Outlet
    {
        type            fixedValue;
        value           uniform 0;
    }
    Bottom
    {
        type            zeroGradient;
    }
    frontAndBack
    {
        type            empty;
    }
}


// ************************************************************************* //
