/*--------------------------------*- C++ -*----------------------------------*\
| =========                 |                                                 |
| \\      /  F ield         | OpenFOAM: The Open Source CFD Toolbox           |
|  \\    /   O peration     | Version:  5.x                                   |
|   \\  /    A nd           | Web:      www.OpenFOAM.org                      |
|    \\/     M anipulation  |                                                 |
\*---------------------------------------------------------------------------*/
FoamFile
{
    version     2.0;
    format      ascii;
    class       surfaceScalarField;
    location    "0.5";
    object      phi;
}
// * * * * * * * * * * * * * * * * * * * * * * * * * * * * * * * * * * * * * //

dimensions      [0 3 -1 0 0 0 0];

internalField   nonuniform List<scalar> 
940
(
1.66e-08
-2.5158e-23
1.66e-08
-1.86764e-23
1.66e-08
-1.27992e-23
1.66e-08
-1.00082e-23
1.66e-08
-5.66911e-24
1.66e-08
-6.58342e-24
1.66e-08
-4.97783e-24
1.66e-08
-7.22971e-24
1.66e-08
-2.37611e-24
1.66e-08
8.7717e-25
1.66e-08
-6.9333e-24
1.66e-08
-2.90764e-24
1.66e-08
-1.11944e-24
1.66e-08
-5.33153e-24
1.66e-08
3.89326e-24
1.66e-08
1.12307e-23
1.66e-08
-1.90529e-24
1.66e-08
1.66824e-25
1.66e-08
7.76564e-24
1.66e-08
-4.62688e-24
1.66e-08
-4.42916e-25
1.66e-08
-2.2481e-24
1.66e-08
-1.93337e-24
1.66e-08
1.10855e-23
1.66e-08
-2.1738e-24
1.66e-08
-1.80447e-24
1.66e-08
4.97421e-24
1.66e-08
-2.50921e-24
1.66e-08
-5.56503e-24
1.66e-08
7.82704e-24
1.66e-08
6.47477e-24
1.66e-08
2.05422e-24
1.66e-08
9.55783e-24
1.66e-08
-3.25791e-24
1.66e-08
-7.43909e-24
1.66e-08
1.46049e-23
1.66e-08
2.31377e-24
1.66e-08
4.95736e-24
1.66e-08
3.24286e-24
1.66e-08
-1.34651e-24
1.66e-08
7.364e-24
1.66e-08
1.41357e-23
1.66e-08
8.42692e-24
1.66e-08
4.12992e-25
1.66e-08
-1.35965e-23
1.66e-08
-3.04963e-24
1.66e-08
4.59678e-24
1.66e-08
1.06757e-23
1.66e-08
2.4622e-23
3.52963e-24
4.98e-08
-3.98064e-23
4.98e-08
-3.73752e-23
4.98e-08
-3.76911e-23
4.98e-08
-2.73662e-23
4.98e-08
-2.47443e-23
4.98e-08
-1.96683e-23
4.98e-08
-2.22153e-23
4.98e-08
-1.74184e-23
4.98e-08
-5.43644e-24
4.98e-08
-2.62044e-24
4.98e-08
-1.64788e-23
4.98e-08
-6.94438e-24
4.98e-08
-7.00961e-25
4.98e-08
-8.30427e-24
4.98e-08
8.4465e-24
4.98e-08
1.47439e-23
4.98e-08
3.98342e-24
4.98e-08
1.1289e-23
4.98e-08
1.7085e-23
4.98e-08
7.88963e-24
4.98e-08
4.70542e-24
4.98e-08
-5.05216e-24
4.98e-08
-6.40365e-24
4.98e-08
2.07334e-23
4.98e-08
3.58857e-25
4.98e-08
-9.80441e-24
4.98e-08
3.63433e-24
4.98e-08
-9.07709e-24
4.98e-08
-8.44047e-24
4.98e-08
2.04186e-23
4.98e-08
1.13273e-23
4.98e-08
9.91425e-24
4.98e-08
2.39067e-23
4.98e-08
-9.60283e-24
4.98e-08
-5.78689e-24
4.98e-08
3.36048e-23
4.98e-08
1.17314e-23
4.98e-08
1.22357e-23
4.98e-08
1.16427e-23
4.98e-08
1.92441e-24
4.98e-08
1.73499e-23
4.98e-08
2.54643e-23
4.98e-08
1.60307e-23
4.98e-08
-1.08012e-23
4.98e-08
-2.41543e-23
4.98e-08
4.131e-24
4.98e-08
-1.17967e-24
4.98e-08
1.8122e-23
4.98e-08
4.04669e-23
9.07569e-24
8.3e-08
-4.96675e-23
8.3e-08
-5.38629e-23
8.3e-08
-4.8382e-23
8.3e-08
-5.0246e-23
8.3e-08
-4.13639e-23
8.3e-08
-3.02093e-23
8.3e-08
-2.6573e-23
8.3e-08
-2.4283e-23
8.3e-08
-2.16107e-23
8.3e-08
-1.71878e-23
8.3e-08
-2.24649e-23
8.3e-08
-1.01124e-23
8.3e-08
-3.48364e-24
8.3e-08
-2.20488e-23
8.3e-08
9.49948e-24
8.3e-08
2.53314e-23
8.3e-08
-1.47812e-24
8.3e-08
1.01032e-23
8.3e-08
4.09539e-23
8.3e-08
1.50458e-23
8.3e-08
1.54543e-23
8.3e-08
9.50244e-24
8.3e-08
-1.47493e-23
8.3e-08
2.11841e-23
8.3e-08
7.55211e-24
8.3e-08
-9.36927e-24
8.3e-08
5.65766e-24
8.3e-08
-7.42578e-24
8.3e-08
-7.85201e-24
8.3e-08
1.21372e-23
8.3e-08
1.82711e-23
8.3e-08
1.86238e-23
8.3e-08
3.04634e-23
8.3e-08
-4.79301e-24
8.3e-08
4.86703e-26
8.3e-08
4.1942e-23
8.3e-08
2.41263e-23
8.3e-08
1.28762e-23
8.3e-08
1.53622e-23
8.3e-08
1.74461e-23
8.3e-08
4.36728e-23
8.3e-08
3.39339e-23
8.3e-08
1.7338e-23
8.3e-08
-1.23505e-23
8.3e-08
-2.90648e-23
8.3e-08
-2.78163e-23
8.3e-08
-1.79694e-23
8.3e-08
3.68294e-23
8.3e-08
4.34625e-23
4.52003e-24
1.162e-07
-4.93977e-23
1.162e-07
-5.45425e-23
1.162e-07
-6.75072e-23
1.162e-07
-6.06825e-23
1.162e-07
-5.40341e-23
1.162e-07
-3.21913e-23
1.162e-07
-4.61346e-23
1.162e-07
-4.87028e-23
1.162e-07
-3.2481e-23
1.162e-07
-1.38806e-23
1.162e-07
-1.39024e-23
1.162e-07
-2.8323e-24
1.162e-07
-1.66746e-23
1.162e-07
-1.26364e-23
1.162e-07
7.34888e-25
1.162e-07
1.77293e-23
1.162e-07
1.33297e-23
1.162e-07
1.3907e-23
1.162e-07
2.55786e-23
1.162e-07
2.25351e-23
1.162e-07
1.42539e-23
1.162e-07
9.74407e-24
1.162e-07
-7.66567e-24
1.162e-07
1.90617e-23
1.162e-07
2.30973e-23
1.162e-07
9.62509e-24
1.162e-07
4.76119e-25
1.162e-07
-2.19947e-23
1.162e-07
-9.12363e-24
1.162e-07
8.72996e-24
1.162e-07
4.6089e-24
1.162e-07
2.58669e-23
1.162e-07
2.52278e-23
1.162e-07
-3.7402e-24
1.162e-07
2.57146e-24
1.162e-07
4.58845e-23
1.162e-07
3.02677e-23
1.162e-07
2.12995e-23
1.162e-07
3.6736e-23
1.162e-07
4.21064e-23
1.162e-07
3.01149e-23
1.162e-07
3.77113e-23
1.162e-07
4.07062e-23
1.162e-07
-1.03882e-23
1.162e-07
-2.78628e-23
1.162e-07
-4.48891e-23
1.162e-07
-2.12075e-23
1.162e-07
3.1239e-23
1.162e-07
7.55433e-24
-2.3983e-23
1.494e-07
-4.86648e-23
1.494e-07
-6.22493e-23
1.494e-07
-6.59117e-23
1.494e-07
-5.86865e-23
1.494e-07
-5.19894e-23
1.494e-07
-4.15864e-23
1.494e-07
-5.17947e-23
1.494e-07
-5.86423e-23
1.494e-07
-3.77563e-23
1.494e-07
-1.27823e-23
1.494e-07
-1.78996e-23
1.494e-07
-1.58998e-23
1.494e-07
-6.67851e-25
1.494e-07
-4.19778e-24
1.494e-07
1.14008e-24
1.494e-07
2.55253e-23
1.494e-07
9.27023e-25
1.494e-07
1.72675e-23
1.494e-07
2.60368e-23
1.494e-07
1.01136e-23
1.494e-07
1.563e-23
1.494e-07
4.49076e-24
1.494e-07
-1.34505e-23
1.494e-07
5.74467e-24
1.494e-07
2.08243e-23
1.494e-07
2.22002e-23
1.494e-07
1.86711e-23
1.494e-07
-1.1611e-23
1.494e-07
-1.71406e-23
1.494e-07
2.98265e-24
1.494e-07
3.30685e-23
1.494e-07
3.86938e-23
1.494e-07
1.38393e-23
1.494e-07
-9.82437e-24
1.494e-07
1.63589e-24
1.494e-07
3.30746e-23
1.494e-07
5.15274e-23
1.494e-07
4.91684e-23
1.494e-07
4.75887e-23
1.494e-07
3.5276e-23
1.494e-07
3.29945e-23
1.494e-07
3.45354e-23
1.494e-07
3.20124e-23
1.494e-07
1.46002e-23
1.494e-07
-2.61961e-23
1.494e-07
-5.68122e-23
1.494e-07
-5.14184e-23
1.494e-07
1.68852e-23
1.494e-07
-6.48128e-24
-5.29617e-23
1.826e-07
-3.11875e-23
1.826e-07
-3.86329e-23
1.826e-07
-4.31091e-23
1.826e-07
-4.04279e-23
1.826e-07
-3.6412e-23
1.826e-07
-3.86969e-23
1.826e-07
-5.03785e-23
1.826e-07
-4.29877e-23
1.826e-07
-2.54306e-23
1.826e-07
-1.76882e-23
1.826e-07
-2.89344e-23
1.826e-07
-2.01859e-23
1.826e-07
-6.96885e-24
1.826e-07
-1.142e-23
1.826e-07
9.82669e-24
1.826e-07
3.3097e-23
1.826e-07
1.77842e-23
1.826e-07
1.00604e-23
1.826e-07
2.32074e-23
1.826e-07
7.98103e-24
1.826e-07
1.74351e-23
1.826e-07
1.76695e-24
1.826e-07
-1.67495e-23
1.826e-07
-1.08239e-23
1.826e-07
3.09998e-23
1.826e-07
3.66205e-23
1.826e-07
2.02882e-23
1.826e-07
-1.89713e-23
1.826e-07
-1.66284e-23
1.826e-07
7.29766e-24
1.826e-07
2.98617e-23
1.826e-07
5.31561e-23
1.826e-07
2.38856e-23
1.826e-07
-1.28982e-23
1.826e-07
-2.30055e-23
1.826e-07
5.64593e-23
1.826e-07
5.73937e-23
1.826e-07
3.73191e-23
1.826e-07
5.30434e-23
1.826e-07
5.682e-23
1.826e-07
4.46671e-23
1.826e-07
4.49139e-23
1.826e-07
3.26653e-23
1.826e-07
-1.72539e-23
1.826e-07
-3.30126e-23
1.826e-07
-5.5859e-23
1.826e-07
-4.02063e-23
1.826e-07
2.86558e-23
1.826e-07
-1.68509e-23
-8.76308e-23
2.158e-07
-2.58621e-23
2.158e-07
6.35857e-24
2.158e-07
6.42172e-24
2.158e-07
-7.94095e-24
2.158e-07
-1.99711e-23
2.158e-07
-2.77625e-23
2.158e-07
-3.74928e-23
2.158e-07
-4.5033e-23
2.158e-07
-2.37533e-23
2.158e-07
-3.30584e-23
2.158e-07
-2.37321e-23
2.158e-07
-2.77928e-23
2.158e-07
-2.65198e-23
2.158e-07
-3.66111e-23
2.158e-07
2.23582e-23
2.158e-07
6.33862e-23
2.158e-07
1.52754e-23
2.158e-07
2.07247e-23
2.158e-07
1.84902e-23
2.158e-07
4.17654e-24
2.158e-07
2.42644e-23
2.158e-07
-9.18516e-24
2.158e-07
-3.80738e-23
2.158e-07
2.94932e-23
2.158e-07
3.90387e-23
2.158e-07
3.79524e-23
2.158e-07
2.25711e-23
2.158e-07
-2.41191e-23
2.158e-07
-2.79995e-23
2.158e-07
2.1605e-23
2.158e-07
2.43043e-23
2.158e-07
4.61636e-23
2.158e-07
2.12382e-23
2.158e-07
-3.15814e-23
2.158e-07
-1.22415e-23
2.158e-07
2.55547e-23
2.158e-07
4.07206e-23
2.158e-07
2.62902e-23
2.158e-07
5.27906e-23
2.158e-07
4.94116e-23
2.158e-07
2.77506e-23
2.158e-07
5.05865e-23
2.158e-07
4.84523e-23
2.158e-07
-5.49083e-24
2.158e-07
-1.55468e-23
2.158e-07
-4.45869e-23
2.158e-07
-2.88031e-23
2.158e-07
2.6815e-23
2.158e-07
-5.07519e-23
-8.83505e-23
2.49e-07
2.13446e-23
2.49e-07
4.01119e-23
2.49e-07
1.95841e-23
2.49e-07
-2.41854e-23
2.49e-07
-3.30242e-23
2.49e-07
-3.40523e-23
2.49e-07
-2.86495e-23
2.49e-07
-1.30007e-23
2.49e-07
-9.07663e-24
2.49e-07
-6.66958e-24
2.49e-07
-5.01141e-23
2.49e-07
-4.2458e-23
2.49e-07
-4.35255e-23
2.49e-07
-3.38794e-23
2.49e-07
3.66868e-24
2.49e-07
4.66412e-23
2.49e-07
3.59804e-23
2.49e-07
1.7173e-23
2.49e-07
3.50341e-23
2.49e-07
2.56275e-23
2.49e-07
-5.28052e-24
2.49e-07
-9.38017e-24
2.49e-07
-2.51742e-23
2.49e-07
-1.24788e-23
2.49e-07
4.93322e-23
2.49e-07
4.05267e-23
2.49e-07
2.78116e-23
2.49e-07
-1.9459e-23
2.49e-07
-1.3439e-23
2.49e-07
5.35088e-24
2.49e-07
1.67384e-23
2.49e-07
4.14117e-23
2.49e-07
5.41996e-24
2.49e-07
-3.67171e-23
2.49e-07
-3.11225e-23
2.49e-07
1.88655e-23
2.49e-07
2.27701e-23
2.49e-07
2.61906e-23
2.49e-07
4.44149e-23
2.49e-07
1.93298e-23
2.49e-07
7.82101e-24
2.49e-07
1.69821e-23
2.49e-07
4.0975e-23
2.49e-07
-3.39154e-23
2.49e-07
-5.49229e-23
2.49e-07
-8.88088e-24
2.49e-07
8.52876e-24
2.49e-07
1.14484e-23
2.49e-07
-6.46614e-23
-8.56784e-23
2.822e-07
3.42979e-23
2.822e-07
2.64046e-23
2.822e-07
2.95644e-23
2.822e-07
-1.74262e-23
2.822e-07
-1.3409e-23
2.822e-07
-9.32451e-24
2.822e-07
-1.27701e-23
2.822e-07
-1.88067e-23
2.822e-07
-5.20051e-24
2.822e-07
-5.32622e-24
2.822e-07
-2.11634e-23
2.822e-07
-3.24712e-23
2.822e-07
-1.96761e-23
2.822e-07
3.85409e-24
2.822e-07
-7.69291e-25
2.822e-07
1.80384e-23
2.822e-07
5.86228e-23
2.822e-07
3.04636e-23
2.822e-07
1.35153e-23
2.822e-07
-8.64532e-24
2.822e-07
1.60423e-23
2.822e-07
1.33226e-24
2.822e-07
-1.68013e-23
2.822e-07
-1.07759e-23
2.822e-07
-1.87531e-24
2.822e-07
-2.93837e-25
2.822e-07
-7.68227e-24
2.822e-07
5.34696e-24
2.822e-07
8.92718e-24
2.822e-07
1.83469e-23
2.822e-07
9.85229e-24
2.822e-07
2.63748e-23
2.822e-07
6.2147e-25
2.822e-07
-4.3674e-23
2.822e-07
-1.68347e-23
2.822e-07
2.53062e-23
2.822e-07
6.41598e-24
2.822e-07
1.12235e-23
2.822e-07
4.34388e-23
2.822e-07
1.75175e-23
2.822e-07
-1.06308e-23
2.822e-07
8.44558e-24
2.822e-07
1.40703e-23
2.822e-07
-2.66348e-23
2.822e-07
-2.10442e-26
2.822e-07
-2.25359e-23
2.822e-07
2.66285e-24
2.822e-07
1.89674e-23
2.822e-07
-1.47296e-23
-5.8168e-23
3.154e-07
3.154e-07
3.154e-07
3.154e-07
3.154e-07
3.154e-07
3.154e-07
3.154e-07
3.154e-07
3.154e-07
3.154e-07
3.154e-07
3.154e-07
3.154e-07
3.154e-07
3.154e-07
3.154e-07
3.154e-07
3.154e-07
3.154e-07
3.154e-07
3.154e-07
3.154e-07
3.154e-07
3.154e-07
3.154e-07
3.154e-07
3.154e-07
3.154e-07
3.154e-07
3.154e-07
3.154e-07
3.154e-07
3.154e-07
3.154e-07
3.154e-07
3.154e-07
3.154e-07
3.154e-07
3.154e-07
3.154e-07
3.154e-07
3.154e-07
3.154e-07
3.154e-07
3.154e-07
3.154e-07
3.154e-07
3.154e-07
)
;

boundaryField
{
    movingWall
    {
        type            calculated;
        value           uniform 0;
    }
    Inlet
    {
        type            calculated;
        value           nonuniform List<scalar> 10(-1.66e-08 -4.98e-08 -8.3e-08 -1.162e-07 -1.494e-07 -1.826e-07 -2.158e-07 -2.49e-07 -2.822e-07 -3.154e-07);
    }
    Outlet
    {
        type            calculated;
        value           nonuniform List<scalar> 10(1.66e-08 4.98e-08 8.3e-08 1.162e-07 1.494e-07 1.826e-07 2.158e-07 2.49e-07 2.822e-07 3.154e-07);
    }
    Bottom
    {
        type            calculated;
        value           uniform 0;
    }
    frontAndBack
    {
        type            empty;
        value           nonuniform 0();
    }
}


// ************************************************************************* //
