/*--------------------------------*- C++ -*----------------------------------*\
| =========                 |                                                 |
| \\      /  F ield         | OpenFOAM: The Open Source CFD Toolbox           |
|  \\    /   O peration     | Version:  5.x                                   |
|   \\  /    A nd           | Web:      www.OpenFOAM.org                      |
|    \\/     M anipulation  |                                                 |
\*---------------------------------------------------------------------------*/
FoamFile
{
    version     2.0;
    format      ascii;
    class       volVectorField;
    location    "0.5";
    object      wallShearStress;
}
// * * * * * * * * * * * * * * * * * * * * * * * * * * * * * * * * * * * * * //

dimensions      [0 2 -2 0 0 0 0];

internalField   uniform (0 0 0);

boundaryField
{
    movingWall
    {
        type            calculated;
        value           nonuniform List<vector> 
50
(
(0.184675 -3.0354e-16 0)
(0.184675 -2.52908e-16 0)
(0.184675 -2.83224e-16 0)
(0.184675 1.32496e-16 0)
(0.184675 8.86215e-17 0)
(0.184675 6.80447e-17 0)
(0.184675 1.27358e-16 0)
(0.184675 9.52703e-17 0)
(0.184675 -9.14855e-18 0)
(0.184675 3.69136e-17 0)
(0.184675 2.65457e-16 0)
(0.184675 2.43117e-16 0)
(0.184675 1.29153e-16 0)
(0.184675 -1.21883e-16 0)
(0.184675 -1.2053e-16 0)
(0.184675 -2.60033e-16 0)
(0.184675 -4.25952e-16 0)
(0.184675 -1.15618e-16 0)
(0.184675 -1.75812e-18 0)
(0.184675 1.47429e-16 0)
(0.184675 -1.01926e-16 0)
(0.184675 1.649e-17 0)
(0.184675 2.04855e-16 0)
(0.184675 1.51522e-16 0)
(0.184675 -8.3962e-17 0)
(0.184675 -7.61116e-17 0)
(0.184675 1.22422e-16 0)
(0.184675 -8.67412e-17 0)
(0.184675 -1.78554e-16 0)
(0.184675 -1.3444e-16 0)
(0.184675 4.2197e-17 0)
(0.184675 -1.71666e-16 0)
(0.184675 -1.86659e-16 0)
(0.184675 3.00962e-16 0)
(0.184675 2.76902e-16 0)
(0.184675 -2.1099e-16 0)
(0.184675 1.0423e-18 0)
(0.184675 -1.2301e-16 0)
(0.184675 -2.27947e-16 0)
(0.184675 -1.16725e-16 0)
(0.184675 -1.49739e-16 0)
(0.184675 -7.65109e-17 0)
(0.184675 -4.70622e-17 0)
(0.184675 2.84469e-16 0)
(0.184675 2.32702e-17 0)
(0.184675 5.89238e-17 0)
(0.184675 5.62542e-18 0)
(0.184675 -1.22549e-16 0)
(0.184675 1.97064e-16 0)
(0.184675 5.44765e-16 0)
)
;
    }
    Inlet
    {
        type            calculated;
        value           uniform (0 0 0);
    }
    Outlet
    {
        type            calculated;
        value           uniform (0 0 0);
    }
    Bottom
    {
        type            calculated;
        value           nonuniform List<vector> 
50
(
(-0.184675 1.69391e-16 0)
(-0.184675 1.15879e-16 0)
(-0.184675 4.88484e-17 0)
(-0.184675 8.26596e-18 0)
(-0.184675 -1.10667e-17 0)
(-0.184675 -5.07619e-18 0)
(-0.184675 3.7717e-17 0)
(-0.184675 5.1039e-17 0)
(-0.184675 -3.20568e-17 0)
(-0.184675 -3.19434e-17 0)
(-0.184675 4.66022e-17 0)
(-0.184675 -1.06746e-17 0)
(-0.184675 1.24351e-17 0)
(-0.184675 6.95802e-17 0)
(-0.184675 -1.01092e-17 0)
(-0.184675 -1.05152e-16 0)
(-0.184675 2.26077e-17 0)
(-0.184675 -1.25656e-17 0)
(-0.184675 -8.34767e-17 0)
(-0.184675 5.56584e-17 0)
(-0.184675 4.73336e-17 0)
(-0.184675 4.30483e-17 0)
(-0.184675 1.21445e-17 0)
(-0.184675 -8.0523e-17 0)
(-0.184675 6.68782e-18 0)
(-0.184675 3.09492e-17 0)
(-0.184675 -3.2125e-17 0)
(-0.184675 -4.07455e-19 0)
(-0.184675 8.35431e-17 0)
(-0.184675 -8.20105e-17 0)
(-0.184675 -1.88211e-17 0)
(-0.184675 -3.6031e-17 0)
(-0.184675 -1.17933e-16 0)
(-0.184675 1.36123e-16 0)
(-0.184675 1.05397e-16 0)
(-0.184675 -2.12554e-16 0)
(-0.184675 -2.21671e-17 0)
(-0.184675 2.21322e-18 0)
(-0.184675 8.82465e-17 0)
(-0.184675 9.14825e-17 0)
(-0.184675 -1.49486e-16 0)
(-0.184675 -6.60048e-17 0)
(-0.184675 -1.94762e-17 0)
(-0.184675 -1.09561e-16 0)
(-0.184675 1.19643e-16 0)
(-0.184675 7.08867e-17 0)
(-0.184675 -1.35923e-16 0)
(-0.184675 -1.35289e-16 0)
(-0.184675 -9.19239e-17 0)
(-0.184675 1.11336e-16 0)
)
;
    }
    frontAndBack
    {
        type            empty;
    }
}


// ************************************************************************* //
