/*--------------------------------*- C++ -*----------------------------------*\
| =========                 |                                                 |
| \\      /  F ield         | OpenFOAM: The Open Source CFD Toolbox           |
|  \\    /   O peration     | Version:  5.x                                   |
|   \\  /    A nd           | Web:      www.OpenFOAM.org                      |
|    \\/     M anipulation  |                                                 |
\*---------------------------------------------------------------------------*/
FoamFile
{
    version     2.0;
    format      ascii;
    class       volScalarField;
    location    "0.01";
    object      p;
}
// * * * * * * * * * * * * * * * * * * * * * * * * * * * * * * * * * * * * * //

dimensions      [0 2 -2 0 0 0 0];

internalField   nonuniform List<scalar> 
7200
(
8.42786e-05
-0.0305799
-0.0304539
0.0640134
0.207202
0.344565
0.469719
0.591686
0.707898
0.798568
0.834812
0.79101
0.65556
0.43564
0.15661
-0.143731
-0.422989
-0.643413
-0.779621
-0.824265
-0.788691
-0.698362
-0.582187
-0.460078
-0.334725
-0.197195
-0.0539501
0.0403586
0.0400715
0.00929394
-0.0051502
-0.0381242
-0.0138455
0.103973
0.247484
0.37301
0.48532
0.593579
0.69296
0.764591
0.784098
0.731582
0.599503
0.395621
0.142106
-0.129217
-0.382937
-0.58728
-0.720078
-0.773428
-0.75463
-0.683405
-0.584116
-0.475743
-0.363236
-0.237523
-0.0939239
0.0237974
0.047638
0.0145036
-0.0119639
-0.0414779
0.0103822
0.144319
0.281083
0.392958
0.492193
0.586167
0.668625
0.722534
0.727919
0.669649
0.543171
0.356242
0.127974
-0.115064
-0.34351
-0.530853
-0.658004
-0.717095
-0.712455
-0.659019
-0.576714
-0.482663
-0.383243
-0.271176
-0.134312
-0.000440612
0.051043
0.0213281
-0.020405
-0.0392599
0.0409556
0.183357
0.30896
0.407218
0.494105
0.574671
0.642083
0.681293
0.675931
0.614381
0.494056
0.322384
0.115908
-0.102963
-0.309593
-0.481634
-0.602587
-0.664943
-0.67108
-0.632404
-0.565208
-0.484606
-0.397553
-0.299108
-0.1734
-0.0310396
0.0488738
0.0297964
-0.0301426
-0.0301104
0.0772821
0.220877
0.332399
0.417295
0.492226
0.559997
0.613767
0.640417
0.626583
0.563363
0.449531
0.292027
0.10515
-0.0921586
-0.279166
-0.436999
-0.551415
-0.615422
-0.630056
-0.604
-0.550511
-0.48275
-0.407679
-0.322609
-0.210983
-0.0674015
0.0397667
0.0395702
-0.0403008
-0.0126816
0.11792
0.255458
0.351179
0.423263
0.486635
0.542293
0.583766
0.599725
0.579306
0.515703
0.408619
0.264413
0.0954168
-0.0823663
-0.251473
-0.395969
-0.503597
-0.567967
-0.589208
-0.573898
-0.532771
-0.477174
-0.413693
-0.341456
-0.245636
-0.10808
0.0223759
0.0497696
-0.0494862
0.0138451
0.160798
0.285692
0.36513
0.425195
0.477516
0.521922
0.552521
0.559569
0.534238
0.471315
0.371099
0.239329
0.0866199
-0.0734997
-0.2263
-0.358326
-0.459047
-0.522718
-0.548886
-0.54254
-0.512352
-0.468063
-0.415672
-0.355476
-0.275947
-0.151004
-0.00411715
0.0590039
-0.055843
0.0495318
0.203534
0.310607
0.374382
0.423307
0.465179
0.499334
0.520498
0.520278
0.491482
0.430082
0.336736
0.216557
0.0786728
-0.0654722
-0.203431
-0.323834
-0.417648
-0.479774
-0.50942
-0.510391
-0.489705
-0.455727
-0.413829
-0.364801
-0.300942
-0.193794
-0.0397783
0.0654206
-0.0571183
0.0935835
0.243663
0.329685
0.379227
0.417851
0.449974
0.474973
0.4881
0.482093
0.451057
0.391833
0.305268
0.195872
0.0714874
-0.0581964
-0.18264
-0.292232
-0.379229
-0.439155
-0.471051
-0.477855
-0.465273
-0.440515
-0.408416
-0.369718
-0.320102
-0.233984
-0.0838181
0.0667688
-0.0507722
0.14431
0.278867
0.342843
0.380027
0.409094
0.432275
0.449265
0.455682
0.445206
0.412955
0.356398
0.276457
0.177073
0.0649863
-0.0515956
-0.163729
-0.26328
-0.343618
-0.400852
-0.433969
-0.445286
-0.439479
-0.4228
-0.399697
-0.370588
-0.333338
-0.269258
-0.134553
0.0605079
-0.0341301
0.199172
0.3072
0.350389
0.377161
0.397322
0.41248
0.422613
0.423557
0.409766
0.377146
0.323613
0.250087
0.159986
0.059102
-0.0456029
-0.14652
-0.236763
-0.310653
-0.364837
-0.398325
-0.412996
-0.41273
-0.402978
-0.387958
-0.367788
-0.340959
-0.297669
-0.189447
0.04396
-0.00456298
0.254907
0.327287
0.352943
0.370985
0.382846
0.390993
0.395394
0.391993
0.375889
0.34359
0.293323
0.225964
0.144452
0.0537749
-0.0401596
-0.130859
-0.212488
-0.280178
-0.331067
-0.364233
-0.381254
-0.385399
-0.381455
-0.373507
-0.361673
-0.343584
-0.317836
-0.245244
0.0144908
0.0403177
0.307746
0.33846
0.351321
0.361805
0.366006
0.368222
0.367951
0.36122
0.343657
0.312228
0.265379
0.203908
0.130333
0.0489523
-0.0352135
-0.116606
-0.190275
-0.252043
-0.299487
-0.331777
-0.350289
-0.357829
-0.358632
-0.356681
-0.352547
-0.342027
-0.329088
-0.298173
-0.0302951
0.102471
0.353676
0.340828
0.346405
0.34987
0.347172
0.344556
0.340588
0.331427
0.313126
0.282997
0.239636
0.183758
0.117504
0.0445874
-0.0307188
-0.103637
-0.169965
-0.226107
-0.270031
-0.301011
-0.32029
-0.330324
-0.334902
-0.337849
-0.340657
-0.337169
-0.33153
-0.34422
-0.0923638
0.183259
0.388752
0.335265
0.339016
0.335387
0.326745
0.320365
0.313574
0.30277
0.284327
0.255825
0.215961
0.165367
0.105852
0.0406387
-0.0266346
-0.0918414
-0.151409
-0.202235
-0.242628
-0.271968
-0.291413
-0.303151
-0.310628
-0.317409
-0.326209
-0.329831
-0.326031
-0.379432
-0.173085
0.283323
0.4094
0.323316
0.329808
0.318546
0.305146
0.295979
0.287139
0.275372
0.257272
0.230634
0.194226
0.148601
0.0952788
0.0370691
-0.0229245
-0.0811194
-0.134474
-0.1803
-0.217202
-0.24466
-0.263781
-0.27654
-0.286143
-0.295781
-0.30939
-0.320667
-0.314132
-0.40023
-0.273103
0.402505
0.412702
0.307039
0.319189
0.299556
0.282806
0.271691
0.261482
0.249328
0.231956
0.207345
0.174309
0.133335
0.0856931
0.0338457
-0.0195563
-0.071382
-0.119039
-0.160182
-0.193675
-0.219083
-0.237489
-0.250689
-0.261737
-0.273394
-0.290409
-0.310084
-0.297889
-0.403687
-0.392268
0.539844
0.396626
0.288793
0.30729
0.278684
0.260146
0.247749
0.236769
0.224709
0.208363
0.185877
0.156097
0.119459
0.0770143
0.0309387
-0.0165008
-0.0625485
-0.104991
-0.141768
-0.171965
-0.195221
-0.212608
-0.225762
-0.237657
-0.250668
-0.269529
-0.298215
-0.279661
-0.387761
-0.529618
0.693618
0.360171
0.271011
0.293976
0.256279
0.237556
0.22436
0.213137
0.20156
0.186461
0.166147
0.139482
0.106869
0.0691691
0.0283216
-0.0137323
-0.0545464
-0.0922293
-0.124951
-0.151993
-0.173045
-0.189184
-0.201898
-0.214108
-0.227992
-0.247098
-0.284922
-0.26188
-0.351442
-0.683433
0.861452
0.303424
0.25596
0.278896
0.232789
0.215374
0.201693
0.190698
0.179908
0.166213
0.148072
0.124365
0.0954707
0.0620909
0.0259703
-0.0112273
-0.0473099
-0.0806591
-0.109632
-0.133676
-0.152517
-0.167245
-0.179208
-0.191257
-0.205702
-0.223562
-0.269853
-0.246815
-0.294811
-0.851335
1.04047
0.227527
0.245546
0.261561
0.20876
0.193868
0.179884
0.169541
0.159762
0.147573
0.131572
0.110648
0.0851777
0.0557193
0.0238631
-0.00896457
-0.0407791
-0.0701945
-0.0957169
-0.116934
-0.133594
-0.146801
-0.157779
-0.169241
-0.184065
-0.199467
-0.252519
-0.236373
-0.219003
-1.03045
1.22748
0.13455
0.241157
0.241451
0.184818
0.173224
0.159049
0.149731
0.141118
0.13049
0.116566
0.098243
0.0759096
0.0499993
0.0219803
-0.00692511
-0.0348994
-0.0607561
-0.0831157
-0.10169
-0.116225
-0.127847
-0.137679
-0.148175
-0.163265
-0.175434
-0.232395
-0.231947
-0.126084
-1.21756
1.41914
0.0272988
0.243577
0.218112
0.161627
0.15354
0.139289
0.131311
0.123955
0.114907
0.102975
0.0870644
0.0675922
0.0448802
0.0203038
-0.00509147
-0.029621
-0.0522702
-0.0717449
-0.0878636
-0.100358
-0.110368
-0.118951
-0.128158
-0.143401
-0.152129
-0.209026
-0.23432
-0.0188565
-1.40935
1.61218
-0.0909239
0.252961
0.191248
0.13985
0.134836
0.120696
0.114303
0.108247
0.100765
0.0907207
0.0770322
0.0601569
0.0403159
0.0188172
-0.00344774
-0.024898
-0.0446687
-0.0615248
-0.0753801
-0.0859331
-0.0943367
-0.101617
-0.109284
-0.12449
-0.130211
-0.182111
-0.243652
0.0993756
-1.60252
1.80352
-0.216574
0.268887
0.160788
0.120093
0.117061
0.10336
0.0987058
0.0939576
0.088001
0.0797282
0.0680704
0.0535395
0.0362635
0.0175055
-0.00197937
-0.0206881
-0.037888
-0.0523804
-0.0641651
-0.072891
-0.0797195
-0.0856791
-0.0916417
-0.106482
-0.110287
-0.151578
-0.259518
0.225067
-1.79399
1.99043
-0.346111
0.290448
0.126922
0.10286
0.100118
0.0873698
0.0844993
0.0810445
0.0765511
0.0699239
0.0601069
0.0476807
0.0326835
0.0163547
-0.000672971
-0.0169524
-0.0318692
-0.0442402
-0.054146
-0.0611688
-0.0664777
-0.0711191
-0.0753206
-0.0892778
-0.092859
-0.117614
-0.281012
0.354676
-1.98102
2.17059
-0.476217
0.31639
0.090102
0.088511
0.0838869
0.0728085
0.0716434
0.0694628
0.0663482
0.0612364
0.0530735
0.0425245
0.0295394
0.0153521
0.000483819
-0.0136546
-0.0265567
-0.0370363
-0.0452527
-0.0507019
-0.0545688
-0.0578994
-0.0604061
-0.0727564
-0.0782869
-0.0806644
-0.306878
0.484879
-2.16129
2.34213
-0.603953
0.345265
0.0510066
0.0772418
0.0682459
0.0597522
0.0600816
0.0591649
0.0573241
0.0535965
0.0469051
0.038019
0.026797
0.0144856
0.00150243
-0.010761
-0.0218987
-0.0307042
-0.0374167
-0.0414241
-0.0439483
-0.0459669
-0.0469762
-0.0567968
-0.0667651
-0.0414081
-0.335666
0.612736
-2.33293
2.50365
-0.726876
0.375577
0.0104884
0.0690729
0.0530972
0.0482622
0.049744
0.0501016
0.0494096
0.0469374
0.0415398
0.034115
0.0244245
0.0137444
0.00239349
-0.00824014
-0.0178466
-0.025182
-0.030572
-0.0332677
-0.0345701
-0.0352552
-0.035095
-0.0413013
-0.0583141
-0.000694987
-0.365877
0.7358
-2.49451
2.65416
-0.843077
0.405915
-0.0305004
0.0638609
0.0383815
0.0383785
0.0405516
0.042223
0.0425344
0.0411945
0.0369184
0.0307664
0.0223922
0.013118
0.00316693
-0.00606267
-0.0143543
-0.0204109
-0.0246544
-0.0261643
-0.0263873
-0.0256893
-0.0248063
-0.026212
-0.0527906
0.0405247
-0.396094
0.852161
-2.64506
2.79303
-0.951186
0.435049
-0.0709862
0.0613226
0.0240888
0.0301137
0.0324208
0.0354778
0.0366285
0.0363055
0.0329844
0.0279297
0.0206721
0.0125968
0.00383201
-0.00420089
-0.0113785
-0.0163344
-0.019602
-0.0200448
-0.0193515
-0.01719
-0.0161267
-0.0115209
-0.0499117
0.081278
-0.425086
0.960446
-2.78394
2.91995
-1.05032
0.461997
-0.110046
0.0610706
0.0102598
0.0234482
0.025268
0.0298134
0.0316216
0.0322106
0.029684
0.0255638
0.0192379
0.0121718
0.00439741
-0.0026288
-0.00887813
-0.0128984
-0.0153548
-0.01484
-0.0134127
-0.00967781
-0.00904174
0.00272813
-0.049291
0.120643
-0.451864
1.05977
-2.91083
3.03483
-1.14001
0.486048
-0.146869
0.0626535
-0.00301846
0.0183287
0.0190134
0.0251752
0.0274447
0.0288518
0.0269653
0.0236298
0.0180649
0.0118346
0.0048713
-0.00132189
-0.00681447
-0.0100512
-0.0118548
-0.0104814
-0.00851878
-0.0030772
-0.00350339
0.016444
-0.0504791
0.157806
-0.475714
1.14968
-3.02564
3.13777
-1.22014
0.506758
-0.180796
0.0655981
-0.0156239
0.0146686
0.0135845
0.0215058
0.0240301
0.0261731
0.024779
0.0220907
0.0171296
0.011577
0.0052614
-0.000256994
-0.00515058
-0.00774296
-0.00904562
-0.00690137
-0.00461392
0.00268038
0.000569145
0.0294994
-0.0530052
0.19211
-0.49619
1.23003
-3.12847
3.22894
-1.29081
0.523923
-0.211344
0.0694455
-0.0274134
0.012352
0.00891803
0.0187446
0.0213123
0.0241203
0.0230778
0.0209113
0.01641
0.0113915
0.00557498
0.000587786
-0.00385138
-0.00592626
-0.00687259
-0.00403424
-0.00163876
0.00765475
0.00328618
0.0417455
-0.0564144
0.223067
-0.513085
1.30096
-3.21951
3.30865
-1.35231
0.537531
-0.23821
0.0737811
-0.0382387
0.0112394
0.00496084
0.0168271
0.0192284
0.0226409
0.0218163
0.0200583
0.0158852
0.0112711
0.00581894
0.0012332
-0.00288352
-0.00455558
-0.00528251
-0.00181653
0.000470395
0.0118959
0.0047816
0.0530271
-0.0602969
0.250371
-0.526389
1.36274
-3.29902
3.37719
-1.40505
0.54772
-0.261255
0.0782546
-0.0479613
0.0111751
0.00166978
0.0156854
0.0177187
0.0216837
0.0209516
0.0194998
0.0155352
0.0112089
0.00599985
0.00169889
-0.00221517
-0.00358748
-0.0042235
-0.000187637
0.00178149
0.0154449
0.00520598
0.0631991
-0.0643081
0.27388
-0.536237
1.41578
-3.36734
3.43492
-1.44947
0.554721
-0.280487
0.0825903
-0.0564657
0.0119954
-0.000989746
0.0152482
0.0167266
0.0211988
0.0204423
0.0192055
0.0153413
0.0111985
0.00612391
0.00200347
-0.00181596
-0.00298054
-0.00364497
0.00090998
0.0023664
0.0183349
0.00471865
0.0721388
-0.0681793
0.293594
-0.542867
1.46054
-3.4248
3.48218
-1.48606
0.558825
-0.296025
0.0865889
-0.0636677
0.0135366
-0.00304576
0.0154415
0.0161994
0.0211375
0.0202494
0.0191462
0.0152858
0.0112337
0.00619707
0.00216459
-0.00165689
-0.00269533
-0.00349742
0.00153041
0.00230016
0.0205933
0.00347976
0.0797552
-0.0717183
0.309629
-0.546569
1.49748
-3.47175
3.51934
-1.51529
0.560342
-0.308076
0.0901226
-0.0695202
0.0156416
-0.00452224
0.0161896
0.0160877
0.0214521
0.0203356
0.0192943
0.0153517
0.0113089
0.00622499
0.00219897
-0.00171027
-0.00269451
-0.00373256
0.00172442
0.00165994
0.0222443
0.00164382
0.0859954
-0.0748048
0.322182
-0.547661
1.52711
-3.50856
3.54675
-1.53766
0.559583
-0.316899
0.0931244
-0.0740143
0.0181661
-0.00544162
0.0174164
0.0163454
0.0220964
0.0206659
0.0196232
0.0155233
0.0114184
0.00621305
0.00212244
-0.00194956
-0.00294265
-0.0043033
0.0015394
0.000523697
0.0233115
-0.000646058
0.0908453
-0.0773796
0.331505
-0.546461
1.54989
-3.53558
3.56477
-1.55363
0.556844
-0.322787
0.0955765
-0.0771772
0.0209819
-0.00582724
0.0190464
0.0169296
0.0230249
0.0212068
0.0201076
0.0157854
0.011557
0.00616638
0.00194995
-0.00234952
-0.00340627
-0.00516383
0.00101977
-0.00103112
0.0238199
-0.00326185
0.0943281
-0.0794316
0.337883
-0.543273
1.56629
-3.55319
3.57375
-1.56365
0.552399
-0.326042
0.0974971
-0.0790676
0.0239792
-0.00570516
0.0210065
0.0177997
0.024194
0.0219269
0.0207234
0.0161238
0.0117198
0.00608995
0.00169562
-0.00288598
-0.00405383
-0.00626973
0.000207098
-0.00292908
0.0237979
-0.00609283
0.0965004
-0.080985
0.341609
-0.538376
1.57676
-3.56172
3.57405
-1.56815
0.546492
-0.326965
0.0989282
-0.0797702
0.027067
-0.00510565
0.0232262
0.0189178
0.025561
0.0227966
0.0214475
0.0165252
0.0119019
0.00598841
0.00137276
-0.0035359
-0.00485559
-0.0075782
-0.000859392
-0.00509785
0.0232785
-0.00904595
0.0974457
-0.0820864
0.342978
-0.532028
1.58172
-3.56155
3.566
-1.56754
0.539345
-0.325843
0.0999255
-0.0793886
0.0301724
-0.00406384
0.0256398
0.0202476
0.0270854
0.023788
0.0222581
0.0169771
0.0120989
0.00586622
0.000993957
-0.00427743
-0.00578361
-0.00904822
-0.00214252
-0.00746942
0.0222997
-0.0120456
0.0972683
-0.0827947
0.34227
-0.524455
1.58158
-3.55302
3.54994
-1.56223
0.531151
-0.322946
0.10055
-0.0780392
0.0332386
-0.00261998
0.0281858
0.0217543
0.0287282
0.0248748
0.0231343
0.0174675
0.0123065
0.0057276
0.000570993
-0.00508981
-0.0068116
-0.0106407
-0.00360677
-0.00998073
0.0209045
-0.0150315
0.0960864
-0.0831725
0.33975
-0.515862
1.57674
-3.53647
3.52618
-1.55258
0.522084
-0.318522
0.100863
-0.0758448
0.0362228
-0.000818953
0.0308085
0.0234045
0.0304528
0.0260325
0.0240567
0.0179855
0.0125208
0.00557658
0.000114922
-0.00595347
-0.00791491
-0.0123186
-0.00521808
-0.0125743
0.0191407
-0.0179573
0.0940258
-0.0832803
0.335663
-0.506427
1.56754
-3.51223
3.49505
-1.53893
0.512295
-0.312797
0.10092
-0.0729301
0.0390932
0.00129032
0.0334575
0.0251656
0.0322245
0.027238
0.0250067
0.0185207
0.012738
0.00541692
-0.000363923
-0.00684991
-0.00907043
-0.0140475
-0.00694343
-0.0151986
0.0170599
-0.0207873
0.091215
-0.0831725
0.330234
-0.496307
1.55433
-3.48062
3.45684
-1.52162
0.501914
-0.305977
0.100771
-0.0694175
0.0418269
0.00365605
0.0360881
0.0270061
0.0340113
0.0284696
0.0259673
0.0190636
0.0129546
0.0052522
-0.000855886
-0.00776192
-0.0102565
-0.0157949
-0.00875104
-0.0178078
0.0147159
-0.0234949
0.0877805
-0.0828952
0.323667
-0.485635
1.53743
-3.44195
3.41184
-1.50094
0.491056
-0.298244
0.100456
-0.0654242
0.0444072
0.00622463
0.0386608
0.0288953
0.0357835
0.0297072
0.0269223
0.0196052
0.0131673
0.00508571
-0.001352
-0.00867344
-0.011453
-0.0175314
-0.0106101
-0.0203617
0.0121643
-0.0260602
0.0838441
-0.0824856
0.316149
-0.474528
1.51714
-3.39653
3.36035
-1.47716
0.479816
-0.289762
0.100009
-0.0610599
0.046822
0.00894199
0.0411414
0.0308036
0.037514
0.0309319
0.0278571
0.0201373
0.0133732
0.00492056
-0.00184397
-0.00956962
-0.012641
-0.0192297
-0.0124906
-0.0228254
0.00946068
-0.0284677
0.07952
-0.0819717
0.307845
-0.463081
1.49371
-3.34464
3.30263
-1.45052
0.468274
-0.280676
0.0994542
-0.0564262
0.0490617
0.0117547
0.0435004
0.0327024
0.0391784
0.0321264
0.028758
0.0206525
0.0135696
0.00475958
-0.00232415
-0.0104369
-0.013803
-0.0208654
-0.0143642
-0.0251692
0.00665957
-0.0307054
0.0749136
-0.0813728
0.298904
-0.451372
1.46739
-3.28656
3.23895
-1.42126
0.456496
-0.271114
0.0988077
-0.0516152
0.0511182
0.0146109
0.0457124
0.0345643
0.0407549
0.0332745
0.029613
0.0211437
0.0137539
0.00460535
-0.00278553
-0.0112629
-0.0149229
-0.0224166
-0.0162035
-0.0273674
0.00381352
-0.0327633
0.0701209
-0.0807006
0.28946
-0.439462
1.43842
-3.22256
3.16957
-1.38957
0.44453
-0.261187
0.0980795
-0.0467098
0.0529843
0.0174616
0.0477562
0.0363636
0.0422242
0.0343616
0.0304109
0.0216049
0.013924
0.00446022
-0.00322176
-0.0120365
-0.0159859
-0.0238641
-0.0179827
-0.0293988
0.000972218
-0.0346324
0.0652278
-0.0799603
0.279629
-0.427397
1.40698
-3.15291
3.09475
-1.35563
0.432413
-0.250994
0.0972731
-0.0417835
0.0546529
0.0202609
0.0496139
0.0380762
0.0435696
0.0353742
0.0311422
0.0220303
0.0140779
0.00432624
-0.00362708
-0.0127479
-0.0169785
-0.0251911
-0.0196777
-0.0312453
-0.00181829
-0.0363045
0.0603101
-0.0791511
0.269514
-0.415207
1.37327
-3.07784
3.01472
-1.31961
0.420168
-0.240618
0.0963866
-0.0369008
0.0561169
0.0229671
0.0512706
0.0396799
0.0447768
0.0363003
0.0317984
0.0224151
0.014214
0.00420531
-0.00399643
-0.0133887
-0.0178886
-0.0263833
-0.0212664
-0.0328923
-0.00451599
-0.0377718
0.0554344
-0.0782678
0.259201
-0.402911
1.33744
-2.99761
2.92972
-1.28163
0.407806
-0.23013
0.0954139
-0.0321178
0.0573691
0.0255424
0.0527145
0.0411547
0.0458341
0.0371295
0.0323723
0.0227549
0.0143309
0.00409897
-0.00432534
-0.0139514
-0.0187056
-0.0274288
-0.0227287
-0.0343278
-0.00708332
-0.0390266
0.0506581
-0.077301
0.248767
-0.390514
1.29964
-2.91244
2.83997
-1.24182
0.395327
-0.21959
0.0943449
-0.0274823
0.0584025
0.027954
0.0539363
0.0424828
0.0467319
0.0378525
0.032858
0.0230461
0.0144275
0.00400853
-0.00460997
-0.0144299
-0.0194202
-0.028318
-0.024047
-0.0355426
-0.00948731
-0.0400615
0.0460298
-0.0762384
0.238275
-0.378012
1.25999
-2.82256
2.74571
-1.20029
0.382721
-0.209048
0.0931664
-0.0230348
0.0592101
0.0301735
0.0549289
0.0436489
0.0474629
0.0384617
0.033251
0.0232857
0.0145029
0.00393504
-0.0048471
-0.0148196
-0.0200246
-0.0290436
-0.025206
-0.0365298
-0.0116998
-0.0408696
0.0415905
-0.0750655
0.227776
-0.365389
1.2186
-2.72818
2.64713
-1.15713
0.369968
-0.198544
0.0918631
-0.0188086
0.0597854
0.0321772
0.0556876
0.0446405
0.0480221
0.038951
0.0335476
0.0234714
0.0145564
0.00387932
-0.00503421
-0.0151167
-0.0205126
-0.0296003
-0.0261929
-0.0372846
-0.0136973
-0.0414443
0.0373737
-0.0737654
0.217312
-0.352623
1.17556
-2.6295
2.54444
-1.1124
0.357039
-0.188109
0.0904179
-0.0148307
0.0601228
0.0339465
0.05621
0.0454477
0.0484063
0.0393157
0.0337458
0.0236013
0.0145878
0.0038419
-0.00516936
-0.015319
-0.0208793
-0.029985
-0.0269978
-0.0378046
-0.0154611
-0.0417802
0.0334063
-0.0723203
0.206916
-0.339682
1.13095
-2.52673
2.43785
-1.06619
0.343901
-0.177767
0.0888123
-0.0111221
0.0602177
0.0354669
0.0564956
0.0460631
0.0486147
0.0395527
0.0338444
0.0236743
0.0145969
0.00382311
-0.00525128
-0.015425
-0.0211215
-0.0301965
-0.0276136
-0.0380895
-0.0169771
-0.0418727
0.0297092
-0.0707115
0.196613
-0.326527
1.08484
-2.42007
2.32754
-1.01854
0.330512
-0.167536
0.0870276
-0.00769816
0.0600667
0.0367287
0.0565463
0.0464824
0.0486481
0.0396606
0.0338436
0.0236902
0.0145839
0.00382298
-0.00527937
-0.0154348
-0.0212377
-0.0302359
-0.0280356
-0.0381411
-0.0182356
-0.0417188
0.0262974
-0.0689198
0.186419
-0.313118
1.03729
-2.3097
2.21372
-0.9695
0.316825
-0.157429
0.0850448
-0.00456968
0.0596686
0.0377264
0.056366
0.0467042
0.0485097
0.0396396
0.0337445
0.023649
0.0145492
0.00384134
-0.00525366
-0.0153495
-0.0212279
-0.0301059
-0.0282624
-0.0379633
-0.0192314
-0.0413173
0.0231813
-0.0669266
0.176349
-0.299404
0.988344
-2.19582
2.09656
-0.919121
0.302793
-0.147454
0.0828458
-0.00174283
0.0590238
0.0384589
0.0559613
0.0467296
0.0482041
0.0394913
0.0335496
0.0235517
0.0144932
0.00387778
-0.00517481
-0.0151712
-0.0210935
-0.0298113
-0.0282951
-0.0375627
-0.0199632
-0.040669
0.0203666
-0.0647136
0.166409
-0.285338
0.938053
-2.07861
1.97628
-0.86745
0.288364
-0.137619
0.0804136
0.000780084
0.0581356
0.0389287
0.0553409
0.0465628
0.0477382
0.039219
0.0332623
0.0233997
0.0144169
0.00393164
-0.00504419
-0.0149032
-0.0208378
-0.0293587
-0.0281379
-0.0369478
-0.020434
-0.0397772
0.0178551
-0.0622644
0.156607
-0.270868
0.886464
-1.95827
1.85308
-0.814541
0.273492
-0.127931
0.0777339
0.00300016
0.0570099
0.0391425
0.0545159
0.0462107
0.0471207
0.0388277
0.0328871
0.0231952
0.0143214
0.00400206
-0.00486377
-0.01455
-0.0204656
-0.0287567
-0.0277974
-0.0361301
-0.0206503
-0.0386482
0.0156454
-0.0595648
0.146949
-0.255945
0.833633
-1.83501
1.72718
-0.760467
0.258132
-0.118398
0.0747953
0.0049214
0.0556562
0.0391107
0.0535004
0.0456829
0.046362
0.0383239
0.0324295
0.022941
0.0142077
0.00408792
-0.00463615
-0.0141168
-0.0199832
-0.0280157
-0.0272834
-0.0351234
-0.0206226
-0.0372915
0.0137329
-0.0566039
0.137443
-0.240526
0.779629
-1.70904
1.59885
-0.705321
0.242248
-0.109036
0.0715915
0.00655013
0.0540878
0.0388471
0.0523111
0.0449917
0.0454746
0.0377155
0.0318961
0.0226403
0.0140774
0.00418799
-0.00436464
-0.0136103
-0.0193986
-0.0271481
-0.026608
-0.0339445
-0.0203649
-0.0357206
0.012111
-0.0533758
0.128103
-0.224575
0.724549
-1.58064
1.46837
-0.649242
0.225822
-0.0998694
0.0681222
0.00789456
0.0523223
0.0383692
0.0509677
0.0441522
0.0444727
0.0370122
0.0312946
0.0222974
0.013932
0.00430073
-0.00405313
-0.0130378
-0.0187212
-0.026168
-0.0257861
-0.0326131
-0.0198948
-0.0339535
0.010771
-0.0498807
0.118954
-0.208073
0.668527
-1.45008
1.33613
-0.592425
0.208855
-0.0909356
0.064396
0.00896426
0.0503825
0.0376979
0.0494931
0.0431818
0.0433725
0.0362249
0.0306334
0.0219166
0.0137733
0.00442445
-0.00370611
-0.0124078
-0.017962
-0.0250915
-0.0248354
-0.031152
-0.0192333
-0.0320131
0.00970317
-0.0461278
0.110033
-0.191023
0.611761
-1.31776
1.20259
-0.535158
0.191381
-0.0822914
0.0604319
0.0097698
0.048297
0.0368577
0.0479132
0.0421007
0.042192
0.0353663
0.029922
0.0215033
0.0136034
0.00455724
-0.00332866
-0.0117298
-0.0171335
-0.0239364
-0.0237757
-0.0295872
-0.0184046
-0.0299282
0.00889663
-0.0421369
0.101395
-0.173461
0.554537
-1.18413
1.0684
-0.477856
0.17348
-0.0740175
0.056263
0.0103226
0.046101
0.0358763
0.0462577
0.0409315
0.0409508
0.0344502
0.0291709
0.0210631
0.0134243
0.00469703
-0.00292649
-0.011014
-0.0162494
-0.0227227
-0.0226298
-0.0279484
-0.0174367
-0.0277341
0.00833982
-0.0379415
0.0931216
-0.155467
0.497271
-1.04984
0.934431
-0.42112
0.155294
-0.0662247
0.0519385
0.0106351
0.0438365
0.0347851
0.0445593
0.0396992
0.0396707
0.0334918
0.0283913
0.0206023
0.0132383
0.00484156
-0.00250581
-0.0102718
-0.015325
-0.0214717
-0.0214224
-0.0262683
-0.0163609
-0.0254734
0.00802024
-0.0335921
0.0853233
-0.137185
0.440563
-0.915768
0.801907
-0.365811
0.137043
-0.0590592
0.0475279
0.0107213
0.041554
0.0336191
0.0428546
0.038431
0.038375
0.0325076
0.0275954
0.0201276
0.0130479
0.0049884
-0.00207336
-0.0095153
-0.0143767
-0.0202069
-0.0201809
-0.0245835
-0.0152121
-0.0231965
0.00792395
-0.0291589
0.0781469
-0.118839
0.385277
-0.783134
0.672582
-0.313145
0.119054
-0.0527022
0.043124
0.0105988
0.0393124
0.0324177
0.0411842
0.0371569
0.037089
0.0315158
0.0267962
0.0196465
0.0128556
0.00513492
-0.00163662
-0.00875757
-0.0134226
-0.0189535
-0.0189351
-0.0229346
-0.0140297
-0.0209627
0.00803338
-0.0247359
0.071774
-0.100758
0.332631
-0.653697
0.548894
-0.264686
0.101708
-0.0473329
0.0388288
0.0103
0.0371762
0.0312277
0.0395918
0.0359111
0.0358406
0.0305369
0.0260086
0.0191676
0.0126644
0.00527822
-0.00120412
-0.00801332
-0.0124832
-0.0177394
-0.0177191
-0.0213652
-0.0128603
-0.0188365
0.00831642
-0.0204262
0.0663849
-0.0833287
0.28419
-0.529893
0.43396
-0.222347
0.085225
-0.0430634
0.034701
0.00988434
0.0351994
0.0301027
0.0381158
0.0347263
0.034652
0.0295875
0.0252427
0.0186969
0.0124758
0.00541619
-0.000782545
-0.00729339
-0.0115757
-0.0165871
-0.0165656
-0.0199137
-0.0117576
-0.016872
0.00871324
-0.0162896
0.0620913
-0.066774
0.241871
-0.414843
0.333305
-0.190816
0.0704706
-0.0403872
0.0309593
0.0093136
0.0334749
0.0290552
0.0367905
0.0336031
0.0335269
0.0286592
0.0244929
0.0182274
0.0122875
0.00554882
-0.00036692
-0.00659394
-0.0106932
-0.0155017
-0.0154768
-0.0186157
-0.0107349
-0.0151634
0.00926157
-0.0125476
0.0593866
-0.0519688
0.210367
-0.314072
0.264692
-0.184482
0.0651088
-0.0421786
0.0294465
0.00800846
0.0325204
0.0279803
0.0358069
0.0325526
0.032566
0.0277881
0.0238172
0.017781
0.0121187
0.00566367
2.72392e-05
-0.00596735
-0.00986656
-0.0145803
-0.0144596
-0.0176608
-0.00968275
-0.0142307
0.0105491
-0.0110536
0.0611629
-0.0466033
0.204077
-0.245357
-0.000461736
-0.031246
-0.0315467
0.0627331
0.205968
0.343546
0.469017
0.591329
0.707855
0.798773
0.83519
0.791492
0.656094
0.43619
0.157156
-0.143196
-0.422466
-0.6429
-0.779118
-0.82377
-0.788204
-0.697881
-0.58171
-0.459605
-0.334254
-0.196727
-0.0534858
0.0408144
0.0405202
0.00976505
-0.00567044
-0.0388108
-0.0149894
0.102705
0.246306
0.372077
0.484707
0.593294
0.692962
0.764816
0.784479
0.73206
0.60003
0.396165
0.142648
-0.128683
-0.382414
-0.586767
-0.719573
-0.772931
-0.754141
-0.682922
-0.583637
-0.475267
-0.362762
-0.237051
-0.0934566
0.0242575
0.0480844
0.0149624
-0.0124953
-0.0422166
0.00924614
0.143096
0.279973
0.392107
0.491657
0.585938
0.668661
0.722773
0.728302
0.670123
0.543692
0.35678
0.128512
-0.114532
-0.342986
-0.530338
-0.657498
-0.716597
-0.711964
-0.658533
-0.576232
-0.482185
-0.382767
-0.270703
-0.133843
2.08607e-05
0.0514886
0.0217815
-0.0209644
-0.0400486
0.0398457
0.182192
0.307921
0.40644
0.493632
0.574488
0.642146
0.681544
0.676316
0.614852
0.494572
0.322917
0.116443
-0.102433
-0.30907
-0.481119
-0.602079
-0.664442
-0.670586
-0.631916
-0.564724
-0.484126
-0.397075
-0.298632
-0.172931
-0.0305783
0.0493194
0.0302476
-0.0307384
-0.030941
0.076212
0.219786
0.331441
0.41659
0.49181
0.559854
0.613853
0.640678
0.626971
0.563831
0.450043
0.292556
0.105682
-0.09163
-0.278643
-0.436482
-0.550906
-0.61492
-0.629561
-0.60351
-0.550025
-0.482267
-0.407199
-0.322133
-0.210513
-0.066941
0.0402135
0.0400215
-0.0409361
-0.0135467
0.116899
0.254453
0.350307
0.422628
0.486272
0.542185
0.583872
0.599997
0.579696
0.51617
0.409127
0.264938
0.0959458
-0.0818392
-0.25095
-0.395452
-0.503086
-0.567464
-0.588711
-0.573407
-0.532283
-0.47669
-0.413211
-0.340978
-0.245167
-0.10762
0.0228244
0.0502218
-0.0501657
0.0129537
0.159834
0.28478
0.364347
0.42463
0.477202
0.521846
0.552646
0.559849
0.534631
0.47178
0.371603
0.23985
0.0871464
-0.0729741
-0.225778
-0.357809
-0.458535
-0.522212
-0.548387
-0.542047
-0.511863
-0.467577
-0.415189
-0.354999
-0.275479
-0.150545
-0.00366674
0.0594573
-0.0565741
0.0486256
0.202637
0.309791
0.373689
0.422811
0.464911
0.499287
0.520639
0.520566
0.491878
0.430546
0.337237
0.217075
0.0791968
-0.0649479
-0.202909
-0.323316
-0.417135
-0.479267
-0.508919
-0.509896
-0.489214
-0.45524
-0.413346
-0.364323
-0.300475
-0.193335
-0.039326
0.0658754
-0.0579102
0.0926783
0.24284
0.328964
0.378621
0.417422
0.449749
0.474953
0.488257
0.48239
0.451456
0.392297
0.305768
0.196387
0.0720091
-0.0576735
-0.182119
-0.291714
-0.378715
-0.438647
-0.470549
-0.477358
-0.46478
-0.440026
-0.407932
-0.369241
-0.319634
-0.233525
-0.083364
0.0672249
-0.0516346
0.143426
0.278125
0.342211
0.379504
0.40873
0.432093
0.44927
0.455854
0.445511
0.413356
0.356861
0.276954
0.177587
0.0655059
-0.0510741
-0.163208
-0.262761
-0.343103
-0.400343
-0.433466
-0.444788
-0.438986
-0.422311
-0.399213
-0.370111
-0.332871
-0.268799
-0.134097
0.0609653
-0.0350707
0.198333
0.306544
0.34984
0.376716
0.39702
0.412339
0.422643
0.423743
0.410079
0.377551
0.324076
0.250583
0.160497
0.0596195
-0.0450827
-0.146
-0.236245
-0.310138
-0.364327
-0.397821
-0.412497
-0.412236
-0.402489
-0.387474
-0.367311
-0.340493
-0.297209
-0.18899
0.0444186
-0.005586
0.254138
0.326715
0.35247
0.370614
0.382604
0.390893
0.39545
0.392194
0.37621
0.343997
0.293786
0.226457
0.144961
0.0542905
-0.0396407
-0.130339
-0.211969
-0.279662
-0.330557
-0.363728
-0.380754
-0.384904
-0.380964
-0.373023
-0.361197
-0.343118
-0.317375
-0.244785
0.0149504
0.0392129
0.307071
0.337968
0.350916
0.361502
0.36582
0.368161
0.368031
0.361435
0.343986
0.312639
0.265842
0.2044
0.130839
0.0494659
-0.0346959
-0.116087
-0.189757
-0.251527
-0.298975
-0.331271
-0.349788
-0.357334
-0.358142
-0.356198
-0.352071
-0.34156
-0.328627
-0.297713
-0.0298345
0.10129
0.353118
0.340408
0.346061
0.349631
0.34704
0.344535
0.340694
0.331657
0.313462
0.283411
0.240099
0.184248
0.118008
0.0450992
-0.0302025
-0.103119
-0.169446
-0.225591
-0.269518
-0.300504
-0.319788
-0.329828
-0.334412
-0.337366
-0.340182
-0.336702
-0.331068
-0.343758
-0.0919023
0.182015
0.388326
0.334904
0.338727
0.335206
0.326662
0.320381
0.313705
0.303015
0.284671
0.256242
0.216424
0.165855
0.106354
0.0411486
-0.0261195
-0.0913235
-0.15089
-0.201718
-0.242115
-0.27146
-0.29091
-0.302654
-0.310138
-0.316927
-0.325734
-0.329364
-0.325568
-0.37897
-0.172622
0.282031
0.409116
0.323001
0.32957
0.318419
0.305108
0.296031
0.287296
0.275633
0.257625
0.231054
0.194688
0.149087
0.0957786
0.0375773
-0.0224106
-0.0806022
-0.133956
-0.179783
-0.216689
-0.244151
-0.263278
-0.276044
-0.285654
-0.295299
-0.308915
-0.320199
-0.313668
-0.399766
-0.27264
0.401188
0.412564
0.306756
0.318999
0.299479
0.282811
0.271779
0.261665
0.249605
0.232318
0.207769
0.174771
0.13382
0.0861909
0.0343522
-0.0190436
-0.0708654
-0.118521
-0.159665
-0.193161
-0.218574
-0.236986
-0.250192
-0.261248
-0.272913
-0.289934
-0.309616
-0.297424
-0.403223
-0.391804
0.538525
0.396629
0.288528
0.307148
0.278651
0.26019
0.247872
0.236977
0.225002
0.208733
0.186303
0.156559
0.119942
0.0775101
0.0314435
-0.0159893
-0.0620326
-0.104474
-0.14125
-0.171451
-0.194712
-0.212104
-0.225266
-0.237168
-0.250187
-0.269054
-0.297745
-0.279196
-0.387296
-0.529154
0.692324
0.360303
0.270752
0.293883
0.256286
0.237637
0.224516
0.21337
0.20187
0.18684
0.166576
0.139944
0.10735
0.0696629
0.0288247
-0.013222
-0.0540313
-0.0917118
-0.124434
-0.151478
-0.172535
-0.18868
-0.201401
-0.213619
-0.227511
-0.246623
-0.284452
-0.261413
-0.350976
-0.682968
0.86021
0.303669
0.2557
0.278851
0.232831
0.215489
0.20188
0.190956
0.180234
0.166601
0.148505
0.124826
0.0959502
0.0625827
0.0264718
-0.0107181
-0.0467955
-0.0801419
-0.109115
-0.133161
-0.152007
-0.166741
-0.178711
-0.190769
-0.205221
-0.223088
-0.269383
-0.246347
-0.294345
-0.850869
1.03931
0.227863
0.245279
0.261567
0.208833
0.194015
0.180102
0.169823
0.160105
0.14797
0.132008
0.111109
0.0856555
0.0562093
0.024363
-0.00845663
-0.0402654
-0.0696777
-0.0951998
-0.116419
-0.133083
-0.146297
-0.157283
-0.168753
-0.183584
-0.198992
-0.252048
-0.235906
-0.218536
-1.02998
1.22641
0.134953
0.240883
0.241506
0.184916
0.173401
0.159295
0.150037
0.141477
0.130895
0.117005
0.098704
0.0763856
0.0504873
0.0224785
-0.00641833
-0.0343865
-0.0602397
-0.0825987
-0.101175
-0.115715
-0.127343
-0.137183
-0.147687
-0.162785
-0.17496
-0.231924
-0.231479
-0.125616
-1.2171
1.41819
0.0277446
0.243298
0.218216
0.161746
0.153747
0.139561
0.131639
0.12433
0.11532
0.103416
0.087525
0.0680666
0.0453665
0.0208005
-0.00458584
-0.0291089
-0.0517543
-0.071228
-0.0873485
-0.0998471
-0.109864
-0.118455
-0.127671
-0.142921
-0.151654
-0.208554
-0.233852
-0.018389
-1.40888
1.61136
-0.0904592
0.252683
0.191398
0.139987
0.135071
0.120993
0.114651
0.108636
0.101186
0.0911645
0.0774923
0.0606295
0.0408003
0.0193125
-0.00294325
-0.0243866
-0.0441532
-0.0610081
-0.0748651
-0.0854224
-0.0938325
-0.101121
-0.108796
-0.12401
-0.129737
-0.18164
-0.243183
0.0998434
-1.60205
1.80285
-0.216111
0.268618
0.16098
0.120244
0.117323
0.10368
0.0990741
0.0943605
0.0884299
0.0801743
0.06853
0.0540106
0.0367462
0.0179993
-0.001476
-0.0201776
-0.0373731
-0.051864
-0.0636501
-0.0723803
-0.0792154
-0.0851832
-0.0911542
-0.106002
-0.109812
-0.151107
-0.259048
0.225535
-1.79352
1.98991
-0.345668
0.290197
0.127152
0.103024
0.100407
0.08771
0.0848861
0.0814601
0.0769868
0.0703721
0.060566
0.0481502
0.0331646
0.0168471
-0.000170698
-0.0164426
-0.0313548
-0.0437242
-0.0536313
-0.0606582
-0.0659736
-0.0706232
-0.074833
-0.0887974
-0.092384
-0.117142
-0.280542
0.355144
-1.98056
2.17022
-0.475806
0.316166
0.0903631
0.0886861
0.0842009
0.0731671
0.0720472
0.0698898
0.06679
0.0616864
0.053532
0.0429926
0.030019
0.0158431
0.00098502
-0.0131457
-0.0260429
-0.0365207
-0.0447382
-0.0501914
-0.0540648
-0.0574035
-0.0599184
-0.0722758
-0.0778117
-0.0801924
-0.306409
0.485347
-2.16083
2.34192
-0.603583
0.345076
0.0512923
0.0774278
0.0685837
0.0601271
0.0605009
0.059602
0.0577713
0.0540479
0.047363
0.0384857
0.0272751
0.0149754
0.00200259
-0.0102529
-0.0213856
-0.030189
-0.0369025
-0.0409138
-0.0434444
-0.0454709
-0.0464884
-0.056316
-0.0662897
-0.0409361
-0.335197
0.613204
-2.33246
2.50358
-0.72655
0.37543
0.0107921
0.06927
0.0534568
0.0486514
0.0501772
0.0505475
0.0498613
0.0473899
0.041997
0.0345804
0.0249013
0.0142329
0.00289265
-0.0077329
-0.0173341
-0.0246674
-0.0300582
-0.0327576
-0.0340663
-0.0347591
-0.034607
-0.0408202
-0.0578385
-0.000222931
-0.365407
0.736268
-2.49405
2.65421
-0.842796
0.405816
-0.0301851
0.0640699
0.038761
0.03878
0.0409969
0.042676
0.0429899
0.0416478
0.037375
0.0312307
0.0228678
0.0136054
0.00366512
-0.00555625
-0.0138424
-0.0198968
-0.024141
-0.0256545
-0.0258835
-0.0251932
-0.024318
-0.0257307
-0.0523148
0.0409968
-0.395625
0.852629
-2.64459
2.7932
-0.950944
0.435001
-0.0706648
0.0615447
0.0244856
0.0305254
0.0328764
0.0359365
0.0370869
0.0367594
0.0334405
0.0283929
0.0211466
0.0130832
0.00432928
-0.00369528
-0.0108673
-0.0158209
-0.0190891
-0.0195353
-0.0188478
-0.0166938
-0.0156382
-0.0110393
-0.0494357
0.0817502
-0.424616
0.960914
-2.78347
2.92023
-1.05011
0.462001
-0.109723
0.0613068
0.0106711
0.0238683
0.025732
0.0302762
0.0320821
0.0326647
0.0301395
0.0260261
0.0197115
0.0126573
0.0048938
-0.00212399
-0.00836773
-0.0123855
-0.0148424
-0.0143309
-0.0129092
-0.00918147
-0.00855299
0.00321
-0.0488147
0.121115
-0.451394
1.06024
-2.91036
3.0352
-1.13983
0.486104
-0.146548
0.062905
-0.00259559
0.0187554
0.0194838
0.0256407
0.0279065
0.0293057
0.0274203
0.0240913
0.0185377
0.0123192
0.00536688
-0.000817866
-0.0063048
-0.00953893
-0.011343
-0.00997267
-0.00801545
-0.00258078
-0.00301438
0.0169262
-0.0500026
0.158279
-0.475244
1.15015
-3.02518
3.13821
-1.21997
0.506863
-0.180479
0.0658653
-0.0151924
0.0151003
0.0140593
0.0219725
0.0244924
0.0266266
0.0252335
0.0225515
0.0176017
0.0120609
0.00575621
0.000246267
-0.00464163
-0.0072314
-0.00853435
-0.00639309
-0.0041108
0.00317686
0.00105841
0.0299819
-0.0525285
0.192582
-0.495721
1.2305
-3.12801
3.22945
-1.29065
0.524074
-0.211032
0.0697287
-0.0269763
0.012787
0.00939519
0.0192111
0.0217743
0.0245732
0.0235318
0.0213716
0.0168815
0.0118748
0.00606909
0.00109031
-0.00334317
-0.0054154
-0.00636194
-0.00352643
-0.00113589
0.00815123
0.00377567
0.0422283
-0.0559375
0.22354
-0.512616
1.30143
-3.21904
3.30921
-1.35216
0.537724
-0.237903
0.07408
-0.0377988
0.0116761
0.0054384
0.0172923
0.0196895
0.023093
0.0222699
0.0205182
0.0163562
0.0117538
0.00631241
0.00173501
-0.00237604
-0.00404543
-0.00477249
-0.00130921
0.000972983
0.0123924
0.00527127
0.0535102
-0.0598197
0.250844
-0.52592
1.36321
-3.29856
3.37779
-1.40488
0.547951
-0.260952
0.0785683
-0.0475213
0.0116121
0.00214583
0.0161482
0.0181783
0.0221348
0.0214047
0.0199595
0.016006
0.0116911
0.00649274
0.00220003
-0.00170841
-0.00307805
-0.00371415
0.000319159
0.00228376
0.0159413
0.0056958
0.0636824
-0.0638307
0.274353
-0.535768
1.41625
-3.36688
3.43555
-1.44929
0.554985
-0.280187
0.0829175
-0.0560279
0.0124312
-0.000516938
0.0157076
0.0171842
0.0216488
0.0208951
0.019665
0.0158119
0.0116804
0.00661631
0.00250398
-0.0013099
-0.00247183
-0.00313628
0.00141622
0.0028683
0.0188312
0.00520856
0.0726223
-0.0677016
0.294067
-0.542398
1.461
-3.42433
3.48283
-1.48585
0.559117
-0.295727
0.0869279
-0.0632341
0.0139699
-0.00257775
0.0158967
0.0166545
0.0215862
0.0207019
0.0196057
0.0157564
0.0117154
0.00668904
0.00266451
-0.00115153
-0.00218734
-0.00298942
0.00203608
0.00280167
0.0210894
0.00396971
0.0802389
-0.0712405
0.310102
-0.5461
1.49795
-3.47129
3.52
-1.51506
0.560658
-0.307778
0.0904712
-0.0690926
0.0160712
-0.0040604
0.01664
0.01654
0.0218996
0.020788
0.0197539
0.0158224
0.0117904
0.0067166
0.00269835
-0.00120557
-0.00218724
-0.00322526
0.00222949
0.00216102
0.0227402
0.00213374
0.0864792
-0.0743269
0.322655
-0.547192
1.52757
-3.5081
3.54741
-1.5374
0.55992
-0.316601
0.0934806
-0.0735941
0.0185909
-0.00498704
0.0178616
0.0167946
0.0225426
0.0211182
0.0200831
0.0159942
0.0118999
0.00670438
0.00262131
-0.0014455
-0.00243608
-0.00379669
0.00204386
0.00102431
0.0238071
-0.000156231
0.0913291
-0.0769015
0.331978
-0.545992
1.55035
-3.53512
3.56543
-1.55333
0.557198
-0.322488
0.0959379
-0.0767654
0.021401
-0.00538076
0.0194861
0.0173754
0.0234699
0.021659
0.0205679
0.0162566
0.0120386
0.00665751
0.00244838
-0.00184607
-0.00290039
-0.00465791
0.00152361
-0.000531011
0.0243152
-0.00277218
0.094812
-0.0789535
0.338356
-0.542804
1.56675
-3.55272
3.5744
-1.56331
0.552766
-0.325741
0.0978614
-0.0786649
0.0243917
-0.00526733
0.0214405
0.0182423
0.0246377
0.0223791
0.0211841
0.0165955
0.0122015
0.00658094
0.00219365
-0.0023831
-0.00354862
-0.0057645
0.000710298
-0.0024295
0.0242928
-0.00560338
0.0969841
-0.0805068
0.342082
-0.537908
1.57722
-3.56126
3.57469
-1.56777
0.546869
-0.326661
0.0992933
-0.079377
0.0274724
-0.00467677
0.0236546
0.019357
0.0260036
0.023249
0.0219088
0.0169975
0.0123839
0.00647935
0.00187047
-0.00303356
-0.00435104
-0.00707365
-0.000356832
-0.00459881
0.023773
-0.00855678
0.0979293
-0.0816084
0.343451
-0.531559
1.58219
-3.56109
3.56662
-1.56713
0.539728
-0.325537
0.100289
-0.0790052
0.0305703
-0.00364392
0.0260626
0.0206835
0.027527
0.0242406
0.02272
0.0174499
0.0125813
0.00635718
0.00149139
-0.00377557
-0.00527967
-0.00854434
-0.0016406
-0.00697094
0.0227937
-0.0115568
0.0977517
-0.0823168
0.342743
-0.523987
1.58205
-3.55256
3.55053
-1.56178
0.531539
-0.322637
0.100911
-0.0776653
0.0336287
-0.00220879
0.0286034
0.0221871
0.029169
0.0253277
0.0235971
0.0179411
0.0127894
0.00621866
0.00106821
-0.0045884
-0.00630826
-0.0101374
-0.00310549
-0.00948284
0.021398
-0.0145431
0.0965695
-0.0826949
0.340223
-0.515394
1.5772
-3.53601
3.52675
-1.55209
0.522474
-0.318211
0.10122
-0.0754802
0.0366052
-0.000416075
0.0312213
0.0238345
0.0308929
0.0264859
0.0245203
0.0184599
0.0130042
0.00606781
0.000611992
-0.00545246
-0.00741212
-0.011816
-0.00471743
-0.012077
0.0196337
-0.0174693
0.0945086
-0.0828029
0.336135
-0.505959
1.568
-3.51177
3.49558
-1.53842
0.512684
-0.312485
0.101272
-0.0725744
0.0394681
0.0016855
0.0338659
0.0255931
0.0326642
0.0276919
0.0254713
0.018996
0.013222
0.00590841
0.000133062
-0.00634925
-0.00856816
-0.0135455
-0.00644341
-0.0147019
0.0175523
-0.0202997
0.0916973
-0.0826954
0.330706
-0.495839
1.5548
-3.48016
3.45734
-1.52108
0.5023
-0.305664
0.101117
-0.0690699
0.0421948
0.00404429
0.0364926
0.0274314
0.0344508
0.0289242
0.026433
0.0195399
0.0134393
0.00574401
-0.00035892
-0.00726155
-0.00975474
-0.0152935
-0.00825163
-0.0173117
0.0152078
-0.0230079
0.0882624
-0.0824185
0.324139
-0.485168
1.5379
-3.44149
3.41231
-1.50036
0.491437
-0.297931
0.100796
-0.065084
0.0447687
0.00660683
0.039062
0.0293189
0.036223
0.0301626
0.0273892
0.0200826
0.0136528
0.00557793
-0.000854984
-0.00817331
-0.0109516
-0.0170305
-0.0101112
-0.0198661
0.0126556
-0.0255737
0.0843255
-0.0820094
0.31662
-0.474062
1.5176
-3.39607
3.36078
-1.47656
0.480191
-0.289449
0.100342
-0.0607262
0.0471778
0.00931913
0.0415401
0.031226
0.0379538
0.0313883
0.0283252
0.0206159
0.0138596
0.00541325
-0.00134684
-0.00906967
-0.01214
-0.0187293
-0.0119924
-0.0223305
0.00995142
-0.0279817
0.0800009
-0.0814959
0.308315
-0.462615
1.49417
-3.34418
3.30303
-1.44991
0.468642
-0.280364
0.0997802
-0.0560981
0.0494125
0.0121278
0.0438972
0.033124
0.0396189
0.0325839
0.0292276
0.0211323
0.0140568
0.00525281
-0.00182684
-0.00993704
-0.0133023
-0.0203655
-0.0138665
-0.0246748
0.00714976
-0.03022
0.075394
-0.0808975
0.299375
-0.450907
1.46786
-3.2861
3.23932
-1.42063
0.456854
-0.270803
0.0991273
-0.0512916
0.0514651
0.0149811
0.0461081
0.0349857
0.0411962
0.0337334
0.0300841
0.0216249
0.0142422
0.00509921
-0.00228797
-0.0107631
-0.0144225
-0.0219172
-0.0157063
-0.0268736
0.00430314
-0.0322784
0.0706008
-0.0802259
0.28993
-0.438997
1.43888
-3.22211
3.16991
-1.38893
0.444878
-0.260879
0.0983931
-0.0463897
0.0533283
0.0178299
0.0481515
0.0367854
0.0426668
0.034822
0.0308837
0.0220875
0.0144134
0.00495477
-0.00272387
-0.0115367
-0.0154857
-0.023365
-0.017486
-0.0289055
0.00146129
-0.034148
0.0657071
-0.0794861
0.280099
-0.426932
1.40744
-3.15245
3.09505
-1.35498
0.43275
-0.250687
0.0975813
-0.0414658
0.054995
0.0206285
0.0500095
0.0384989
0.0440137
0.0358363
0.0316167
0.0225144
0.0145685
0.00482156
-0.00312881
-0.0122481
-0.0164785
-0.0246924
-0.0191815
-0.0307525
-0.00132975
-0.0358207
0.0607889
-0.0786775
0.269982
-0.414743
1.37373
-3.07739
3.01499
-1.31895
0.420494
-0.240313
0.0966902
-0.0365845
0.0564582
0.023335
0.0516675
0.0401041
0.0452229
0.0367645
0.0322748
0.0229008
0.0147058
0.00470146
-0.0034977
-0.0128887
-0.0173888
-0.0258849
-0.0207706
-0.0324
-0.00402797
-0.0372885
0.0559126
-0.0777947
0.259669
-0.402448
1.3379
-2.99716
2.92995
-1.28097
0.408121
-0.229827
0.0957135
-0.0318018
0.0577107
0.0259117
0.0531134
0.0415809
0.0462825
0.0375958
0.0328508
0.0232423
0.0148241
0.00459602
-0.00382608
-0.0134512
-0.0182059
-0.0269306
-0.0222333
-0.033836
-0.00659578
-0.0385439
0.0511357
-0.0768285
0.249235
-0.390052
1.3001
-2.91199
2.84018
-1.24117
0.395631
-0.21929
0.0946414
-0.0271657
0.0587454
0.0283256
0.0543378
0.0429117
0.047183
0.0383212
0.0333387
0.0235353
0.014922
0.00450656
-0.00411012
-0.0139295
-0.0189205
-0.0278201
-0.0235519
-0.0350512
-0.00900023
-0.0395793
0.0465069
-0.0757665
0.238742
-0.37755
1.26044
-2.8221
2.74589
-1.19965
0.383014
-0.20875
0.0934609
-0.0227165
0.0595554
0.0305485
0.0553339
0.0440811
0.047917
0.0389331
0.0337339
0.0237768
0.0149989
0.00443412
-0.00434661
-0.0143189
-0.0195248
-0.0285457
-0.0247111
-0.0360387
-0.0112131
-0.0403878
0.0420671
-0.074594
0.228242
-0.364928
1.21905
-2.72772
2.64729
-1.1565
0.37025
-0.198247
0.0921565
-0.0184876
0.0601342
0.0325566
0.0560968
0.0450765
0.0484796
0.0394252
0.0340331
0.0239644
0.015054
0.00437951
-0.00453299
-0.0146156
-0.0200127
-0.0291025
-0.0256983
-0.0367939
-0.013211
-0.040963
0.0378499
-0.0732945
0.217778
-0.352162
1.17601
-2.62905
2.54458
-1.11179
0.357311
-0.187814
0.0907111
-0.014506
0.060476
0.034331
0.0566241
0.045888
0.0488676
0.039793
0.0342338
0.0240964
0.015087
0.00434327
-0.00466736
-0.0148174
-0.0203792
-0.0294873
-0.0265034
-0.0373142
-0.0149752
-0.0412992
0.0338821
-0.0718498
0.207381
-0.339221
1.1314
-2.52628
2.43797
-1.06559
0.344163
-0.177473
0.0891065
-0.0107927
0.0605763
0.0358575
0.0569153
0.0465083
0.0490801
0.0400334
0.0343352
0.0241717
0.0150978
0.00432571
-0.00474844
-0.014923
-0.0206212
-0.0296988
-0.0271192
-0.0375993
-0.0164915
-0.0413921
0.0301845
-0.0702415
0.197077
-0.326068
1.0853
-2.41962
2.32764
-1.01796
0.330765
-0.167243
0.0873238
-0.00736325
0.0604318
0.0371262
0.0569722
0.0469331
0.049118
0.0401449
0.0343373
0.0241899
0.0150866
0.00432689
-0.00477563
-0.0149322
-0.0207371
-0.0297381
-0.0275413
-0.037651
-0.0177503
-0.0412386
0.0267724
-0.0684503
0.186884
-0.312659
1.03774
-2.30925
2.2138
-0.968942
0.31707
-0.157136
0.0853442
-0.00422821
0.060041
0.0381316
0.0567989
0.0471607
0.0489843
0.0401277
0.0342413
0.0241511
0.0150537
0.00434661
-0.00474896
-0.0148463
-0.0207269
-0.029608
-0.0277681
-0.0374734
-0.0187463
-0.0408373
0.0236559
-0.0664574
0.176812
-0.298946
0.988797
-2.19537
2.09664
-0.918588
0.303031
-0.147161
0.0831496
-0.00139382
0.0594045
0.0388725
0.0564017
0.0471924
0.0486839
0.0399835
0.0340496
0.0240562
0.0149996
0.00438445
-0.00466911
-0.0146673
-0.0205922
-0.0293132
-0.0278009
-0.0370728
-0.0194782
-0.0401892
0.0208409
-0.0642448
0.166872
-0.28488
0.938506
-2.07816
1.97634
-0.866943
0.288597
-0.137324
0.0807233
0.00113765
0.0585256
0.0393515
0.0557892
0.0470324
0.0482235
0.0397155
0.0337656
0.0239068
0.0149253
0.00443978
-0.00453743
-0.0143986
-0.020336
-0.0288604
-0.0276435
-0.036458
-0.0199491
-0.0392976
0.0183292
-0.0617959
0.15707
-0.27041
0.886916
-1.95782
1.85313
-0.814062
0.273721
-0.127633
0.0780506
0.00336732
0.0574101
0.0395752
0.0549729
0.0466875
0.0476117
0.0393286
0.0333938
0.0237049
0.0148317
0.0045117
-0.00435592
-0.0140446
-0.0199634
-0.0282581
-0.027303
-0.0356403
-0.0201655
-0.0381687
0.0161193
-0.0590965
0.147411
-0.255488
0.834085
-1.83456
1.72723
-0.760016
0.258358
-0.118097
0.0751207
0.00529923
0.0560675
0.0395538
0.0539665
0.0461672
0.046859
0.0388294
0.0329398
0.0234534
0.0147202
0.00459911
-0.00412717
-0.0136107
-0.0194804
-0.0275168
-0.0267887
-0.0346335
-0.0201378
-0.0368121
0.0142067
-0.0561358
0.137905
-0.240069
0.780081
-1.7086
1.59889
-0.7049
0.242474
-0.10873
0.071927
0.00693978
0.0545111
0.0393014
0.0527869
0.045484
0.0459779
0.0382259
0.0324101
0.0231556
0.0145919
0.00470076
-0.0038545
-0.0131033
-0.0188952
-0.0266488
-0.0261131
-0.0334545
-0.0198801
-0.0352413
0.0125847
-0.0529078
0.128566
-0.224119
0.725
-1.58019
1.46841
-0.648849
0.22605
-0.0995565
0.0684696
0.00829725
0.0527586
0.0388353
0.0514536
0.0446527
0.0449825
0.0375275
0.0318123
0.0228155
0.0144487
0.00481511
-0.00354181
-0.0125299
-0.0182173
-0.0256683
-0.025291
-0.0321229
-0.01941
-0.0334741
0.0112447
-0.0494129
0.119416
-0.207617
0.668978
-1.44964
1.33616
-0.592061
0.209087
-0.090614
0.0647571
0.00938128
0.0508328
0.0381766
0.0499895
0.0436909
0.0438889
0.0367454
0.031155
0.0224376
0.0142922
0.00494045
-0.00319359
-0.0118991
-0.0174575
-0.0245913
-0.0243399
-0.0306616
-0.0187482
-0.0315336
0.0101768
-0.04566
0.110495
-0.190567
0.612211
-1.31731
1.20263
-0.53482
0.19162
-0.0819587
0.0608088
0.0102025
0.0487622
0.0373494
0.0484207
0.0426186
0.0427153
0.035892
0.0304476
0.0220272
0.0141245
0.00507487
-0.00281493
-0.0112202
-0.0166282
-0.0234358
-0.02328
-0.0290966
-0.0179194
-0.0294486
0.00937036
-0.0416691
0.101857
-0.173005
0.554987
-1.18369
1.06843
-0.477543
0.173729
-0.073671
0.0566577
0.0107725
0.0465821
0.0363817
0.0467765
0.0414585
0.0414811
0.0349812
0.0297004
0.02159
0.0139476
0.00521628
-0.00241155
-0.0105035
-0.0157435
-0.0222216
-0.0221336
-0.0274574
-0.0169513
-0.0272544
0.00881368
-0.0374737
0.0935834
-0.155011
0.497721
-1.0494
0.934461
-0.420827
0.155557
-0.0658614
0.0523534
0.0111038
0.0443346
0.0353049
0.0450898
0.0402354
0.0402082
0.0340282
0.0289248
0.0211321
0.0137638
0.00536242
-0.00198967
-0.00976045
-0.0148184
-0.0209701
-0.0209259
-0.025777
-0.0158752
-0.0249934
0.00849428
-0.0331241
0.0857852
-0.136729
0.441013
-0.915324
0.801936
-0.365533
0.137324
-0.0586756
0.0479655
0.0112104
0.0420702
0.0341539
0.0433973
0.0389767
0.0389196
0.0330493
0.0281328
0.0206603
0.0135755
0.00551085
-0.00155603
-0.00900302
-0.0138694
-0.0197047
-0.0196839
-0.0240919
-0.0147261
-0.0227163
0.00839823
-0.0286907
0.0786089
-0.118383
0.385727
-0.78269
0.672611
-0.312877
0.119358
-0.0522941
0.043587
0.0111101
0.0398477
0.032968
0.0417392
0.0377122
0.0376408
0.0320628
0.0273376
0.0201821
0.0133853
0.00565892
-0.00111813
-0.00824441
-0.0129147
-0.0184508
-0.0184377
-0.0224426
-0.0135433
-0.0204822
0.00850795
-0.0242675
0.0722362
-0.100301
0.333081
-0.653253
0.548924
-0.264418
0.102041
-0.0468961
0.03932
0.0108353
0.0377315
0.0317941
0.0401594
0.0364759
0.0363995
0.0310892
0.0265538
0.0197059
0.0131961
0.00580372
-0.000684518
-0.00749931
-0.0119746
-0.0172361
-0.0172211
-0.0208727
-0.0123735
-0.0183555
0.00879133
-0.0199575
0.0668474
-0.0828725
0.28464
-0.529449
0.433992
-0.222069
0.0855935
-0.0425922
0.035224
0.0104458
0.035776
0.0306858
0.0386962
0.0353007
0.0352181
0.030145
0.0257917
0.019238
0.0130095
0.00594313
-0.000261864
-0.00677855
-0.0110664
-0.0160832
-0.0160672
-0.0194208
-0.0112704
-0.0163906
0.00918856
-0.0158205
0.0625542
-0.0663175
0.242321
-0.4144
0.333344
-0.190508
0.0708871
-0.0398727
0.0315198
0.00990508
0.0340752
0.0296564
0.0373845
0.0341875
0.0341003
0.029222
0.0250456
0.0187711
0.0128231
0.00607717
0.000154805
-0.0060783
-0.0101833
-0.0149974
-0.0149779
-0.0181223
-0.0102472
-0.0146816
0.00973734
-0.0120781
0.0598498
-0.051512
0.210817
-0.313628
0.264742
-0.184127
0.0655801
-0.041616
0.030046
0.00863051
0.033144
0.028599
0.0364139
0.0331465
0.0331462
0.0283557
0.0243733
0.0183272
0.0126561
0.0061933
0.000549918
-0.00545098
-0.00935605
-0.0140754
-0.0139602
-0.0171669
-0.00919458
-0.0137484
0.0110253
-0.0105836
0.0616265
-0.0461462
0.204527
-0.244913
-5.89852e-06
-0.0307687
-0.0310781
0.0631913
0.206421
0.343994
0.46946
0.591768
0.70829
0.799205
0.83562
0.791922
0.656526
0.436629
0.157612
-0.142711
-0.421939
-0.642321
-0.77849
-0.823128
-0.787618
-0.697449
-0.581526
-0.45972
-0.334654
-0.197312
-0.0540704
0.0405064
0.0407864
0.0100181
-0.00520231
-0.0383307
-0.0145243
0.103161
0.246756
0.372523
0.485149
0.593731
0.693396
0.765247
0.784909
0.73249
0.600462
0.396604
0.143102
-0.128204
-0.381896
-0.586201
-0.718961
-0.772299
-0.753547
-0.682455
-0.583388
-0.4753
-0.363086
-0.2376
-0.0940683
0.0238262
0.0481933
0.0152859
-0.0120217
-0.0417356
0.00971035
0.143551
0.280421
0.39255
0.492096
0.586374
0.669094
0.723204
0.728731
0.670552
0.544124
0.357218
0.128964
-0.114058
-0.342478
-0.529787
-0.656903
-0.715979
-0.711372
-0.658045
-0.575935
-0.48215
-0.38302
-0.271203
-0.134448
-0.000465468
0.0514739
0.0220994
-0.0204888
-0.0395676
0.0403104
0.182647
0.308368
0.406882
0.49407
0.574923
0.642578
0.681974
0.676745
0.615281
0.495003
0.323354
0.116892
-0.101965
-0.308571
-0.480582
-0.601502
-0.663839
-0.669999
-0.631415
-0.564392
-0.484037
-0.397267
-0.299079
-0.173508
-0.0310863
0.0492051
0.0305191
-0.030263
-0.0304612
0.0766777
0.220241
0.331888
0.41703
0.492247
0.560288
0.614284
0.641108
0.627399
0.56426
0.450473
0.29299
0.106127
-0.0911673
-0.278153
-0.435958
-0.550344
-0.614332
-0.62898
-0.603
-0.549664
-0.482132
-0.407331
-0.322516
-0.21104
-0.0674408
0.0400185
0.040222
-0.0404616
-0.0130685
0.117365
0.254909
0.350754
0.423068
0.486708
0.542618
0.584303
0.600426
0.580124
0.516597
0.409555
0.265371
0.0963873
-0.0813824
-0.25047
-0.394941
-0.50254
-0.56689
-0.588139
-0.572892
-0.5319
-0.476512
-0.413285
-0.341291
-0.245623
-0.108089
0.0225658
0.0503416
-0.0496924
0.01343
0.160302
0.285237
0.364793
0.42507
0.477637
0.522278
0.553076
0.560278
0.535059
0.472207
0.372031
0.240281
0.087584
-0.0725234
-0.225307
-0.35731
-0.458004
-0.521654
-0.547825
-0.54153
-0.511461
-0.467363
-0.415205
-0.355237
-0.275854
-0.150965
-0.00397138
0.0594915
-0.0561021
0.0491001
0.203105
0.31025
0.374136
0.423251
0.465346
0.499719
0.521069
0.520995
0.492305
0.430972
0.337663
0.217503
0.0796303
-0.0645034
-0.202447
-0.32283
-0.416619
-0.478723
-0.508367
-0.50938
-0.488799
-0.454992
-0.413306
-0.364484
-0.300762
-0.19369
-0.0396573
0.0658204
-0.0574395
0.0931511
0.243309
0.329423
0.379068
0.417862
0.450184
0.475385
0.488687
0.482818
0.451882
0.392721
0.306191
0.196812
0.0724383
-0.0572353
-0.181666
-0.291239
-0.378212
-0.438118
-0.470008
-0.476845
-0.464354
-0.439748
-0.407838
-0.369325
-0.319832
-0.233805
-0.0837001
0.0670773
-0.051165
0.143898
0.278594
0.342671
0.379952
0.40917
0.432528
0.449702
0.456283
0.445938
0.413782
0.357284
0.277376
0.178008
0.0659306
-0.0506423
-0.162763
-0.262298
-0.342615
-0.399828
-0.432937
-0.444279
-0.438551
-0.422005
-0.399067
-0.37012
-0.332982
-0.268994
-0.134414
0.0607224
-0.034602
0.198802
0.307011
0.3503
0.377166
0.397461
0.412774
0.423075
0.424172
0.410506
0.377976
0.324498
0.251002
0.160915
0.0600396
-0.0446574
-0.145564
-0.235793
-0.309663
-0.363827
-0.397305
-0.411994
-0.411793
-0.402156
-0.387276
-0.367249
-0.340522
-0.297316
-0.189262
0.0440788
-0.00511803
0.254607
0.327182
0.35293
0.371065
0.383046
0.391329
0.395882
0.392623
0.376636
0.344421
0.294206
0.226874
0.145376
0.0547057
-0.0392219
-0.129912
-0.211528
-0.2792
-0.330071
-0.363225
-0.380258
-0.384456
-0.380607
-0.372777
-0.361066
-0.343072
-0.317396
-0.244987
0.0145147
0.0396802
0.307539
0.338435
0.351376
0.361954
0.366264
0.368598
0.368463
0.361864
0.344411
0.313061
0.26626
0.204814
0.131251
0.0498762
-0.0342838
-0.115668
-0.189327
-0.251079
-0.298504
-0.330781
-0.349299
-0.35688
-0.357761
-0.355906
-0.351876
-0.341448
-0.328567
-0.297821
-0.0303619
0.101757
0.353584
0.340874
0.346521
0.350083
0.347484
0.344972
0.341126
0.332085
0.313887
0.283832
0.240515
0.18466
0.118415
0.0455044
-0.0297969
-0.102709
-0.169027
-0.225155
-0.269062
-0.300027
-0.319307
-0.32937
-0.334008
-0.337031
-0.339927
-0.33653
-0.330938
-0.343752
-0.0925128
0.182481
0.388792
0.33537
0.339188
0.33566
0.327107
0.320819
0.314138
0.303443
0.285095
0.256661
0.216838
0.166264
0.106758
0.0415488
-0.0257205
-0.0909223
-0.150482
-0.201296
-0.241673
-0.270997
-0.290438
-0.302193
-0.309714
-0.316553
-0.325424
-0.329139
-0.325381
-0.378834
-0.173303
0.282497
0.409581
0.323466
0.33003
0.318873
0.305555
0.29647
0.287729
0.276061
0.258048
0.231472
0.1951
0.149492
0.0961783
0.0379724
-0.0220183
-0.0802094
-0.133558
-0.179373
-0.216261
-0.243702
-0.262814
-0.275579
-0.28521
-0.29489
-0.308556
-0.319925
-0.313439
-0.399492
-0.273374
0.401653
0.413029
0.30722
0.319459
0.299933
0.283258
0.272219
0.262098
0.250033
0.23274
0.208185
0.175181
0.134222
0.0865867
0.0347421
-0.0186579
-0.070481
-0.118134
-0.159267
-0.192747
-0.218138
-0.23653
-0.249725
-0.260786
-0.272472
-0.28953
-0.309295
-0.297167
-0.402807
-0.39257
0.538991
0.397093
0.288992
0.307608
0.279106
0.260638
0.248312
0.237411
0.22543
0.209154
0.186718
0.156966
0.120341
0.0779018
0.0318283
-0.0156102
-0.0616565
-0.104096
-0.140865
-0.171051
-0.194289
-0.211657
-0.224797
-0.236691
-0.249719
-0.268612
-0.297381
-0.278926
-0.386744
-0.529926
0.692789
0.360767
0.271215
0.294342
0.25674
0.238085
0.224957
0.213804
0.202297
0.18726
0.166989
0.140349
0.107746
0.0700505
0.0292043
-0.0128494
-0.0536633
-0.0913446
-0.124061
-0.151091
-0.172125
-0.188241
-0.200932
-0.213128
-0.227019
-0.246148
-0.284044
-0.261143
-0.3503
-0.683721
0.860675
0.304132
0.256162
0.27931
0.233285
0.215938
0.202322
0.191391
0.180661
0.16702
0.148916
0.125228
0.096343
0.0629663
0.0268462
-0.010352
-0.0464355
-0.0797844
-0.108754
-0.132787
-0.151609
-0.16631
-0.178241
-0.190267
-0.204709
-0.222586
-0.268931
-0.246085
-0.29356
-0.851577
1.03977
0.228327
0.245741
0.262025
0.209287
0.194464
0.180543
0.170258
0.160531
0.148387
0.132417
0.111509
0.086045
0.0565887
0.0247323
-0.00809678
-0.0399132
-0.0693297
-0.0948498
-0.116058
-0.132698
-0.145875
-0.156815
-0.168243
-0.183055
-0.19847
-0.251553
-0.235656
-0.217665
-1.03062
1.22688
0.135417
0.241344
0.241964
0.18537
0.17385
0.159737
0.150471
0.141902
0.131311
0.117411
0.0991006
0.0767719
0.0508627
0.0228429
-0.00606469
-0.0340419
-0.0599009
-0.0822595
-0.100826
-0.115342
-0.12693
-0.136717
-0.147171
-0.162242
-0.174424
-0.231387
-0.231243
-0.124683
-1.21764
1.41866
0.0282077
0.243759
0.218674
0.1622
0.154196
0.140003
0.132073
0.124754
0.115735
0.103821
0.087919
0.0684495
0.0457378
0.0211599
-0.00423825
-0.0287716
-0.0514243
-0.0708992
-0.0870112
-0.0994853
-0.10946
-0.117993
-0.127151
-0.142367
-0.15111
-0.207978
-0.233628
-0.0174178
-1.40931
1.61183
-0.0899963
0.253144
0.191855
0.140441
0.13552
0.121435
0.115085
0.10906
0.101599
0.0915669
0.0778836
0.0610092
0.0411677
0.019667
-0.00260155
-0.0240565
-0.0438317
-0.0606892
-0.0745388
-0.0850717
-0.0934378
-0.100664
-0.108277
-0.123448
-0.129191
-0.181027
-0.242966
0.100829
-1.60235
1.80332
-0.215649
0.269078
0.161437
0.120698
0.117772
0.104121
0.0995069
0.0947831
0.0888416
0.0805747
0.0689186
0.054387
0.0371096
0.0183491
-0.00114
-0.0198542
-0.0370597
-0.0515545
-0.0633343
-0.0720403
-0.0788302
-0.0847331
-0.0906378
-0.105434
-0.109269
-0.150463
-0.258832
0.226513
-1.79368
1.99038
-0.345206
0.290656
0.127609
0.103477
0.100855
0.0881511
0.0853182
0.0818816
0.0773969
0.0707703
0.0609519
0.0485234
0.0335242
0.0171923
0.000159803
-0.0161258
-0.0310491
-0.0434234
-0.0533252
-0.0603285
-0.0655983
-0.0701809
-0.0743227
-0.0882272
-0.0918464
-0.116474
-0.280317
0.356098
-1.98057
2.17069
-0.475344
0.316625
0.0908194
0.0891389
0.0846484
0.0736075
0.0724785
0.0703101
0.0671984
0.0620824
0.0539153
0.0433626
0.0303748
0.0161838
0.00131025
-0.012835
-0.0257444
-0.0362282
-0.0444413
-0.0498715
-0.0536996
-0.0569702
-0.0594169
-0.0717055
-0.0772833
-0.0795082
-0.306167
0.486263
-2.1607
2.34238
-0.603122
0.345535
0.0517482
0.07788
0.0690305
0.0605668
0.0609312
0.060021
0.058178
0.0544418
0.0477437
0.0388526
0.0276273
0.0153119
0.00232279
-0.00994815
-0.0210939
-0.0299042
-0.0366142
-0.0406031
-0.0430894
-0.0450475
-0.0459983
-0.0557483
-0.0657727
-0.0402434
-0.334931
0.614073
-2.33219
2.50404
-0.726089
0.375889
0.0112477
0.0697217
0.053903
0.0490901
0.0506062
0.050965
0.0502662
0.0477817
0.0423752
0.0349443
0.02525
0.0145653
0.00320808
-0.00743367
-0.0170487
-0.0243896
-0.0297778
-0.0324558
-0.0337218
-0.0343466
-0.0341307
-0.040258
-0.0573342
0.000469962
-0.365112
0.737085
-2.49365
2.65468
-0.842334
0.406274
-0.02973
0.0645209
0.0392063
0.0392177
0.0414248
0.0430921
0.0433931
0.0420374
0.0377506
0.0315916
0.023213
0.0139339
0.00397605
-0.00526215
-0.0135629
-0.0196255
-0.023868
-0.025361
-0.0255496
-0.0247923
-0.0238575
-0.025177
-0.0518238
0.041682
-0.395295
0.853393
-2.64407
2.79367
-0.950483
0.435459
-0.0702102
0.061995
0.02493
0.0309621
0.033303
0.036351
0.0374882
0.0371469
0.0338137
0.028751
0.0214886
0.013408
0.00463599
-0.00340594
-0.0105931
-0.0155555
-0.0188228
-0.0192497
-0.0185245
-0.0163052
-0.015195
-0.0104972
-0.0489582
0.0824205
-0.424251
0.961628
-2.78284
2.92069
-1.04965
0.462459
-0.109269
0.0617563
0.0111146
0.0243038
0.0261571
0.0306891
0.0324816
0.0330501
0.0305102
0.0263815
0.0200503
0.0129786
0.00519661
-0.00183902
-0.00809841
-0.0121255
-0.0145823
-0.0140528
-0.0125965
-0.00880569
-0.00812821
0.00373748
-0.0483507
0.121764
-0.450994
1.06091
-2.90963
3.03567
-1.13937
0.486561
-0.146094
0.0633537
-0.00215317
0.0191896
0.0199075
0.026052
0.0283042
0.0296891
0.0277887
0.024444
0.0188735
0.0126372
0.00566607
-0.000536856
-0.00603985
-0.00928366
-0.0110885
-0.0097015
-0.0077132
-0.00221815
-0.00260877
0.0174362
-0.0495519
0.158902
-0.474812
1.15078
-3.02437
3.13867
-1.21951
0.50732
-0.180026
0.0663132
-0.0147511
0.0155331
0.0144815
0.0223821
0.0248882
0.027008
0.0255996
0.0229017
0.0179348
0.0123758
0.00605212
0.000523719
-0.00438058
-0.00698039
-0.00828497
-0.00612845
-0.00381877
0.00352612
0.00144452
0.030472
-0.0520909
0.193176
-0.495259
1.2311
-3.12713
3.22992
-1.29019
0.52453
-0.21058
0.0701757
-0.0265362
0.0132184
0.00981573
0.019619
0.0221684
0.0249526
0.0238957
0.0217194
0.0172121
0.012187
0.00636203
0.00136461
-0.00308553
-0.00516812
-0.00611717
-0.00326788
-0.000853771
0.00848702
0.00414235
0.0426963
-0.0555131
0.224102
-0.51213
1.302
-3.21811
3.30967
-1.3517
0.53818
-0.237451
0.0745259
-0.0373599
0.0121061
0.00585734
0.0176985
0.0200818
0.0234704
0.0226317
0.0208638
0.0166843
0.0120634
0.00660271
0.00200657
-0.00212135
-0.00380138
-0.00453186
-0.00105635
0.00124558
0.0127147
0.0056189
0.0539546
-0.0594086
0.251374
-0.525415
1.36376
-3.2976
3.37826
-1.40443
0.548405
-0.260502
0.0790132
-0.0470837
0.0120405
0.00256315
0.0165527
0.0185687
0.0225104
0.0217646
0.0203029
0.0163318
0.0119985
0.00678073
0.00246924
-0.0014562
-0.00283674
-0.00347718
0.000566753
0.00254728
0.0162504
0.00602503
0.0641021
-0.0634333
0.27485
-0.535252
1.41679
-3.36589
3.43601
-1.44883
0.555439
-0.279737
0.0833613
-0.0555916
0.0128582
-0.000101251
0.0161105
0.0175729
0.0220225
0.0212531
0.0200064
0.0161358
0.0119857
0.00690231
0.00277124
-0.00105972
-0.0022328
-0.00290255
0.00165894
0.00312328
0.0191272
0.00552025
0.0730168
-0.0673182
0.294533
-0.541874
1.46154
-3.42334
3.48329
-1.48539
0.559571
-0.295279
0.0873706
-0.0627992
0.0143953
-0.0021637
0.0162979
0.0170416
0.0219583
0.0210582
0.0199453
0.0160784
0.012019
0.00697338
0.00293022
-0.00090293
-0.00195015
-0.00275848
0.0022743
0.00304865
0.0213728
0.0042649
0.0806083
-0.0708715
0.310537
-0.545575
1.49848
-3.47029
3.52046
-1.5146
0.561111
-0.307331
0.0909127
-0.0686591
0.0164951
-0.00364797
0.0170396
0.0169254
0.02227
0.0211426
0.0200919
0.0161428
0.0120925
0.00699961
0.0029629
-0.000958122
-0.00195144
-0.00299668
0.00246361
0.00240061
0.0230115
0.00241356
0.0868241
-0.0739728
0.323061
-0.546671
1.5281
-3.50711
3.54787
-1.53694
0.560372
-0.316155
0.0939209
-0.073162
0.0190132
-0.00457621
0.0182595
0.0171784
0.0229114
0.0214711
0.0204195
0.0163132
0.0122008
0.00698637
0.00288507
-0.0011988
-0.00220127
-0.00357006
0.00227426
0.00125714
0.0240668
0.000109401
0.0916506
-0.0765626
0.332358
-0.545478
1.55089
-3.53415
3.56589
-1.55287
0.557649
-0.322042
0.0963769
-0.0763346
0.0218217
-0.00497152
0.0198825
0.0177577
0.0238372
0.0220105
0.0209029
0.0165744
0.0123385
0.0069388
0.00271171
-0.0015997
-0.00266615
-0.0044328
0.00175067
-0.00030429
0.0245641
-0.00251952
0.0951114
-0.0786297
0.338711
-0.542301
1.5673
-3.55179
3.57486
-1.56285
0.553216
-0.325296
0.0982992
-0.0782356
0.024811
-0.00485964
0.0218353
0.0186231
0.0250036
0.0227294
0.021518
0.0169123
0.0125007
0.00686185
0.00245691
-0.00213667
-0.00331456
-0.00554049
0.00093444
-0.00220822
0.0245318
-0.00536246
0.0972633
-0.0801982
0.342416
-0.537419
1.57778
-3.56036
3.57514
-1.56732
0.547318
-0.326218
0.0997298
-0.0789492
0.0278901
-0.0042706
0.024048
0.0197365
0.0263683
0.023598
0.0222417
0.0173135
0.0126826
0.00676016
0.00213399
-0.00278669
-0.00411676
-0.00685032
-0.000135181
-0.00438229
0.0240028
-0.00832641
0.0981901
-0.0813146
0.343765
-0.531087
1.58275
-3.56023
3.56708
-1.56668
0.540177
-0.325094
0.100725
-0.0785787
0.0309865
-0.00323922
0.0264546
0.0210616
0.0278905
0.0245886
0.023052
0.0177654
0.0128797
0.00663818
0.0017555
-0.00352792
-0.00504482
-0.00832125
-0.00142098
-0.00675849
0.0230152
-0.0113358
0.0979961
-0.0820373
0.343039
-0.523532
1.58262
-3.55175
3.55099
-1.56133
0.531987
-0.322196
0.101345
-0.0772403
0.0340435
-0.00180553
0.028994
0.022564
0.0295314
0.0256748
0.0239284
0.0182561
0.0130878
0.00650014
0.00133323
-0.0043396
-0.00607245
-0.00991417
-0.00288744
-0.00927375
0.0216123
-0.0143304
0.0967995
-0.0824289
0.340504
-0.514958
1.57778
-3.53525
3.5272
-1.55164
0.522921
-0.317771
0.101653
-0.0750566
0.0370185
-1.41919e-05
0.0316106
0.0242102
0.0312542
0.0268321
0.0248511
0.0187747
0.0133029
0.00635003
0.00087821
-0.00520218
-0.007175
-0.0115921
-0.00450042
-0.0118706
0.0198417
-0.0172637
0.0947262
-0.0825498
0.336403
-0.505543
1.56859
-3.51106
3.49604
-1.53797
0.513129
-0.312046
0.101703
-0.0721521
0.0398801
0.00208605
0.034254
0.0259677
0.0330246
0.0280375
0.0258018
0.0193109
0.0135212
0.00619162
0.000400761
-0.00609718
-0.00832937
-0.0133205
-0.00622692
-0.0144974
0.0177551
-0.0201002
0.0919045
-0.0824541
0.330962
-0.495443
1.5554
-3.4795
3.4578
-1.52062
0.502745
-0.305226
0.101547
-0.0686491
0.0426054
0.00444357
0.0368795
0.0278051
0.0348104
0.0292692
0.0267632
0.019855
0.0137392
0.00602846
-8.94727e-05
-0.00700739
-0.00951394
-0.0150671
-0.0080351
-0.0171084
0.0154064
-0.0228134
0.0884609
-0.082188
0.324385
-0.484791
1.5385
-3.44089
3.41277
-1.49992
0.491881
-0.297494
0.101224
-0.0646644
0.045178
0.00700489
0.0394479
0.0296917
0.0365819
0.0305072
0.0277193
0.020398
0.0139536
0.00586384
-0.000583538
-0.00791676
-0.0107085
-0.0168021
-0.00989407
-0.0196633
0.0128512
-0.0253832
0.084517
-0.0817887
0.316857
-0.473704
1.51821
-3.39552
3.36124
-1.47611
0.480634
-0.289014
0.100769
-0.060308
0.0475859
0.00971604
0.0419249
0.0315979
0.0383122
0.0317327
0.0286555
0.0209319
0.0141614
0.00570084
-0.00107316
-0.00881046
-0.0118942
-0.0184986
-0.011774
-0.0221274
0.010145
-0.0277943
0.0801869
-0.0812839
0.308546
-0.462277
1.49479
-3.34369
3.30348
-1.44946
0.469083
-0.27993
0.100206
-0.055681
0.0498194
0.0125236
0.044281
0.0334951
0.0399767
0.0329281
0.0295581
0.021449
0.01436
0.00554228
-0.0015507
-0.00967492
-0.0130535
-0.0201319
-0.0136463
-0.0244706
0.00734242
-0.0300346
0.0755761
-0.0806933
0.299599
-0.450586
1.46848
-3.28566
3.23977
-1.42018
0.457294
-0.27037
0.0995523
-0.0508758
0.0518709
0.0153759
0.0464911
0.0353562
0.0415537
0.0340775
0.0304149
0.0219425
0.0145467
0.00539074
-0.00200917
-0.0104978
-0.0141704
-0.0216803
-0.0154837
-0.0266676
0.00449595
-0.0320941
0.0707801
-0.0800284
0.290149
-0.438695
1.4395
-3.22172
3.17036
-1.38848
0.445318
-0.260446
0.098817
-0.045975
0.053733
0.0182237
0.0485337
0.0371553
0.0430239
0.0351662
0.031215
0.022406
0.0147195
0.00524853
-0.00244223
-0.011268
-0.01523
-0.0231246
-0.0172603
-0.028697
0.00165527
-0.0339638
0.0658849
-0.0792943
0.280312
-0.426647
1.40806
-3.15211
3.0955
-1.35454
0.433189
-0.250256
0.098004
-0.0410522
0.0553987
0.0210214
0.050391
0.0388683
0.0443707
0.0361807
0.0319487
0.0228341
0.0148764
0.00511772
-0.00284414
-0.0119758
-0.0162189
-0.0244479
-0.0189521
-0.0305407
-0.00113358
-0.0356356
0.0609664
-0.0784904
0.270192
-0.414474
1.37435
-3.07709
3.01544
-1.31851
0.420932
-0.239883
0.0971118
-0.0361719
0.0568609
0.023727
0.0520483
0.0404731
0.0455798
0.0371091
0.0326075
0.0232217
0.0150156
0.00500016
-0.00320985
-0.0126127
-0.017125
-0.0256359
-0.020537
-0.0321841
-0.00382863
-0.0371015
0.0560909
-0.0776114
0.259876
-0.402194
1.33851
-2.9969
2.9304
-1.28053
0.408558
-0.229399
0.0961342
-0.0313902
0.0581125
0.026303
0.0534936
0.0419496
0.0466393
0.0379408
0.0331842
0.0235647
0.0151358
0.00489739
-0.0035349
-0.0131712
-0.0179376
-0.0266768
-0.0219949
-0.0336154
-0.00639234
-0.038354
0.0513156
-0.076648
0.249438
-0.389813
1.3007
-2.91177
2.84063
-1.24073
0.396066
-0.218862
0.0950611
-0.026755
0.0591464
0.0287162
0.0547175
0.0432801
0.0475399
0.0386667
0.0336731
0.0238592
0.0152359
0.0048107
-0.00381548
-0.0136453
-0.0186476
-0.0275611
-0.0233082
-0.0348252
-0.00879177
-0.0393857
0.0466895
-0.0755879
0.238943
-0.377325
1.26104
-2.82192
2.74634
-1.19921
0.383448
-0.208323
0.0938796
-0.0223067
0.0599556
0.0309384
0.0557131
0.0444493
0.0482741
0.0392791
0.0340694
0.0241022
0.015315
0.00474115
-0.00404838
-0.0140304
-0.019247
-0.0282812
-0.0244615
-0.0358066
-0.0109988
-0.0401896
0.0422532
-0.0744164
0.228441
-0.364717
1.21963
-2.72758
2.64773
-1.15605
0.370683
-0.197821
0.0925742
-0.0180787
0.0605336
0.0329459
0.0564757
0.0454446
0.0488368
0.0397718
0.0343696
0.0242915
0.0153723
0.00468951
-0.00423108
-0.0143227
-0.0197297
-0.0288322
-0.0254423
-0.036555
-0.01299
-0.0407592
0.0380404
-0.0731169
0.217975
-0.351963
1.17658
-2.62893
2.54502
-1.11135
0.357744
-0.187389
0.091128
-0.0140979
0.0608748
0.0347198
0.0570026
0.046256
0.0492251
0.0401403
0.0345716
0.0244252
0.0154077
0.00465632
-0.00436167
-0.0145199
-0.0200909
-0.0292107
-0.0262406
-0.037068
-0.0147467
-0.041089
0.0340779
-0.0716713
0.207577
-0.339034
1.13195
-2.52619
2.43841
-1.06515
0.344595
-0.177049
0.0895226
-0.0103853
0.0609744
0.0362458
0.0572935
0.0468763
0.0494379
0.0403815
0.0346742
0.0245023
0.0154209
0.00464187
-0.0044389
-0.0146208
-0.0203274
-0.0294159
-0.0268492
-0.0373452
-0.0162548
-0.0411746
0.0303865
-0.0700609
0.197272
-0.325891
1.08582
-2.41955
2.32809
-1.01752
0.331196
-0.16682
0.0877392
-0.00695652
0.0608293
0.0375141
0.0573502
0.0473011
0.0494763
0.0404938
0.0346775
0.0245223
0.0154122
0.00464621
-0.00446217
-0.0146253
-0.0204377
-0.0294485
-0.0272637
-0.0373885
-0.0175047
-0.0410128
0.0269813
-0.0682667
0.187077
-0.312492
1.03825
-2.3092
2.21424
-0.968505
0.317501
-0.156713
0.0857589
-0.00382212
0.060438
0.0385192
0.0571768
0.0475288
0.049343
0.0404775
0.0345829
0.0244854
0.0153817
0.00466913
-0.00443153
-0.0145345
-0.0204216
-0.0293115
-0.0274825
-0.0372019
-0.0184911
-0.0406026
0.0238727
-0.0662696
0.177006
-0.298787
0.989276
-2.19533
2.09708
-0.918152
0.303461
-0.146739
0.0835637
-0.00098832
0.0598011
0.0392597
0.0567794
0.0475608
0.0490431
0.0403341
0.0343925
0.0243924
0.0153302
0.0047102
-0.00434767
-0.0143506
-0.0202809
-0.0290095
-0.0275069
-0.036792
-0.019213
-0.0399447
0.0210665
-0.0640517
0.167067
-0.284729
0.938959
-2.07814
1.97679
-0.866507
0.289026
-0.136903
0.0811366
0.0015426
0.0589217
0.0397384
0.0561669
0.0474009
0.0485832
0.040067
0.0341099
0.024245
0.0152585
0.00476877
-0.00421196
-0.0140769
-0.0200187
-0.0285494
-0.0273409
-0.0361674
-0.0196731
-0.0390424
0.0185644
-0.0615963
0.157267
-0.270265
0.887342
-1.95781
1.85357
-0.813628
0.274149
-0.127213
0.0784634
0.00377176
0.0578058
0.0399619
0.0553505
0.0470562
0.0479719
0.0396811
0.0337395
0.024045
0.0151674
0.00484393
-0.0040264
-0.0137179
-0.0196399
-0.0279397
-0.0269915
-0.0353394
-0.0198782
-0.0379021
0.0163651
-0.058889
0.147611
-0.255346
0.834481
-1.83456
1.72767
-0.759582
0.258786
-0.117677
0.0755329
0.0057032
0.0564629
0.0399403
0.0543442
0.0465362
0.0472198
0.0391829
0.0332869
0.0237954
0.0150584
0.00493456
-0.00379361
-0.0132789
-0.0191508
-0.0271907
-0.0264681
-0.034322
-0.0198387
-0.0365333
0.014464
-0.0559191
0.138108
-0.23993
0.780448
-1.7086
1.59933
-0.704466
0.242901
-0.10831
0.0723387
0.00734331
0.0549061
0.0396877
0.0531645
0.0458532
0.0463393
0.0385803
0.0327587
0.0234995
0.0149326
0.0050394
-0.00351692
-0.0127665
-0.0185593
-0.026315
-0.0257831
-0.033132
-0.0195687
-0.0349494
0.0128546
-0.0526803
0.128774
-0.22398
0.725337
-1.5802
1.46885
-0.648416
0.226476
-0.0991375
0.0688809
0.00870036
0.0531533
0.0392215
0.0518313
0.0450222
0.0453445
0.0378829
0.0321623
0.0231613
0.0147919
0.00515691
-0.00320024
-0.0121881
-0.017875
-0.0253267
-0.0249515
-0.0317892
-0.0190856
-0.0331684
0.0115283
-0.049173
0.119632
-0.207477
0.669285
-1.44965
1.3366
-0.591628
0.209512
-0.0901955
0.0651679
0.00978401
0.0512272
0.0385625
0.0503672
0.0440607
0.0442515
0.0371017
0.0315063
0.0227853
0.0146378
0.00528535
-0.00284808
-0.0115523
-0.0171089
-0.0242418
-0.0239907
-0.0303163
-0.0184106
-0.0312132
0.0104754
-0.045406
0.11072
-0.190422
0.61249
-1.31733
1.20306
-0.534388
0.192045
-0.0815406
0.0612192
0.0106049
0.0491564
0.0377353
0.0487984
0.0429887
0.0430784
0.0362492
0.0308002
0.0223767
0.0144724
0.0054228
-0.00246556
-0.0108684
-0.0162735
-0.0230784
-0.022921
-0.0287394
-0.0175679
-0.0291127
0.00968503
-0.041399
0.102093
-0.172853
0.555239
-1.1837
1.06887
-0.477111
0.174154
-0.0732533
0.0570677
0.0111745
0.046976
0.0367675
0.0471542
0.0418288
0.0418448
0.0353393
0.0300543
0.0219411
0.0142978
0.00556716
-0.0020584
-0.0101469
-0.0153825
-0.0218563
-0.0217647
-0.0270881
-0.0165854
-0.0269021
0.00914585
-0.0371855
0.0938334
-0.154848
0.497948
-1.04942
0.934899
-0.420395
0.155982
-0.0654441
0.052763
0.0115054
0.0447282
0.0356905
0.0454676
0.040606
0.0405724
0.0343871
0.0292799
0.0214849
0.0141162
0.00571614
-0.00163285
-0.00939911
-0.0144513
-0.020597
-0.0205471
-0.0253954
-0.0154945
-0.0246238
0.0088454
-0.0328155
0.0860521
-0.136552
0.44122
-0.915344
0.802374
-0.365102
0.137749
-0.0582587
0.0483748
0.0116117
0.0424635
0.0345393
0.0437751
0.0393475
0.0392842
0.033409
0.028489
0.0210147
0.01393
0.00586729
-0.00119568
-0.00863708
-0.0134964
-0.0193238
-0.0192952
-0.0236978
-0.0143302
-0.0223285
0.00876986
-0.0283594
0.0788961
-0.118188
0.385919
-0.782711
0.673049
-0.312446
0.119782
-0.0518776
0.0439959
0.0115111
0.0402407
0.0333533
0.042117
0.0380831
0.0380059
0.0324233
0.0276949
0.020538
0.0137418
0.00601794
-0.000754408
-0.00787405
-0.0125358
-0.0180623
-0.0180391
-0.0220359
-0.0131318
-0.0200752
0.00890175
-0.0239108
0.0725477
-0.100083
0.333264
-0.653274
0.549361
-0.263987
0.102465
-0.0464798
0.0397285
0.011236
0.0381243
0.0321791
0.0405371
0.036847
0.036765
0.0314503
0.0269121
0.0200632
0.0135544
0.00616516
-0.000317614
-0.00712475
-0.0115902
-0.0168403
-0.0168128
-0.0204535
-0.0119459
-0.0179286
0.00920893
-0.0195728
0.0671875
-0.0826259
0.284823
-0.52947
0.43443
-0.221638
0.0860169
-0.0421763
0.0356322
0.0108461
0.0361685
0.0310706
0.0390738
0.0356719
0.0355838
0.0305067
0.0261509
0.0195965
0.0133695
0.00630684
0.00010803
-0.00639999
-0.0106766
-0.0156801
-0.0156493
-0.0189888
-0.0108264
-0.0159427
0.00963202
-0.0154044
0.0629283
-0.0660352
0.242516
-0.414418
0.333781
-0.190078
0.0713103
-0.039457
0.0319277
0.010305
0.0344673
0.0300409
0.037762
0.0345588
0.0344664
0.0295842
0.0254056
0.0191309
0.0131847
0.00644302
0.000527573
-0.00569586
-0.00978816
-0.014587
-0.0145501
-0.017677
-0.00978542
-0.0142104
0.0102104
-0.011625
0.060267
-0.051182
0.211043
-0.31364
0.265179
-0.183697
0.0660031
-0.0412006
0.0304536
0.00903012
0.0335358
0.0289833
0.0367912
0.0335178
0.0335124
0.0287183
0.0247341
0.0186879
0.0130191
0.00656105
0.000925249
-0.00506503
-0.00895611
-0.0136583
-0.0135231
-0.0167089
-0.00871566
-0.0132543
0.0115284
-0.010092
0.0620912
-0.0457617
0.2048
-0.244913
)
;

boundaryField
{
    movingWall
    {
        type            zeroGradient;
    }
    Inlet
    {
        type            cyclic;
    }
    Outlet
    {
        type            cyclic;
    }
    Bottom
    {
        type            zeroGradient;
    }
    frontAndBack
    {
        type            empty;
    }
}


// ************************************************************************* //
