/*--------------------------------*- C++ -*----------------------------------*\
| =========                 |                                                 |
| \\      /  F ield         | OpenFOAM: The Open Source CFD Toolbox           |
|  \\    /   O peration     | Version:  5.x                                   |
|   \\  /    A nd           | Web:      www.OpenFOAM.org                      |
|    \\/     M anipulation  |                                                 |
\*---------------------------------------------------------------------------*/
FoamFile
{
    version     2.0;
    format      ascii;
    class       volVectorField;
    location    "0.01";
    object      wallShearStress;
}
// * * * * * * * * * * * * * * * * * * * * * * * * * * * * * * * * * * * * * //

dimensions      [0 2 -2 0 0 0 0];

internalField   uniform (0 0 0);

boundaryField
{
    movingWall
    {
        type            calculated;
        value           uniform (0 0 0);
    }
    Inlet
    {
        type            cyclic;
    }
    Outlet
    {
        type            cyclic;
    }
    Bottom
    {
        type            calculated;
        value           nonuniform List<vector> 
90
(
(-0.00130387 -0.00121104 -1.65304e-38)
(-0.00340368 -0.00428574 -2.18428e-20)
(0.00666243 0.0115776 4.12979e-20)
(0.028608 0.0440133 1.08893e-21)
(0.0443899 0.0598632 -1.43949e-19)
(0.0370084 0.0402294 4.69505e-19)
(-0.00540163 -0.0134422 5.47823e-21)
(-0.0973813 -0.0944171 -5.36778e-21)
(-0.255502 -0.193026 -1.03874e-18)
(-0.489177 -0.292463 1.68723e-20)
(-0.79016 -0.368326 -5.82794e-19)
(-1.1278 -0.394868 -6.00967e-19)
(-1.4533 -0.354718 -4.97865e-19)
(-1.7112 -0.246772 1.88079e-36)
(-1.85387 -0.0884504 1.23183e-21)
(-1.85388 0.088454 8.62886e-37)
(-1.71124 0.246775 -1.11507e-21)
(-1.4533 0.354709 4.22509e-20)
(-1.12772 0.394815 5.85526e-19)
(-0.789948 0.368195 -4.01681e-20)
(-0.488844 0.292232 7.45517e-21)
(-0.255104 0.192706 -1.98651e-18)
(-0.0969977 0.0940588 -3.78071e-20)
(-0.0051034 0.0131121 6.45784e-19)
(0.0371915 -0.0404719 2.28747e-19)
(0.0444649 -0.0599901 1.38585e-19)
(0.0286 -0.0440403 -1.31655e-36)
(0.00661405 -0.0115575 2.48788e-22)
(-0.00343137 0.00429442 -1.44127e-20)
(-0.00130229 0.00120815 2.76806e-21)
(-0.00130246 -0.00120862 8.4856e-38)
(-0.00343382 -0.00429478 -1.15186e-20)
(0.00661207 0.0115572 2.48403e-22)
(0.0286002 0.0440431 -1.12847e-36)
(0.0444712 0.0599975 1.39332e-19)
(0.0371999 0.0404766 2.399e-19)
(-0.00510707 -0.013124 6.57654e-19)
(-0.0970244 -0.0940916 -8.45204e-19)
(-0.255142 -0.192748 -9.64898e-19)
(-0.488864 -0.292262 -6.07227e-19)
(-0.789926 -0.3682 -4.16786e-20)
(-1.12765 -0.3948 3.94294e-21)
(-1.4532 -0.354688 3.86356e-20)
(-1.71116 -0.24676 1.14889e-21)
(-1.85385 -0.0884471 -1.46937e-39)
(-1.85388 0.0884547 4.07302e-37)
(-1.71124 0.246776 -1.48112e-36)
(-1.45331 0.354709 4.04508e-20)
(-1.12772 0.394816 -5.8519e-19)
(-0.789954 0.368196 5.59414e-19)
(-0.488846 0.292232 1.66553e-20)
(-0.255104 0.192706 -8.19713e-21)
(-0.0969977 0.0940588 -8.37667e-19)
(-0.00510308 0.0131125 5.37351e-21)
(0.037192 -0.0404716 2.24794e-19)
(0.0444653 -0.0599898 4.1393e-21)
(0.0286 -0.0440403 -3.86259e-20)
(0.00661424 -0.0115573 -1.54228e-22)
(-0.00342887 0.00429455 2.93874e-39)
(-0.00130619 0.00120803 1.92519e-21)
(-0.00130642 -0.00120846 1.14312e-37)
(-0.00343173 -0.00429483 -2.75506e-40)
(0.00661173 0.0115571 5.43624e-23)
(0.0285995 0.0440432 -4.50686e-20)
(0.0444712 0.0599975 1.56871e-21)
(0.0372001 0.0404764 2.33943e-19)
(-0.00510697 -0.0131242 6.30474e-19)
(-0.0970234 -0.0940917 -3.24629e-20)
(-0.255142 -0.192747 8.30816e-21)
(-0.488863 -0.292261 -1.68851e-20)
(-0.78992 -0.3682 1.29263e-20)
(-1.12764 -0.394799 -6.01593e-19)
(-1.4532 -0.354687 4.23058e-20)
(-1.71116 -0.24676 1.5133e-19)
(-1.85386 -0.0884462 -1.49835e-20)
(-1.8539 0.0884581 -1.37348e-20)
(-1.71129 0.246787 1.11224e-21)
(-1.45339 0.35474 3.86493e-20)
(-1.12788 0.394885 0)
(-0.790188 0.368323 5.63744e-19)
(-0.489155 0.292435 5.61373e-19)
(-0.255462 0.192986 -8.19223e-21)
(-0.0973527 0.0943863 -8.32166e-19)
(-0.00539676 0.0134317 1.26437e-18)
(0.0370001 -0.0402246 3.94181e-21)
(0.0443825 -0.0598569 4.15229e-21)
(0.0286055 -0.0440132 7.19173e-23)
(0.00666523 -0.0115815 -1.50307e-22)
(-0.00344074 0.00427676 1.46123e-20)
(-0.00130292 0.00120866 1.97534e-21)
)
;
    }
    frontAndBack
    {
        type            empty;
    }
}


// ************************************************************************* //
