/*--------------------------------*- C++ -*----------------------------------*\
| =========                 |                                                 |
| \\      /  F ield         | OpenFOAM: The Open Source CFD Toolbox           |
|  \\    /   O peration     | Version:  5.x                                   |
|   \\  /    A nd           | Web:      www.OpenFOAM.org                      |
|    \\/     M anipulation  |                                                 |
\*---------------------------------------------------------------------------*/
FoamFile
{
    version     2.0;
    format      ascii;
    class       volScalarField;
    location    "0.9";
    object      p;
}
// * * * * * * * * * * * * * * * * * * * * * * * * * * * * * * * * * * * * * //

dimensions      [0 2 -2 0 0 0 0];

internalField   nonuniform List<scalar> 
500
(
1.24057e-17
-3.55581e-16
-9.45014e-16
-1.45985e-15
-2.03856e-15
-2.60003e-15
-3.10457e-15
-3.6191e-15
-4.18601e-15
-4.77977e-15
-5.43892e-15
-5.9732e-15
-6.34461e-15
-6.62455e-15
-7.07934e-15
-7.39909e-15
-7.40691e-15
-7.63872e-15
-8.06369e-15
-8.22331e-15
-8.35415e-15
-8.37854e-15
-8.49738e-15
-8.59619e-15
-8.39966e-15
-8.28691e-15
-8.13628e-15
-7.9197e-15
-7.80622e-15
-7.70887e-15
-7.40574e-15
-7.04615e-15
-6.78635e-15
-6.4354e-15
-6.27277e-15
-6.30958e-15
-5.92282e-15
-5.57398e-15
-5.33238e-15
-5.1255e-15
-5.04069e-15
-4.88076e-15
-4.44045e-15
-3.80374e-15
-3.07851e-15
-2.64836e-15
-2.21886e-15
-1.76852e-15
-1.19268e-15
-3.85997e-16
-1.06967e-17
-4.0573e-16
-1.00743e-15
-1.42499e-15
-2.08107e-15
-2.74746e-15
-3.24523e-15
-3.74514e-15
-4.17327e-15
-4.85106e-15
-5.47445e-15
-5.95396e-15
-6.39223e-15
-6.68868e-15
-7.0884e-15
-7.3898e-15
-7.42104e-15
-7.60252e-15
-8.06165e-15
-8.25906e-15
-8.41871e-15
-8.50384e-15
-8.55007e-15
-8.62244e-15
-8.45944e-15
-8.47116e-15
-8.29647e-15
-8.04233e-15
-7.80679e-15
-7.67312e-15
-7.38264e-15
-7.09993e-15
-6.8101e-15
-6.47284e-15
-6.15868e-15
-6.06475e-15
-5.78253e-15
-5.5903e-15
-5.35035e-15
-5.12307e-15
-4.98457e-15
-4.82268e-15
-4.4215e-15
-3.8147e-15
-3.34146e-15
-2.77897e-15
-1.96862e-15
-1.55225e-15
-1.04511e-15
-3.55952e-16
-5.38359e-17
-4.75035e-16
-8.29409e-16
-1.30409e-15
-2.02702e-15
-2.85597e-15
-3.44568e-15
-3.78294e-15
-4.25351e-15
-4.96532e-15
-5.58374e-15
-6.02807e-15
-6.48945e-15
-6.84353e-15
-6.98927e-15
-7.37616e-15
-7.45291e-15
-7.70891e-15
-8.07408e-15
-8.20082e-15
-8.48337e-15
-8.63672e-15
-8.5972e-15
-8.59215e-15
-8.56797e-15
-8.58121e-15
-8.42011e-15
-8.11308e-15
-7.88782e-15
-7.67629e-15
-7.3174e-15
-7.08527e-15
-6.70658e-15
-6.40607e-15
-6.24812e-15
-6.06956e-15
-5.80523e-15
-5.46079e-15
-5.22844e-15
-4.94785e-15
-5.11769e-15
-4.81453e-15
-4.38574e-15
-3.89412e-15
-3.49905e-15
-2.75188e-15
-1.86026e-15
-1.43281e-15
-8.6545e-16
-1.95689e-16
-6.66755e-17
-3.16074e-16
-8.11649e-16
-1.38433e-15
-2.07186e-15
-2.89851e-15
-3.54018e-15
-3.97478e-15
-4.30264e-15
-5.06669e-15
-5.63246e-15
-6.06972e-15
-6.58523e-15
-6.80687e-15
-7.10503e-15
-7.55707e-15
-7.46263e-15
-7.5306e-15
-8.05087e-15
-8.28507e-15
-8.57863e-15
-8.84105e-15
-8.88148e-15
-8.48757e-15
-8.61426e-15
-8.55556e-15
-8.40344e-15
-8.49212e-15
-8.24975e-15
-7.67682e-15
-7.25306e-15
-7.03418e-15
-6.65962e-15
-6.39864e-15
-6.61786e-15
-6.2203e-15
-5.68087e-15
-5.222e-15
-5.12099e-15
-5.12413e-15
-5.19941e-15
-4.87241e-15
-4.42643e-15
-4.01306e-15
-3.46062e-15
-2.38613e-15
-2.01529e-15
-1.56452e-15
-8.26534e-16
-3.08333e-16
4.57424e-18
-3.24254e-16
-8.61861e-16
-1.60112e-15
-2.18323e-15
-3.24994e-15
-3.6066e-15
-4.04868e-15
-4.14862e-15
-5.17557e-15
-5.92373e-15
-6.19005e-15
-6.8074e-15
-6.89215e-15
-7.01607e-15
-7.5164e-15
-7.73636e-15
-7.79973e-15
-8.04738e-15
-8.40127e-15
-8.66515e-15
-9.1066e-15
-9.06903e-15
-8.45607e-15
-8.5747e-15
-8.62192e-15
-8.73916e-15
-8.44944e-15
-8.3559e-15
-7.73454e-15
-7.09045e-15
-7.06256e-15
-6.91668e-15
-6.60736e-15
-6.70819e-15
-6.15846e-15
-5.63769e-15
-5.32824e-15
-5.1219e-15
-5.38488e-15
-5.20109e-15
-4.87779e-15
-4.4875e-15
-4.02524e-15
-3.40059e-15
-2.76371e-15
-2.33683e-15
-1.58964e-15
-6.27583e-16
-9.9316e-17
-8.46061e-17
-2.20704e-16
-8.42736e-16
-1.59765e-15
-2.48449e-15
-3.50226e-15
-3.70704e-15
-3.98036e-15
-4.34116e-15
-5.18384e-15
-5.86397e-15
-6.32974e-15
-7.49752e-15
-7.49593e-15
-7.08823e-15
-7.47292e-15
-7.93193e-15
-8.27329e-15
-8.12889e-15
-8.556e-15
-8.97909e-15
-9.20338e-15
-9.26858e-15
-8.43647e-15
-8.67191e-15
-8.94639e-15
-8.89024e-15
-8.47799e-15
-8.2842e-15
-8.16354e-15
-7.48282e-15
-6.88985e-15
-6.99835e-15
-6.69099e-15
-6.53667e-15
-5.94267e-15
-5.7269e-15
-5.44153e-15
-5.0392e-15
-5.03675e-15
-5.41595e-15
-4.97105e-15
-4.5604e-15
-4.34596e-15
-3.99685e-15
-3.36874e-15
-2.23137e-15
-1.39162e-15
-6.68976e-16
-9.84934e-17
-2.24158e-16
-6.63528e-16
-1.30966e-15
-1.78359e-15
-2.8307e-15
-3.20507e-15
-4.04845e-15
-4.55126e-15
-4.52228e-15
-5.34282e-15
-5.80519e-15
-6.85001e-15
-7.88401e-15
-7.95606e-15
-7.53441e-15
-7.57546e-15
-7.93682e-15
-8.4648e-15
-8.51426e-15
-8.55472e-15
-8.7317e-15
-9.19482e-15
-9.53914e-15
-9.04906e-15
-8.8585e-15
-8.5668e-15
-9.15371e-15
-8.57785e-15
-8.19275e-15
-8.42844e-15
-7.47378e-15
-6.72918e-15
-7.12803e-15
-6.91576e-15
-6.08771e-15
-5.74402e-15
-5.18713e-15
-5.53671e-15
-5.4595e-15
-5.43623e-15
-5.51308e-15
-5.3156e-15
-4.49245e-15
-4.68536e-15
-4.50203e-15
-3.51954e-15
-2.34942e-15
-2.07306e-15
-1.22393e-15
-2.69183e-16
1.84219e-17
-5.21508e-16
-1.78554e-15
-2.42505e-15
-2.9747e-15
-3.4535e-15
-4.06115e-15
-4.23659e-15
-4.68809e-15
-5.45121e-15
-6.10541e-15
-7.14995e-15
-8.05857e-15
-8.10099e-15
-7.51159e-15
-7.6593e-15
-8.10279e-15
-8.90086e-15
-9.12784e-15
-9.18919e-15
-9.09558e-15
-9.10133e-15
-9.33694e-15
-9.34316e-15
-9.35948e-15
-8.98069e-15
-8.87816e-15
-8.51634e-15
-8.72776e-15
-8.19253e-15
-7.26319e-15
-6.72672e-15
-6.8195e-15
-6.80672e-15
-6.26218e-15
-5.50767e-15
-4.99353e-15
-5.75304e-15
-6.01841e-15
-6.05555e-15
-5.41132e-15
-5.65802e-15
-4.99572e-15
-5.40594e-15
-4.82045e-15
-4.04017e-15
-2.98096e-15
-2.21763e-15
-1.34595e-15
-6.11335e-16
-1.31299e-16
-1.05413e-15
-1.93449e-15
-2.76876e-15
-3.28538e-15
-3.42441e-15
-4.43807e-15
-4.98048e-15
-5.16999e-15
-5.71246e-15
-6.17924e-15
-7.307e-15
-7.55754e-15
-7.70583e-15
-7.7427e-15
-7.93011e-15
-8.81172e-15
-9.54492e-15
-9.34084e-15
-9.55596e-15
-8.71539e-15
-9.05143e-15
-9.47713e-15
-9.03146e-15
-9.21144e-15
-9.39848e-15
-8.87949e-15
-8.41954e-15
-8.83434e-15
-7.89101e-15
-7.33459e-15
-6.70755e-15
-6.74395e-15
-6.61462e-15
-5.63034e-15
-5.55142e-15
-5.21002e-15
-5.77857e-15
-6.11189e-15
-5.85569e-15
-6.0468e-15
-5.53994e-15
-5.37174e-15
-5.55881e-15
-5.15615e-15
-4.52149e-15
-3.43591e-15
-2.67223e-15
-1.6908e-15
-5.40326e-16
-7.08685e-16
-1.73519e-15
-2.14986e-15
-2.80567e-15
-3.50279e-15
-2.91802e-15
-4.81694e-15
-5.61471e-15
-5.59726e-15
-6.0582e-15
-6.90623e-15
-7.04288e-15
-6.88383e-15
-7.4958e-15
-7.87262e-15
-8.39489e-15
-9.43755e-15
-9.65557e-15
-9.99747e-15
-9.54923e-15
-9.09345e-15
-9.06095e-15
-9.0391e-15
-8.52682e-15
-8.97486e-15
-9.15802e-15
-9.07196e-15
-9.20138e-15
-8.68085e-15
-7.98847e-15
-7.40522e-15
-6.90103e-15
-6.61347e-15
-6.17982e-15
-5.25936e-15
-5.44886e-15
-5.52353e-15
-5.94922e-15
-6.56597e-15
-6.16582e-15
-6.11288e-15
-6.13394e-15
-5.29472e-15
-5.8946e-15
-5.3451e-15
-5.00717e-15
-3.68769e-15
-2.65012e-15
-1.5878e-15
-5.11755e-16
)
;

boundaryField
{
    movingWall
    {
        type            zeroGradient;
    }
    Inlet
    {
        type            fixedValue;
        value           uniform 0;
    }
    Outlet
    {
        type            fixedValue;
        value           uniform 0;
    }
    Bottom
    {
        type            zeroGradient;
    }
    frontAndBack
    {
        type            empty;
    }
}


// ************************************************************************* //
