/*--------------------------------*- C++ -*----------------------------------*\
| =========                 |                                                 |
| \\      /  F ield         | OpenFOAM: The Open Source CFD Toolbox           |
|  \\    /   O peration     | Version:  2.4.0                                 |
|   \\  /    A nd           | Web:      www.OpenFOAM.org                      |
|    \\/     M anipulation  |                                                 |
\*---------------------------------------------------------------------------*/
FoamFile
{
    version     2.0;
    format      ascii;
    class       volScalarField;
    location    "0.05";
    object      p;
}
// * * * * * * * * * * * * * * * * * * * * * * * * * * * * * * * * * * * * * //

dimensions      [0 2 -2 0 0 0 0];

internalField   nonuniform List<scalar> 
7200
(
4.12286e-06
-0.0846875
-0.0203346
0.323994
0.749846
1.11365
1.4216
1.69425
1.91188
2.02646
1.99259
1.78714
1.4164
0.910851
0.318909
-0.302115
-0.891391
-1.39222
-1.75719
-1.95699
-1.98629
-1.8688
-1.64989
-1.37709
-1.06935
-0.705556
-0.279446
0.0651349
0.129505
0.0447795
-0.015742
-0.0943449
0.0502216
0.446595
0.851995
1.17075
1.43713
1.6691
1.84433
1.92053
1.86179
1.65215
1.29986
0.83237
0.291475
-0.274067
-0.812559
-1.27575
-1.62271
-1.827
-1.88123
-1.80193
-1.62513
-1.39273
-1.12645
-0.807736
-0.402121
-0.00547771
0.139165
0.060535
-0.0357259
-0.0883578
0.141894
0.56643
0.934541
1.20753
1.43534
1.62926
1.76604
1.80953
1.73179
1.52212
1.18972
0.758993
0.26595
-0.247972
-0.738834
-1.16563
-1.4931
-1.69771
-1.77103
-1.72433
-1.58571
-1.3911
-1.16325
-0.890304
-0.522021
-0.0972149
0.133165
0.0805301
-0.0585674
-0.0623653
0.248985
0.676936
0.99854
1.229
1.42226
1.58235
1.6866
1.70421
1.61317
1.40632
1.09309
0.695176
0.243836
-0.225369
-0.674707
-1.069
-1.37763
-1.57968
-1.66642
-1.64553
-1.53924
-1.37823
-1.18478
-0.954326
-0.632583
-0.20437
0.107148
0.103379
-0.0820446
-0.0126975
0.368552
0.776912
1.04687
1.23815
1.39969
1.5292
1.60547
1.60218
1.50189
1.29988
1.00542
0.637699
0.223989
-0.20508
-0.616941
-0.981293
-1.27146
-1.46891
-1.56502
-1.565
-1.48653
-1.3559
-1.19401
-1.00269
-0.732609
-0.323998
0.0574479
0.126854
-0.102357
0.0630694
0.494855
0.863003
1.08027
1.2362
1.36858
1.47059
1.52289
1.50282
1.39647
1.20082
0.924721
0.585151
0.205903
-0.186579
-0.564111
-0.900549
-1.17261
-1.36393
-1.46623
-1.48299
-1.42838
-1.32507
-1.19217
-1.03613
-0.818748
-0.45036
-0.0183545
0.147157
-0.114297
0.165279
0.620599
0.931975
1.09924
1.22394
1.32981
1.4076
1.43977
1.4066
1.29688
1.10874
0.850486
0.537106
0.189419
-0.169702
-0.51579
-0.826241
-1.0807
-1.26473
-1.37053
-1.40042
-1.36585
-1.28661
-1.18007
-1.05516
-0.887772
-0.576163
-0.120602
0.159084
-0.11151
0.291669
0.738081
0.982025
1.10488
1.20234
1.28443
1.34134
1.35699
1.31395
1.2031
1.02328
0.782248
0.493196
0.174401
-0.154306
-0.471604
-0.757908
-0.995363
-1.17126
-1.27834
-1.31814
-1.30003
-1.24154
-1.15864
-1.06088
-0.937879
-0.693707
-0.247033
0.156281
-0.0868351
0.437219
0.839989
1.01286
1.09864
1.17237
1.23348
1.27283
1.27525
1.22513
1.11495
0.944022
0.719506
0.453036
0.160708
-0.140244
-0.431168
-0.695052
-0.916183
-1.08338
-1.18993
-1.23686
-1.23195
-1.19092
-1.12887
-1.05474
-0.96878
-0.795684
-0.39263
0.131588
-0.0327691
0.594257
0.920115
1.02551
1.08204
1.135
1.17804
1.20301
1.19513
1.1403
1.03223
0.870528
0.661792
0.416275
0.148211
-0.127385
-0.394126
-0.637202
-0.842732
-1.00088
-1.10544
-1.15716
-1.16253
-1.13581
-1.09172
-1.03827
-0.981514
-0.875887
-0.549724
0.0775002
0.0579671
0.752849
0.973987
1.02209
1.05651
1.0912
1.11916
1.13271
1.11711
1.05954
0.95472
0.802401
0.608679
0.382597
0.136796
-0.115612
-0.360164
-0.583937
-0.774614
-0.92354
-1.02499
-1.07951
-1.09261
-1.07725
-1.04815
-1.01288
-0.978186
-0.929846
-0.708383
-0.0132626
0.191816
0.901434
0.999357
1.00541
1.02327
1.04193
1.05786
1.06266
1.04156
0.982894
0.882185
0.739267
0.559786
0.351722
0.126361
-0.104821
-0.328999
-0.534871
-0.711457
-0.851134
-0.948594
-1.00429
-1.02292
-1.01626
-0.999127
-0.979801
-0.961609
-0.955314
-0.857051
-0.147146
0.373778
1.02768
0.996458
0.978559
0.983295
0.988199
0.995084
0.993484
0.968776
0.910349
0.814389
0.680774
0.514761
0.323399
0.116817
-0.0949205
-0.30038
-0.489659
-0.652912
-0.783427
-0.87626
-0.931802
-0.954065
-0.953791
-0.945636
-0.939993
-0.934881
-0.952525
-0.9834
-0.329155
0.606881
1.11948
0.968008
0.944508
0.93733
0.931045
0.93171
0.925706
0.898979
0.841853
0.751093
0.626594
0.473286
0.297402
0.108083
-0.0858281
-0.27408
-0.447982
-0.598655
-0.720185
-0.807935
-0.86226
-0.886581
-0.890701
-0.888719
-0.894205
-0.900958
-0.924193
-1.07531
-0.56232
0.891774
1.16591
0.918943
0.905697
0.885989
0.871546
0.868498
0.85975
0.832323
0.777326
0.692059
0.576421
0.435074
0.273527
0.100084
-0.0774707
-0.249896
-0.409552
-0.548382
-0.661174
-0.743543
-0.795824
-0.820888
-0.827754
-0.829452
-0.843045
-0.862284
-0.875254
-1.12188
-0.847293
1.2265
1.15826
0.855927
0.863781
0.829857
0.810793
0.80609
0.795958
0.768906
0.716664
0.637054
0.52997
0.399859
0.25159
0.0927577
-0.0697826
-0.227644
-0.374108
-0.501809
-0.606163
-0.682982
-0.732592
-0.757331
-0.76559
-0.768919
-0.787093
-0.820507
-0.812368
-1.11437
-1.18212
1.60648
1.0907
0.786678
0.819479
0.769616
0.749839
0.745003
0.734598
0.708778
0.659743
0.585852
0.486977
0.367403
0.231426
0.0860437
-0.062705
-0.20716
-0.34141
-0.458675
-0.554928
-0.626132
-0.672618
-0.696178
-0.704728
-0.708173
-0.727027
-0.776345
-0.743248
-1.04697
-1.56221
2.02466
0.960891
0.719196
0.772581
0.706152
0.68965
0.68564
0.675877
0.65195
0.606428
0.538233
0.447194
0.337486
0.212885
0.0798899
-0.0561852
-0.188294
-0.31124
-0.418734
-0.507253
-0.572859
-0.615915
-0.637638
-0.645567
-0.64818
-0.663733
-0.729585
-0.675893
-0.917328
-1.98054
2.47196
0.770133
0.660986
0.722093
0.640631
0.631045
0.628296
0.619949
0.598397
0.556573
0.493985
0.410392
0.309908
0.195833
0.0742484
-0.0501758
-0.170912
-0.283401
-0.38176
-0.462928
-0.523021
-0.56246
-0.581865
-0.588406
-0.589755
-0.598371
-0.679229
-0.617804
-0.726735
-2.42799
2.93773
0.523284
0.618355
0.666492
0.574507
0.574639
0.573191
0.56692
0.548067
0.510029
0.452905
0.37636
0.284487
0.180147
0.0690763
-0.044634
-0.154891
-0.257711
-0.347541
-0.421753
-0.47647
-0.512203
-0.528968
-0.533465
-0.533515
-0.532398
-0.623755
-0.575283
-0.480046
-2.89392
3.41046
0.228339
0.595867
0.604061
0.509486
0.520808
0.520491
0.516856
0.500884
0.466641
0.414801
0.344899
0.261056
0.165714
0.0643347
-0.0395213
-0.140122
-0.234004
-0.315882
-0.383536
-0.433055
-0.46507
-0.479014
-0.480911
-0.479836
-0.467518
-0.561443
-0.552895
-0.185253
-3.36682
3.87841
-0.104233
0.596011
0.533236
0.447419
0.469675
0.470339
0.469779
0.456754
0.426255
0.379487
0.315827
0.239463
0.152435
0.0599882
-0.0348029
-0.126503
-0.212129
-0.286601
-0.348096
-0.392622
-0.420969
-0.432027
-0.430887
-0.428842
-0.405582
-0.49073
-0.553128
0.147181
-3.83494
4.33033
-0.462326
0.619103
0.452931
0.390168
0.421123
0.422874
0.425671
0.415573
0.388716
0.34679
0.288972
0.219567
0.140217
0.0560047
-0.0304472
-0.113942
-0.191946
-0.25953
-0.315259
-0.35502
-0.379797
-0.387988
-0.383534
-0.380416
-0.348453
-0.410531
-0.576297
0.505152
-4.28702
4.75601
-0.833115
0.663415
0.362789
0.339436
0.374836
0.37825
0.384471
0.37723
0.353872
0.316543
0.264177
0.20124
0.128975
0.0523552
-0.0264257
-0.102358
-0.173329
-0.234512
-0.284862
-0.320097
-0.341445
-0.34684
-0.339007
-0.334245
-0.297835
-0.320488
-0.620677
0.875835
-4.71284
5.14673
-1.20395
0.72551
0.263318
0.29661
0.330365
0.336638
0.346078
0.34161
0.32157
0.288591
0.241295
0.184365
0.118634
0.0490131
-0.0227124
-0.091673
-0.15616
-0.2114
-0.256749
-0.287705
-0.305802
-0.308482
-0.297477
-0.289878
-0.255117
-0.221112
-0.682833
1.24658
-5.10369
5.49561
-1.56315
0.800711
0.155923
0.262629
0.287203
0.298221
0.310352
0.308604
0.291663
0.262785
0.220188
0.168832
0.109122
0.045954
-0.0192837
-0.0818182
-0.140333
-0.19006
-0.230776
-0.257696
-0.272757
-0.272775
-0.259129
-0.24681
-0.221237
-0.113808
-0.758091
1.60571
-5.45268
5.79773
-1.90064
0.883647
0.0428067
0.237894
0.244867
0.26318
0.27712
0.278105
0.264004
0.238988
0.20073
0.154543
0.100376
0.0431559
-0.016118
-0.0727297
-0.125748
-0.170365
-0.206806
-0.229925
-0.242207
-0.239547
-0.224144
-0.204557
-0.196597
-0.000779139
-0.841082
1.94314
-5.75488
6.05011
-2.20833
0.9688
-0.0732137
0.222236
0.202976
0.231672
0.246186
0.250012
0.238448
0.217069
0.182801
0.141405
0.0923354
0.0405985
-0.0131956
-0.0643492
-0.112315
-0.152198
-0.18471
-0.204249
-0.214052
-0.208605
-0.192678
-0.16274
-0.181028
0.115156
-0.926291
2.25078
-6.00733
6.25161
-2.48035
1.051
-0.188962
0.214943
0.161305
0.203802
0.217344
0.224232
0.214853
0.196909
0.166292
0.129334
0.0849472
0.0382633
-0.0104987
-0.0566231
-0.0999502
-0.135449
-0.164369
-0.18053
-0.188202
-0.179742
-0.164838
-0.121131
-0.173821
0.230822
-1.00855
2.52276
-6.20887
6.40268
-2.71303
1.12579
-0.301181
0.214848
0.11982
0.179605
0.190386
0.200675
0.193082
0.178393
0.151097
0.118253
0.0781611
0.0361331
-0.00801064
-0.0495021
-0.0885761
-0.120015
-0.145671
-0.158629
-0.164567
-0.152752
-0.140661
-0.0796998
-0.173807
0.342962
-1.08341
2.7554
-6.35996
6.50504
-2.90471
1.18972
-0.406802
0.220446
0.078688
0.159028
0.165119
0.179253
0.173002
0.161415
0.137122
0.108088
0.0719311
0.0341923
-0.00571636
-0.0429409
-0.0781216
-0.105802
-0.128511
-0.138417
-0.143062
-0.127443
-0.120093
-0.0386108
-0.179481
0.448506
-1.14742
2.94704
-6.46234
6.56146
-3.05546
1.24042
-0.503168
0.230042
0.038256
0.141918
0.141374
0.159877
0.154485
0.145877
0.124277
0.0987745
0.0662149
0.0324264
-0.00360192
-0.0368977
-0.0685209
-0.0927193
-0.112791
-0.119766
-0.123599
-0.103649
-0.102981
0.00178886
-0.189148
0.544802
-1.19821
3.09777
-6.51877
6.57537
-3.16676
1.2766
-0.588202
0.241904
-0.000988344
0.128023
0.119019
0.142454
0.137411
0.131686
0.112477
0.09025
0.0609735
0.0308222
-0.00165451
-0.0313339
-0.059713
-0.0806853
-0.0984196
-0.102558
-0.106086
-0.0812393
-0.0890775
0.0410112
-0.201077
0.629771
-1.23448
3.20903
-6.53269
6.55067
-3.24108
1.29796
-0.660492
0.254398
-0.0384709
0.117007
0.0979603
0.12688
0.121669
0.118755
0.101644
0.0824575
0.0561708
0.0293673
0.000137747
-0.0262141
-0.0516414
-0.0696222
-0.0853097
-0.0866831
-0.0904224
-0.060121
-0.0780456
0.0784817
-0.213632
0.702003
-1.25595
3.2833
-6.508
6.49147
-3.28156
1.305
-0.719307
0.266096
-0.0735913
0.108464
0.0781445
0.113044
0.107156
0.106999
0.0917081
0.075344
0.0517737
0.0280503
0.00178583
-0.0215055
-0.0442536
-0.0594585
-0.0733787
-0.0720396
-0.0764978
-0.0402434
-0.069482
0.1136
-0.225387
0.760769
-1.2631
3.32374
-6.44882
6.40196
-3.29174
1.29882
-0.764554
0.275858
-0.105782
0.101947
0.0595566
0.100823
0.0937811
0.096339
0.0826008
0.0688604
0.0477515
0.0268606
0.00329996
-0.0171778
-0.0375006
-0.0501278
-0.0625476
-0.0585376
-0.0641904
-0.0215931
-0.0629408
0.145797
-0.235199
0.805975
-1.25704
3.33387
-6.35934
6.28625
-3.27529
1.28092
-0.796684
0.28286
-0.13456
0.0969935
0.0422128
0.0900841
0.0814653
0.0866989
0.074261
0.0629605
0.0440761
0.0257885
0.00468964
-0.0132033
-0.0313368
-0.0415692
-0.0527401
-0.046098
-0.0533687
-0.00418796
-0.0579612
0.174587
-0.242247
0.838075
-1.23926
3.31738
-6.24367
6.1483
-3.23586
1.25301
-0.816576
0.286606
-0.15956
0.0931529
0.0261513
0.0806859
0.0701395
0.0780044
0.0666324
0.0576013
0.0407215
0.0248246
0.00596377
-0.00955627
-0.0257196
-0.0337265
-0.0438827
-0.0346525
-0.0438922
0.0119323
-0.0540953
0.199606
-0.246035
0.857947
-1.21147
3.27791
-6.10578
5.99186
-3.17699
1.21685
-0.825406
0.286897
-0.18056
0.0900123
0.0114219
0.0724821
0.0597453
0.0701835
0.0596634
0.0527425
0.0376638
0.0239604
0.00713066
-0.00621309
-0.0206088
-0.0265485
-0.0359034
-0.0241433
-0.0356154
0.0267165
-0.0509319
0.220628
-0.246364
0.866767
-1.17544
3.219
-5.94941
5.82044
-3.10198
1.17418
-0.824532
0.283786
-0.197484
0.0872143
-0.00192471
0.0653252
0.0502336
0.0631662
0.0533071
0.0483463
0.034881
0.0231878
0.00819815
-0.00315204
-0.0159668
-0.0199885
-0.0287327
-0.0145213
-0.0283911
0.0401126
-0.0481151
0.237575
-0.243289
0.86589
-1.13289
3.14395
-5.77808
5.63729
-3.01389
1.12659
-0.81538
0.277526
-0.210397
0.0844694
-0.0138462
0.0590707
0.0415631
0.056885
0.0475208
0.044377
0.032353
0.0224994
0.00917358
-0.000353155
-0.0117582
-0.0140038
-0.0223028
-0.00574533
-0.0220752
0.0520777
-0.0453572
0.25051
-0.237064
0.856743
-1.08543
3.05583
-5.59502
5.44533
-2.91553
1.07553
-0.799368
0.268503
-0.219484
0.0815617
-0.0243167
0.053581
0.0336983
0.0512744
0.0422659
0.0408011
0.0300613
0.0218881
0.0100639
0.00220192
-0.00794975
-0.008556
-0.0165485
0.00221998
-0.0165301
0.062585
-0.0424433
0.259616
-0.228077
0.84074
-1.03448
2.95744
-5.40316
5.24722
-2.80942
1.02226
-0.777838
0.25719
-0.22503
0.0783485
-0.0333318
0.0487298
0.026608
0.0462719
0.0375071
0.0375873
0.0279889
0.021347
0.0108756
0.00453001
-0.00450993
-0.00360996
-0.0114071
0.00940608
-0.0116291
0.0716301
-0.0392315
0.265176
-0.216801
0.819222
-0.981327
2.85131
-5.20516
5.0453
-2.6978
0.967869
-0.752023
0.244089
-0.227387
0.0747542
-0.0409117
0.044404
0.0202629
0.0418179
0.0332124
0.0347057
0.0261203
0.0208702
0.011615
0.0066466
-0.00140924
0.00086631
-0.00681914
0.0158423
-0.0072592
0.0792329
-0.0356466
0.267539
-0.203742
0.793418
-0.927046
2.73968
-5.00334
4.8416
-2.58265
0.913269
-0.72302
0.229704
-0.226951
0.0707609
-0.0471012
0.0405066
0.0146345
0.0378568
0.0293525
0.0321288
0.0244412
0.0204516
0.0122877
0.00856596
0.00137999
0.00490209
-0.00272875
0.0215574
-0.00332274
0.0854385
-0.031671
0.2671
-0.189404
0.764423
-0.872551
2.62452
-4.79976
4.63786
-2.46566
0.859214
-0.691785
0.214505
-0.224134
0.0663973
-0.0519683
0.0369571
0.00969342
0.0343368
0.0259004
0.0298305
0.0229384
0.0200859
0.0128993
0.0103012
0.00388369
0.00852442
0.000915909
0.0265808
0.000261266
0.0903151
-0.027333
0.264271
-0.174259
0.733189
-0.818599
2.50754
-4.59613
4.43556
-2.3483
0.806314
-0.65913
0.198913
-0.219345
0.0617264
-0.0556004
0.0336916
0.00540873
0.0312106
0.0228308
0.0277868
0.0215998
0.0197679
0.0134548
0.0118644
0.00612598
0.0117585
0.00416225
0.0309439
0.0035572
0.0939508
-0.0226949
0.259461
-0.158728
0.700529
-0.765801
2.39017
-4.39394
4.23587
-2.23176
0.755049
-0.625739
0.183292
-0.212975
0.056833
-0.0581004
0.0306619
0.00174701
0.0284356
0.0201202
0.0259753
0.0204142
0.0194929
0.013959
0.0132668
0.00812931
0.0146279
0.00705305
0.0346802
0.00661374
0.0964491
-0.0178409
0.253058
-0.143175
0.66712
-0.71464
2.27363
-4.19437
4.03977
-2.11701
0.705786
-0.592167
0.167944
-0.205383
0.051814
-0.0595816
0.027834
-0.0013275
0.0259737
0.0177461
0.0243754
0.0193713
0.0192566
0.0144164
0.0145189
0.00991429
0.0171551
0.00962641
0.0378257
0.0094654
0.0979238
-0.0128668
0.245423
-0.127903
0.63352
-0.665483
2.15887
-3.99837
3.84798
-2.00483
0.658787
-0.558863
0.153108
-0.196887
0.0467686
-0.0601628
0.0251862
-0.00385294
0.0237918
0.0156872
0.0229682
0.0184615
0.0190551
0.0148311
0.0156303
0.0114999
0.0193615
0.0119157
0.0404187
0.0121345
0.0984945
-0.00787075
0.236877
-0.113151
0.600175
-0.618593
2.04669
-3.8067
3.66106
-1.89581
0.614229
-0.526177
0.138969
-0.187768
0.041792
-0.0599639
0.0227064
-0.00586943
0.021861
0.0139229
0.0217365
0.0176756
0.0188845
0.0152066
0.0166101
0.0129033
0.0212679
0.0139497
0.0424994
0.0146335
0.0982818
-0.00294694
0.227698
-0.0991016
0.567435
-0.574148
1.93764
-3.61989
3.47938
-1.79036
0.572209
-0.494376
0.125658
-0.178262
0.0369702
-0.0591021
0.0203902
-0.00741833
0.0201571
0.0124332
0.020665
0.0170055
0.0187419
0.0155465
0.0174669
0.0141401
0.0228942
0.015753
0.0441095
0.016967
0.0974033
0.00181985
0.218126
-0.0858856
0.535569
-0.532245
1.83216
-3.43833
3.30319
-1.68876
0.532762
-0.463654
0.113261
-0.168565
0.0323764
-0.0576883
0.0182386
-0.00854164
0.0186593
0.0111989
0.0197397
0.016443
0.0186241
0.0158538
0.0182087
0.0152244
0.0242597
0.0173462
0.0452909
0.0191346
0.0959706
0.00635709
0.208356
-0.0735889
0.504769
-0.492918
1.73052
-3.26226
3.1326
-1.59119
0.495869
-0.434145
0.101829
-0.158834
0.0280701
-0.0558252
0.0162559
-0.00928122
0.0173508
0.0102013
0.0189482
0.0159809
0.0185287
0.0161313
0.0188431
0.0161686
0.0253834
0.0187466
0.0460859
0.0211321
0.094087
0.0106064
0.198549
-0.0622594
0.475172
-0.45615
1.63289
-3.09181
2.96765
-1.4977
0.461468
-0.405931
0.0913791
-0.149195
0.024096
-0.0536057
0.014448
-0.00967797
0.0162173
0.00942239
0.0182796
0.0156121
0.0184535
0.0163812
0.0193772
0.0169838
0.0262831
0.0199682
0.0465352
0.0229538
0.0918456
0.0145236
0.188831
-0.0519131
0.446861
-0.421876
1.53933
-2.92699
2.80827
-1.40829
0.429466
-0.379055
0.0819029
-0.139743
0.0204849
-0.0511119
0.0128211
-0.00977118
0.0152475
0.00884486
0.0177244
0.01533
0.0183965
0.0166057
0.0198177
0.0176797
0.0269765
0.0210226
0.0466784
0.0245938
0.089329
0.0180788
0.179297
-0.0425411
0.41988
-0.390002
1.44984
-2.76775
2.65435
-1.32287
0.399742
-0.353524
0.0733728
-0.130548
0.0172544
-0.0484149
0.0113808
-0.009598
0.014432
0.00845226
0.0172743
0.0151285
0.0183561
0.0168066
0.0201711
0.0182648
0.0274801
0.0219193
0.0465528
0.0260466
0.0866086
0.0212544
0.170018
-0.0341142
0.394238
-0.360406
1.36433
-2.61397
2.50571
-1.24133
0.372158
-0.329323
0.0657457
-0.121659
0.0144111
-0.0455752
0.010131
-0.00919288
0.0137633
0.00822902
0.016922
0.0150018
0.0183311
0.0169854
0.0204432
0.0187464
0.0278095
0.0226659
0.0461927
0.0273082
0.0837452
0.0240446
0.161046
-0.0265885
0.369922
-0.332949
1.28269
-2.46547
2.36215
-1.1635
0.346564
-0.306414
0.0589677
-0.113107
0.0119518
-0.0426432
0.00907394
-0.00858724
0.013235
0.00816054
0.0166614
0.0149445
0.0183203
0.0171434
0.0206397
0.0191308
0.0279795
0.0232688
0.0456299
0.0283766
0.0807892
0.0264527
0.152411
-0.0199089
0.346895
-0.307478
1.20474
-2.32205
2.22341
-1.08919
0.322801
-0.284748
0.0529766
-0.104913
0.00986539
-0.0396598
0.00820993
-0.00780933
0.0128421
0.00823331
0.0164874
0.0149517
0.018323
0.0172816
0.0207658
0.0194233
0.0280037
0.0237332
0.0448925
0.0292515
0.0777819
0.0284901
0.144135
-0.0140128
0.325109
-0.283835
1.13031
-2.18347
2.08925
-1.01818
0.300707
-0.264265
0.0477056
-0.0970837
0.00813469
-0.0366577
0.00753723
-0.00688398
0.0125802
0.00843505
0.0163956
0.0150188
0.0183386
0.0174008
0.020826
0.0196285
0.0278947
0.0240635
0.0440055
0.0299347
0.074756
0.0301738
0.136225
-0.00883279
0.304505
-0.261856
1.05918
-2.04946
1.9594
-0.950264
0.280121
-0.244898
0.0430851
-0.0896194
0.00673803
-0.0336623
0.00705242
-0.00583273
0.0124457
0.00875466
0.0163825
0.0151416
0.0183666
0.0175017
0.0208249
0.01975
0.0276635
0.0242634
0.0429905
0.0304295
0.0717371
0.0315258
0.128681
-0.00429894
0.285017
-0.241378
0.991129
-1.91974
1.83356
-0.885205
0.26088
-0.226578
0.0390447
-0.082515
0.00565069
-0.0306927
0.00675063
-0.00467379
0.0124356
0.00918233
0.0164451
0.0153165
0.0184068
0.0175846
0.0207663
0.0197909
0.0273202
0.0243359
0.0418659
0.0307409
0.0687442
0.0325706
0.121499
-0.000340502
0.266577
-0.222238
0.925935
-1.79404
1.71145
-0.822779
0.242829
-0.209236
0.0355144
-0.0757611
0.00484619
-0.0277625
0.00662596
-0.00342216
0.0125473
0.00970963
0.0165814
0.0155403
0.0184592
0.0176498
0.0206535
0.0197536
0.0268732
0.0242839
0.0406466
0.0308746
0.0657911
0.0333346
0.11467
0.00311264
0.249117
-0.20428
0.863369
-1.67207
1.5928
-0.762761
0.225813
-0.192806
0.0324258
-0.0693463
0.0042974
-0.0248811
0.00667192
-0.00208983
0.0127787
0.0103294
0.0167898
0.0158101
0.0185239
0.0176975
0.0204897
0.0196397
0.02633
0.0241092
0.0393447
0.0308371
0.062887
0.033845
0.108182
0.00612888
0.232569
-0.187349
0.803211
-1.55355
1.47734
-0.704938
0.209687
-0.177224
0.029713
-0.063258
0.0039775
-0.022054
0.00688182
-0.000685954
0.0131284
0.0110359
0.0170692
0.0161238
0.018601
0.0177277
0.0202772
0.0194505
0.0256964
0.0238136
0.0379693
0.0306352
0.0600374
0.0341284
0.102023
0.00877405
0.216872
-0.171299
0.745245
-1.4382
1.36479
-0.649109
0.194311
-0.162435
0.0273135
-0.0574837
0.0038608
-0.0192835
0.00724925
0.000783046
0.0135954
0.0118248
0.0174193
0.0164794
0.0186908
0.0177402
0.0200182
0.0191864
0.0249769
0.0233979
0.0365271
0.030275
0.0572447
0.0342102
0.0961792
0.0111105
0.20197
-0.155992
0.689275
-1.32577
1.25494
-0.595096
0.179558
-0.148391
0.0251688
-0.0520118
0.0039235
-0.0165697
0.00776853
0.0023132
0.0141797
0.0126929
0.0178401
0.0168756
0.0187939
0.017735
0.019714
0.0188476
0.0241748
0.0228625
0.0350219
0.0297622
0.0545088
0.0341141
0.0906398
0.0131965
0.187814
-0.141297
0.63512
-1.21602
1.14755
-0.542749
0.165308
-0.135055
0.0232256
-0.046832
0.00414437
-0.0139104
0.00843512
0.0039029
0.0148817
0.0136385
0.0183324
0.0173117
0.0189106
0.0177116
0.0193658
0.0184335
0.0232919
0.0222067
0.0334554
0.0291012
0.0518273
0.0338611
0.0853942
0.0150853
0.174369
-0.127097
0.582633
-1.10872
1.04246
-0.491956
0.15146
-0.122405
0.0214361
-0.0419366
0.00450532
-0.0113014
0.00924598
0.00555271
0.0157031
0.0146612
0.0188975
0.0177873
0.0190417
0.0176697
0.0189741
0.0179431
0.0223288
0.0214291
0.0318271
0.0282951
0.0491961
0.033469
0.0804345
0.016824
0.161612
-0.11329
0.5317
-1.00372
0.939554
-0.442657
0.137928
-0.110435
0.0197598
-0.0373203
0.00499211
-0.00873722
0.0102001
0.00726531
0.0166464
0.0157619
0.0195371
0.0183026
0.0191879
0.0176087
0.0185389
0.0173745
0.0212847
0.0205271
0.0301342
0.0273446
0.0466095
0.0329516
0.0757552
0.0184529
0.149538
-0.0997916
0.482265
-0.900888
0.838795
-0.394868
0.124655
-0.0991609
0.0181647
-0.0329811
0.00559493
-0.00621068
0.0112985
0.00904539
0.0177154
0.0169426
0.020254
0.0188582
0.01935
0.0175281
0.0180598
0.0167256
0.0201578
0.019497
0.0283722
0.0262486
0.0440602
0.0323186
0.071354
0.0200033
0.138162
-0.0865435
0.434342
-0.800193
0.740264
-0.348701
0.111612
-0.0886236
0.0166286
-0.0289201
0.00630905
-0.00371313
0.0125453
0.0108996
0.0189154
0.0182068
0.0210511
0.0194555
0.0195289
0.0174272
0.0175357
0.0159931
0.0189447
0.0183336
0.0265344
0.025003
0.0415393
0.0315742
0.067232
0.0214968
0.127525
-0.07352
0.388047
-0.701717
0.644212
-0.304411
0.0988165
-0.0788934
0.0151413
-0.0251416
0.0071355
-0.00123414
0.0139473
0.0128366
0.0202532
0.0195592
0.0219326
0.020096
0.0197257
0.0173052
0.0169652
0.0151735
0.0176409
0.0170303
0.0246121
0.0236008
0.0390363
0.030717
0.063393
0.0229429
0.117697
-0.0607381
0.343634
-0.605709
0.551137
-0.26244
0.0863383
-0.0700742
0.0137063
-0.0216525
0.00808148
0.00123829
0.0155144
0.0148669
0.0217368
0.0210054
0.0229029
0.020782
0.0199415
0.017161
0.0163465
0.0142623
0.0162409
0.0155789
0.0225948
0.0220318
0.0365391
0.0297393
0.0598441
0.0243371
0.108784
-0.0482699
0.301546
-0.512671
0.461892
-0.22347
0.0743104
-0.0623016
0.0123401
-0.0184617
0.00915893
0.00371684
0.017258
0.0170009
0.0233742
0.022551
0.0239661
0.0215154
0.0201774
0.0169941
0.0156776
0.0132557
0.0147393
0.0139716
0.0204723
0.0202845
0.0340347
0.0286286
0.0565936
0.0256617
0.100922
-0.0362505
0.262471
-0.423453
0.377753
-0.188424
0.0628819
-0.0557148
0.0110582
-0.0155699
0.0103807
0.00621856
0.0191905
0.0192516
0.0251744
0.024203
0.0251269
0.0222989
0.0204343
0.0168037
0.0149563
0.0121492
0.0131293
0.0121995
0.0182313
0.0183466
0.0315059
0.0273717
0.053642
0.0269004
0.0942486
-0.024831
0.227332
-0.339334
0.300515
-0.158647
0.0521497
-0.0504515
0.00987217
-0.0129525
0.0117846
0.00879438
0.0213575
0.0216653
0.0271755
0.025993
0.026408
0.0231467
0.020717
0.0165858
0.014169
0.0109206
0.0113796
0.0102249
0.0158257
0.0161718
0.0289012
0.0259298
0.0509635
0.0280398
0.0889025
-0.0141109
0.197479
-0.262107
0.234336
-0.137569
0.042816
-0.0469894
0.00898746
-0.0106357
0.0135264
0.0115321
0.023899
0.0243431
0.0294851
0.0279961
0.0278729
0.0240926
0.0210408
0.0163273
0.0132841
0.00950864
0.00941688
0.00794076
0.0131549
0.0136198
0.0261317
0.0241445
0.0485825
0.0288699
0.0853604
-0.00479905
0.176348
-0.195933
0.191559
-0.134603
0.0398496
-0.0475078
0.00966938
-0.00923288
0.0158965
0.014146
0.0268084
0.0270806
0.0320178
0.0300664
0.0294514
0.0250641
0.0213977
0.0160346
0.0123726
0.00798157
0.00738633
0.00543184
0.0104241
0.0106968
0.0234865
0.0217238
0.0471191
0.0281181
0.0858146
-0.00188179
0.173366
-0.15316
-2.65494e-05
-0.0847251
-0.0203835
0.323995
0.749876
1.11369
1.42165
1.6943
1.91194
2.02652
1.99267
1.78722
1.41647
0.910922
0.31898
-0.302043
-0.891317
-1.39214
-1.75711
-1.95691
-1.98621
-1.86873
-1.64983
-1.37703
-1.06929
-0.705505
-0.279396
0.0651843
0.129556
0.0448312
-0.015784
-0.0943932
0.0501922
0.44661
0.852031
1.1708
1.43718
1.66916
1.84439
1.9206
1.86187
1.65222
1.29993
0.832441
0.291546
-0.273996
-0.812486
-1.27568
-1.62264
-1.82693
-1.88116
-1.80187
-1.62506
-1.39267
-1.1264
-0.807684
-0.402071
-0.00542846
0.139215
0.0605867
-0.0357814
-0.0884046
0.141887
0.566456
0.934581
1.20757
1.43539
1.62932
1.7661
1.8096
1.73187
1.52219
1.18979
0.759064
0.26602
-0.247901
-0.738761
-1.16556
-1.49303
-1.69763
-1.77096
-1.72426
-1.58565
-1.39104
-1.16319
-0.890252
-0.521971
-0.0971656
0.133215
0.0805819
-0.0586315
-0.0624011
0.248997
0.676969
0.998584
1.22905
1.42231
1.58241
1.68667
1.70428
1.61324
1.40639
1.09317
0.695246
0.243906
-0.225298
-0.674635
-1.06893
-1.37755
-1.5796
-1.66634
-1.64546
-1.53917
-1.37817
-1.18472
-0.954273
-0.632532
-0.204321
0.107198
0.10343
-0.0821073
-0.0127171
0.368577
0.77695
1.04692
1.2382
1.39974
1.52926
1.60553
1.60225
1.50196
1.29996
1.00549
0.637769
0.224058
-0.205009
-0.616868
-0.981219
-1.27138
-1.46883
-1.56494
-1.56493
-1.48647
-1.35584
-1.19396
-1.00263
-0.732557
-0.323947
0.0574982
0.126905
-0.10241
0.0630662
0.49489
0.863045
1.08032
1.23625
1.36863
1.47066
1.52295
1.50289
1.39654
1.20089
0.924792
0.58522
0.205971
-0.18651
-0.56404
-0.900475
-1.17254
-1.36386
-1.46616
-1.48292
-1.42832
-1.325
-1.19212
-1.03608
-0.818696
-0.450309
-0.0183042
0.147209
-0.114337
0.165289
0.620639
0.932019
1.09929
1.224
1.32987
1.40767
1.43984
1.40667
1.29696
1.10881
0.850556
0.537174
0.189487
-0.169633
-0.515719
-0.826167
-1.08062
-1.26465
-1.37046
-1.40034
-1.36578
-1.28654
-1.18001
-1.0551
-0.887719
-0.576112
-0.120551
0.159135
-0.111535
0.291689
0.738124
0.982071
1.10493
1.20239
1.28449
1.34141
1.35706
1.31402
1.20317
1.02335
0.782317
0.493263
0.174468
-0.154238
-0.471534
-0.757835
-0.995287
-1.17119
-1.27827
-1.31807
-1.29996
-1.24147
-1.15858
-1.06082
-0.937826
-0.693655
-0.246982
0.156332
-0.0868457
0.437245
0.840035
1.01291
1.09869
1.17242
1.23354
1.2729
1.27532
1.2252
1.11502
0.944092
0.719574
0.453103
0.160774
-0.140177
-0.431099
-0.69498
-0.916108
-1.08331
-1.18985
-1.23679
-1.23188
-1.19085
-1.12881
-1.05468
-0.968726
-0.795632
-0.392578
0.131639
-0.0327676
0.594288
0.920162
1.02556
1.0821
1.13506
1.1781
1.20308
1.19521
1.14037
1.0323
0.870598
0.661858
0.41634
0.148276
-0.127319
-0.394058
-0.637131
-0.842658
-1.0008
-1.10537
-1.15708
-1.16246
-1.13574
-1.09166
-1.03821
-0.981459
-0.875833
-0.549672
0.0775517
0.0579783
0.752881
0.974035
1.02214
1.05657
1.09126
1.11923
1.13278
1.11718
1.05961
0.954792
0.80247
0.608745
0.382661
0.13686
-0.115547
-0.360096
-0.583866
-0.774541
-0.923465
-1.02491
-1.07943
-1.09254
-1.07718
-1.04809
-1.01282
-0.978131
-0.929792
-0.708331
-0.0132109
0.191835
0.901469
0.999407
1.00546
1.02333
1.04199
1.05792
1.06273
1.04163
0.982968
0.882256
0.739334
0.559849
0.351785
0.126424
-0.104757
-0.328933
-0.534802
-0.711384
-0.851058
-0.948517
-1.00422
-1.02284
-1.01619
-0.999063
-0.979742
-0.961553
-0.95526
-0.856999
-0.147094
0.373803
1.02772
0.99651
0.978611
0.983353
0.988263
0.995152
0.993557
0.96885
0.910422
0.814459
0.680839
0.514823
0.32346
0.116879
-0.0948578
-0.300315
-0.489591
-0.652841
-0.783352
-0.876183
-0.931726
-0.953992
-0.953721
-0.945571
-0.939932
-0.934823
-0.95247
-0.983347
-0.329103
0.606911
1.11951
0.968061
0.944561
0.937389
0.931109
0.931779
0.92578
0.899054
0.841926
0.751161
0.626658
0.473347
0.297461
0.108142
-0.0857668
-0.274016
-0.447915
-0.598585
-0.720111
-0.807859
-0.862184
-0.886507
-0.890631
-0.888653
-0.894143
-0.9009
-0.924138
-1.07526
-0.562268
0.891808
1.16595
0.918998
0.905752
0.88605
0.871612
0.868568
0.859824
0.832398
0.777398
0.692126
0.576483
0.435132
0.273584
0.100143
-0.0774108
-0.249833
-0.409486
-0.548312
-0.6611
-0.743467
-0.795747
-0.820814
-0.827683
-0.829385
-0.842983
-0.862225
-0.875198
-1.12183
-0.84724
1.22654
1.1583
0.855983
0.863837
0.82992
0.81086
0.806161
0.796033
0.76898
0.716734
0.637119
0.53003
0.399916
0.251645
0.0928142
-0.0697241
-0.227583
-0.374043
-0.501741
-0.606091
-0.682907
-0.732516
-0.757256
-0.765518
-0.768851
-0.78703
-0.820448
-0.812311
-1.11432
-1.18207
1.60652
1.09075
0.786735
0.819536
0.76968
0.749907
0.745076
0.734673
0.708852
0.659812
0.585915
0.487034
0.367458
0.23148
0.0860987
-0.062648
-0.2071
-0.341346
-0.458608
-0.554857
-0.626057
-0.672542
-0.696103
-0.704655
-0.708105
-0.726963
-0.776285
-0.743191
-1.04692
-1.56216
2.02471
0.960942
0.719255
0.77264
0.706218
0.68972
0.685713
0.675952
0.652023
0.606495
0.538293
0.447249
0.337538
0.212937
0.0799431
-0.0561298
-0.188236
-0.311179
-0.418668
-0.507183
-0.572785
-0.615839
-0.637562
-0.645494
-0.64811
-0.663667
-0.729523
-0.675835
-0.917273
-1.98048
2.47201
0.770187
0.661046
0.722153
0.640698
0.631116
0.62837
0.620023
0.598469
0.556638
0.494043
0.410445
0.309958
0.195883
0.0742998
-0.050122
-0.170855
-0.283341
-0.381695
-0.46286
-0.522948
-0.562385
-0.581789
-0.588332
-0.589685
-0.598305
-0.679167
-0.617745
-0.72668
-2.42793
2.93778
0.52334
0.618416
0.666554
0.574576
0.574711
0.573265
0.566994
0.548137
0.510092
0.45296
0.37641
0.284535
0.180195
0.0691259
-0.0445819
-0.154836
-0.257653
-0.347478
-0.421686
-0.476399
-0.512129
-0.528893
-0.533391
-0.533444
-0.532331
-0.623692
-0.575224
-0.47999
-2.89387
3.41051
0.228397
0.595929
0.604124
0.509556
0.520881
0.520565
0.516929
0.500951
0.466701
0.414853
0.344947
0.261102
0.16576
0.0643824
-0.0394709
-0.140068
-0.233947
-0.315821
-0.383471
-0.432985
-0.464996
-0.478939
-0.480837
-0.479765
-0.46745
-0.561379
-0.552835
-0.185196
-3.36676
3.87847
-0.104173
0.596074
0.533301
0.44749
0.469748
0.470413
0.469851
0.456819
0.426312
0.379537
0.315871
0.239506
0.152479
0.060034
-0.0347543
-0.126451
-0.212074
-0.286542
-0.348032
-0.392553
-0.420896
-0.431952
-0.430813
-0.42877
-0.405514
-0.490665
-0.553067
0.147239
-3.83489
4.33039
-0.462264
0.619167
0.452998
0.39024
0.421196
0.422947
0.425741
0.415636
0.388769
0.346836
0.289014
0.219608
0.140258
0.0560487
-0.0304004
-0.113893
-0.191893
-0.259473
-0.315197
-0.354953
-0.379726
-0.387914
-0.38346
-0.380344
-0.348384
-0.410466
-0.576236
0.50521
-4.28697
4.75607
-0.833051
0.66348
0.362857
0.339508
0.37491
0.378322
0.384539
0.377289
0.353921
0.316586
0.264216
0.201278
0.129015
0.0523972
-0.0263807
-0.10231
-0.173277
-0.234456
-0.284801
-0.320032
-0.341375
-0.346767
-0.338933
-0.334172
-0.297766
-0.320422
-0.620615
0.875894
-4.71279
5.14679
-1.20388
0.725576
0.263387
0.296683
0.330438
0.336708
0.346143
0.341666
0.321617
0.28863
0.241331
0.1844
0.118671
0.0490531
-0.0226692
-0.0916266
-0.15611
-0.211346
-0.256691
-0.287641
-0.305733
-0.30841
-0.297404
-0.289806
-0.255047
-0.221046
-0.682771
1.24664
-5.10364
5.49567
-1.56309
0.800778
0.155993
0.262702
0.287275
0.29829
0.310413
0.308656
0.291706
0.262821
0.220221
0.168865
0.109157
0.0459921
-0.0192423
-0.0817735
-0.140285
-0.190008
-0.23072
-0.257634
-0.27269
-0.272704
-0.259056
-0.246737
-0.221167
-0.113741
-0.758028
1.60577
-5.45262
5.79779
-1.90057
0.883715
0.0428774
0.237967
0.244938
0.263247
0.277177
0.278152
0.264042
0.23902
0.20076
0.154573
0.100409
0.0431921
-0.0160784
-0.0726868
-0.125702
-0.170315
-0.206751
-0.229865
-0.242142
-0.239477
-0.224072
-0.204485
-0.196527
-0.000711949
-0.841018
1.9432
-5.75482
6.05018
-2.20826
0.968869
-0.0731428
0.222308
0.203045
0.231735
0.24624
0.250055
0.238481
0.217098
0.182828
0.141433
0.0923663
0.0406328
-0.013158
-0.0643081
-0.112271
-0.152149
-0.184657
-0.204191
-0.213989
-0.208537
-0.192607
-0.162668
-0.180958
0.115224
-0.926228
2.25084
-6.00727
6.25168
-2.48028
1.05107
-0.188891
0.215014
0.161371
0.203861
0.217393
0.22427
0.214882
0.196934
0.166315
0.12936
0.0849759
0.0382956
-0.0104628
-0.0565838
-0.0999074
-0.135402
-0.164318
-0.180474
-0.18814
-0.179675
-0.164768
-0.12106
-0.173751
0.23089
-1.00849
2.52282
-6.20881
6.40274
-2.71296
1.12586
-0.301111
0.214917
0.119884
0.17966
0.19043
0.200708
0.193107
0.178414
0.151118
0.118276
0.0781878
0.0361635
-0.00797661
-0.0494646
-0.0885351
-0.11997
-0.145622
-0.158576
-0.164508
-0.152687
-0.140593
-0.0796296
-0.173737
0.34303
-1.08335
2.75546
-6.3599
6.50511
-2.90464
1.18979
-0.406732
0.220512
0.0787482
0.159079
0.165157
0.179281
0.173023
0.161433
0.13714
0.108109
0.0719557
0.0342208
-0.00568412
-0.0429051
-0.0780824
-0.105759
-0.128464
-0.138365
-0.143005
-0.127381
-0.120026
-0.0385418
-0.179411
0.448574
-1.14736
2.94711
-6.46228
6.56152
-3.05539
1.24049
-0.503101
0.230106
0.0383118
0.141963
0.141407
0.1599
0.154502
0.145892
0.124292
0.0987932
0.0662375
0.032453
-0.00357147
-0.0368636
-0.0684835
-0.0926784
-0.112746
-0.119717
-0.123544
-0.103589
-0.102916
0.00185649
-0.18908
0.544869
-1.19814
3.09783
-6.51871
6.57543
-3.16669
1.27667
-0.588137
0.241964
-0.000937502
0.128062
0.119046
0.142471
0.137423
0.131697
0.112489
0.0902664
0.0609941
0.030847
-0.00162581
-0.0313016
-0.0596773
-0.0806462
-0.0983768
-0.102511
-0.106034
-0.0811815
-0.0890148
0.0410772
-0.20101
0.629838
-1.23442
3.20909
-6.53263
6.55073
-3.24101
1.29803
-0.66043
0.254453
-0.0384256
0.11704
0.0979815
0.126892
0.121676
0.118762
0.101655
0.0824717
0.0561895
0.0293903
0.000164722
-0.0261835
-0.0516074
-0.0695849
-0.0852688
-0.0866381
-0.0903724
-0.0600657
-0.0779852
0.0785459
-0.213566
0.702069
-1.25588
3.28336
-6.50794
6.49154
-3.28149
1.30506
-0.719249
0.266146
-0.0735524
0.108491
0.0781595
0.113051
0.107159
0.107003
0.091716
0.0753562
0.0517905
0.0280715
0.00181112
-0.0214765
-0.0442212
-0.0594229
-0.0733397
-0.0719966
-0.0764501
-0.0401905
-0.069424
0.113662
-0.225322
0.760833
-1.26304
3.3238
-6.44877
6.40202
-3.29167
1.29888
-0.764501
0.275902
-0.10575
0.101967
0.0595655
0.100825
0.0937812
0.0963407
0.0826063
0.0688705
0.0477665
0.0268801
0.00332359
-0.0171505
-0.0374699
-0.050094
-0.0625104
-0.0584967
-0.0641451
-0.0215428
-0.0628852
0.145857
-0.235136
0.806039
-1.25698
3.33393
-6.35929
6.28631
-3.27523
1.28098
-0.796636
0.282897
-0.134535
0.0970062
0.0422158
0.0900816
0.0814618
0.0866979
0.0742642
0.0629687
0.0440893
0.0258063
0.00471164
-0.0131776
-0.0313078
-0.041537
-0.0527048
-0.0460592
-0.0533257
-0.00414014
-0.0579083
0.174645
-0.242186
0.838137
-1.2392
3.31744
-6.24362
6.14835
-3.23581
1.25306
-0.816534
0.286636
-0.159543
0.0931586
0.0261484
0.0806789
0.0701327
0.0780008
0.0666335
0.0576076
0.0407329
0.0248407
0.00598419
-0.0095321
-0.0256921
-0.033696
-0.0438491
-0.0346157
-0.0438514
0.0119776
-0.054045
0.199661
-0.245976
0.858007
-1.21141
3.27797
-6.10572
5.99191
-3.17694
1.21689
-0.825372
0.286919
-0.18055
0.0900111
0.0114134
0.0724709
0.0597353
0.0701774
0.0596624
0.052747
0.0376735
0.023975
0.00714954
-0.00619045
-0.0205828
-0.0265196
-0.0358715
-0.0241083
-0.0355768
0.0267592
-0.0508843
0.22068
-0.246308
0.866825
-1.17538
3.21905
-5.94936
5.82049
-3.10193
1.17421
-0.824506
0.2838
-0.197482
0.0872064
-0.00193842
0.0653101
0.0502207
0.0631578
0.0533042
0.048349
0.0348891
0.0232009
0.00821552
-0.00313088
-0.0159424
-0.019961
-0.0287025
-0.0144882
-0.0283547
0.040153
-0.0480703
0.237624
-0.243236
0.865946
-1.13284
3.144
-5.77803
5.63733
-3.01385
1.12662
-0.815362
0.277532
-0.210402
0.0844552
-0.0138648
0.0590519
0.0415475
0.0568744
0.047516
0.044378
0.0323596
0.022511
0.00918949
-0.000333438
-0.0117352
-0.0139779
-0.0222742
-0.00571402
-0.0220408
0.0521156
-0.0453151
0.250556
-0.237013
0.856797
-1.08537
3.05588
-5.59496
5.44537
-2.9155
1.07555
-0.799358
0.268501
-0.219497
0.0815416
-0.0243398
0.053559
0.0336802
0.0512618
0.0422593
0.0408006
0.0300663
0.0218981
0.0100784
0.00222024
-0.00792815
-0.00853154
-0.0165215
0.00224958
-0.0164977
0.0626207
-0.0424038
0.25966
-0.228029
0.840791
-1.03443
2.9575
-5.40311
5.24725
-2.8094
1.02227
-0.777837
0.257179
-0.22505
0.0783229
-0.033359
0.0487047
0.0265875
0.0462573
0.0374988
0.0375851
0.0279925
0.0213557
0.0108887
0.00454697
-0.00448969
-0.0035869
-0.0113815
0.00943403
-0.0115987
0.0716635
-0.0391947
0.265216
-0.216756
0.81927
-0.981277
2.85136
-5.20511
5.04532
-2.69778
0.967873
-0.752031
0.244071
-0.227413
0.0747234
-0.0409426
0.0443762
0.0202403
0.0418016
0.0332025
0.0347021
0.0261225
0.0208775
0.0116268
0.00666224
-0.00139033
0.000888006
-0.00679502
0.0158687
-0.00723054
0.0792642
-0.0356122
0.267577
-0.203701
0.793463
-0.926998
2.73973
-5.00329
4.84161
-2.58264
0.913264
-0.723036
0.229678
-0.226983
0.0707256
-0.0471354
0.0404764
0.0146099
0.0378388
0.0293411
0.0321237
0.024442
0.0204576
0.0122982
0.00858032
0.00139761
0.00492246
-0.00270602
0.0215822
-0.00329581
0.0854677
-0.031639
0.267135
-0.189366
0.764465
-0.872506
2.62457
-4.79971
4.63787
-2.46567
0.8592
-0.691809
0.214472
-0.224172
0.066358
-0.0520054
0.0369246
0.00966705
0.0343172
0.0258875
0.0298241
0.0229378
0.0200906
0.0129085
0.0103143
0.00390007
0.00854352
0.000937296
0.0266042
0.000286551
0.0903425
-0.0273033
0.264304
-0.174223
0.733228
-0.818557
2.50758
-4.59609
4.43555
-2.34831
0.806291
-0.659163
0.198874
-0.219388
0.0616835
-0.0556401
0.0336571
0.00538068
0.0311895
0.0228165
0.0277791
0.021598
0.0197714
0.0134628
0.0118764
0.00614116
0.0117763
0.00418234
0.0309659
0.00358092
0.0939763
-0.0226673
0.259491
-0.158694
0.700565
-0.765762
2.39021
-4.3939
4.23586
-2.23178
0.755018
-0.625778
0.183247
-0.213023
0.056787
-0.0581424
0.0306256
0.00171741
0.028413
0.0201046
0.0259663
0.0204112
0.0194952
0.0139659
0.0132776
0.00814332
0.0146445
0.00707189
0.0347009
0.00663596
0.0964729
-0.0178154
0.253086
-0.143145
0.667153
-0.714604
2.27366
-4.19433
4.03975
-2.11704
0.705747
-0.592212
0.167894
-0.205434
0.0517653
-0.0596256
0.0277961
-0.00135852
0.0259498
0.0177293
0.0243651
0.0193671
0.0192578
0.0144222
0.0145286
0.00992718
0.0171706
0.00964405
0.037845
0.00948619
0.0979459
-0.0128431
0.245449
-0.127875
0.63355
-0.66545
2.15891
-3.99834
3.84795
-2.00487
0.658742
-0.558914
0.153054
-0.196941
0.0467176
-0.0602086
0.0251467
-0.00388529
0.0237666
0.0156692
0.0229568
0.0184561
0.0190551
0.0148357
0.0156389
0.0115117
0.0193759
0.0119322
0.0404368
0.012154
0.0985151
-0.00784886
0.2369
-0.113126
0.600202
-0.618563
2.04672
-3.80667
3.66102
-1.89585
0.614177
-0.526233
0.138911
-0.187825
0.0417391
-0.0600113
0.0226656
-0.00590299
0.0218348
0.0139037
0.021724
0.0176692
0.0188835
0.0152103
0.0166177
0.012914
0.0212812
0.013965
0.0425163
0.0146516
0.098301
-0.00292674
0.22772
-0.0990786
0.56746
-0.574121
1.93767
-3.61986
3.47933
-1.79041
0.572152
-0.494437
0.125596
-0.178321
0.0369155
-0.0591508
0.0203483
-0.00745302
0.0201297
0.012413
0.0206514
0.016998
0.0187398
0.0155492
0.0174734
0.0141499
0.0229064
0.0157672
0.0441252
0.0169839
0.0974211
0.00183848
0.218145
-0.0858647
0.535591
-0.53222
1.83218
-3.43831
3.30314
-1.68882
0.5327
-0.463719
0.113198
-0.168625
0.0323204
-0.0577382
0.0181956
-0.00857735
0.0186309
0.0111777
0.0197251
0.0164346
0.0186211
0.0158555
0.0182143
0.0152332
0.024271
0.0173594
0.0453056
0.0191503
0.0959871
0.00637424
0.208374
-0.0735701
0.504789
-0.492897
1.73054
-3.26224
3.13255
-1.59125
0.495803
-0.434212
0.101764
-0.158896
0.0280129
-0.0558762
0.0162119
-0.00931789
0.0173214
0.0101791
0.0189327
0.0159715
0.0185248
0.016132
0.0188477
0.0161764
0.0253937
0.0187588
0.0460995
0.0211467
0.0941022
0.0106221
0.198566
-0.0622424
0.47519
-0.45613
1.63291
-3.09179
2.96759
-1.49777
0.461399
-0.406001
0.0913116
-0.149259
0.0240378
-0.0536576
0.0144032
-0.0097155
0.0161871
0.00939928
0.0182632
0.0156018
0.0184486
0.016381
0.0193809
0.0169907
0.0262925
0.0199794
0.0465478
0.0229673
0.0918597
0.0145381
0.188845
-0.0518979
0.446877
-0.421859
1.53935
-2.92697
2.80821
-1.40836
0.429394
-0.379126
0.081834
-0.139808
0.0204258
-0.0511646
0.0127755
-0.00980951
0.0152165
0.00882092
0.0177072
0.0153189
0.0183908
0.0166046
0.0198206
0.0176857
0.026985
0.0210329
0.04669
0.0246062
0.0893419
0.018092
0.17931
-0.0425274
0.419894
-0.389987
1.44985
-2.76773
2.65428
-1.32295
0.399668
-0.353597
0.0733028
-0.130613
0.0171946
-0.0484683
0.0113345
-0.00963707
0.0144003
0.00842754
0.0172562
0.0151166
0.0183496
0.0168047
0.0201731
0.0182699
0.0274877
0.0219287
0.0465634
0.026058
0.0866205
0.0212665
0.17003
-0.034102
0.394251
-0.360393
1.36435
-2.61395
2.50564
-1.24141
0.372082
-0.329397
0.0656749
-0.121725
0.0143507
-0.0456292
0.010084
-0.0092326
0.0137308
0.00820356
0.0169031
0.0149891
0.0183238
0.0169828
0.0204444
0.0187507
0.0278162
0.0226745
0.0462025
0.0273187
0.083756
0.0240556
0.161056
-0.0265777
0.369933
-0.332938
1.2827
-2.46546
2.36207
-1.16358
0.346487
-0.306489
0.0588961
-0.113174
0.0118908
-0.0426977
0.00902643
-0.00862757
0.0132019
0.00813439
0.0166419
0.0149311
0.0183123
0.01714
0.0206402
0.0191343
0.0279854
0.0232765
0.0456388
0.0283862
0.0807991
0.0264627
0.152421
-0.0198993
0.346905
-0.307469
1.20475
-2.32204
2.22334
-1.08926
0.322723
-0.284824
0.0529044
-0.10498
0.00980397
-0.0397147
0.00816192
-0.0078502
0.0128084
0.00820653
0.0164672
0.0149375
0.0183142
0.0172775
0.0207654
0.0194261
0.0280089
0.0237401
0.0449005
0.0292603
0.0777909
0.028499
0.144144
-0.0140044
0.325118
-0.283827
1.13032
-2.18346
2.08918
-1.01826
0.300628
-0.264341
0.047633
-0.0971513
0.0080729
-0.036713
0.00748878
-0.00692535
0.0125459
0.00840768
0.0163747
0.015004
0.0183291
0.017396
0.020825
0.0196306
0.0278991
0.0240696
0.0440128
0.0299426
0.0747642
0.0301819
0.136232
-0.00882548
0.304512
-0.261849
1.05918
-2.04945
1.95932
-0.950344
0.280041
-0.244974
0.0430122
-0.0896873
0.00667594
-0.033718
0.00700358
-0.00587454
0.012411
0.00872673
0.016361
0.0151262
0.0183565
0.0174961
0.0208232
0.0197514
0.0276672
0.0242688
0.0429971
0.0304367
0.0717444
0.0315329
0.128688
-0.00429265
0.285023
-0.241373
0.991133
-1.91974
1.83348
-0.885286
0.260801
-0.226655
0.0389716
-0.0825831
0.00558834
-0.0307486
0.00670145
-0.004716
0.0124004
0.0091539
0.0164232
0.0153005
0.0183961
0.0175784
0.0207639
0.0197917
0.0273232
0.0243406
0.0418717
0.0307472
0.0687508
0.0325769
0.121505
-0.000335146
0.266582
-0.222234
0.925938
-1.79404
1.71137
-0.82286
0.242749
-0.209313
0.0354411
-0.0758294
0.00478364
-0.0278187
0.00657649
-0.00346471
0.0125116
0.00968074
0.016559
0.0155237
0.0184479
0.017643
0.0206506
0.0197537
0.0268756
0.0242879
0.0406517
0.0308803
0.0657969
0.0333402
0.114675
0.00311712
0.24912
-0.204277
0.863371
-1.67207
1.59272
-0.762843
0.225733
-0.192883
0.0323524
-0.0694147
0.00423471
-0.0249375
0.00662219
-0.0021327
0.0127427
0.0103001
0.0167669
0.015793
0.018512
0.0176902
0.0204861
0.0196392
0.0263318
0.0241127
0.0393491
0.0308421
0.0628921
0.0338499
0.108187
0.00613255
0.232572
-0.187347
0.803212
-1.55355
1.47725
-0.705019
0.209606
-0.177301
0.0296396
-0.0633265
0.0039147
-0.0221105
0.00683189
-0.000729089
0.013092
0.0110062
0.0170458
0.0161062
0.0185886
0.0177198
0.0202731
0.0194494
0.0256976
0.0238164
0.0379732
0.0306395
0.0600419
0.0341326
0.102026
0.00877697
0.216874
-0.171298
0.745245
-1.4382
1.36471
-0.649191
0.194231
-0.162512
0.0272401
-0.0575523
0.00379793
-0.0193402
0.00719914
0.000739682
0.0135588
0.0117947
0.0173955
0.0164613
0.018678
0.0177319
0.0200135
0.0191848
0.0249776
0.0234002
0.0365304
0.0302787
0.0572486
0.0342138
0.0961822
0.0111128
0.201971
-0.155991
0.689274
-1.32578
1.25485
-0.595178
0.179478
-0.148468
0.0250955
-0.0520803
0.0038606
-0.0166265
0.00771829
0.00226965
0.0141428
0.0126626
0.017816
0.0168572
0.0187806
0.0177261
0.0197089
0.0188455
0.0241749
0.0228642
0.0350246
0.0297654
0.0545121
0.0341171
0.0906422
0.0131981
0.187815
-0.141297
0.635119
-1.21602
1.14747
-0.542831
0.165228
-0.135132
0.0231523
-0.0469005
0.00408147
-0.0139672
0.00838477
0.00385919
0.0148446
0.0136079
0.018308
0.0172929
0.0188969
0.0177023
0.0193603
0.0184309
0.0232915
0.0222079
0.0334576
0.0291039
0.0518301
0.0338635
0.085396
0.0150863
0.174369
-0.127098
0.58263
-1.10873
1.04238
-0.492038
0.15138
-0.122482
0.0213629
-0.042005
0.00444246
-0.0113582
0.00919557
0.00550889
0.0156658
0.0146304
0.0188727
0.0177682
0.0190277
0.01766
0.0189681
0.01794
0.0223279
0.0214298
0.0318288
0.0282973
0.0491984
0.0334709
0.0804358
0.0168245
0.161612
-0.113292
0.531697
-1.00372
0.939472
-0.442739
0.137849
-0.110512
0.0196868
-0.0373886
0.00492932
-0.008794
0.0101496
0.0072214
0.016609
0.0157309
0.0195122
0.0182831
0.0191735
0.0175987
0.0185325
0.0173711
0.0212834
0.0205274
0.0301355
0.0273464
0.0466113
0.0329531
0.075756
0.0184529
0.149537
-0.0997938
0.482262
-0.900893
0.838713
-0.394949
0.124575
-0.0992376
0.0180919
-0.0330492
0.00553225
-0.00626741
0.0112481
0.00900143
0.0176779
0.0169114
0.0202288
0.0188385
0.0193352
0.0175177
0.018053
0.0167217
0.0201561
0.0194969
0.0283731
0.02625
0.0440616
0.0323197
0.0713545
0.0200029
0.13816
-0.0865461
0.434338
-0.800199
0.740182
-0.348783
0.111533
-0.0887001
0.016556
-0.028988
0.0062465
-0.00376977
0.0124949
0.0108556
0.0188779
0.0181755
0.0210258
0.0194356
0.0195139
0.0174165
0.0175286
0.0159889
0.0189426
0.0183331
0.0265349
0.025004
0.0415403
0.0315749
0.067232
0.021496
0.127523
-0.073523
0.388043
-0.701723
0.64413
-0.304492
0.0987374
-0.0789696
0.0150689
-0.0252093
0.00707311
-0.00129066
0.013897
0.0127927
0.0202156
0.0195278
0.0219071
0.0200759
0.0197104
0.0172942
0.0169578
0.0151689
0.0176385
0.0170295
0.0246122
0.0236014
0.039037
0.0307173
0.0633928
0.0229417
0.117695
-0.0607415
0.343629
-0.605715
0.551056
-0.262521
0.0862594
-0.0701502
0.0136341
-0.0217201
0.00801928
0.00118192
0.0154642
0.014823
0.0216992
0.020974
0.0228772
0.0207618
0.0199261
0.0171498
0.0163387
0.0142575
0.0162382
0.0155778
0.0225947
0.0220321
0.0365395
0.0297393
0.0598435
0.0243356
0.108782
-0.0482736
0.301541
-0.512677
0.461811
-0.223551
0.0742318
-0.0623772
0.0122682
-0.018529
0.00909695
0.00366065
0.017208
0.0169571
0.0233367
0.0225196
0.0239404
0.021495
0.0201618
0.0169827
0.0156697
0.0132506
0.0147363
0.0139702
0.0204719
0.0202846
0.0340348
0.0286284
0.0565927
0.02566
0.100919
-0.0362545
0.262466
-0.42346
0.377672
-0.188505
0.0628035
-0.0557903
0.0109866
-0.0156369
0.010319
0.00616259
0.0191406
0.019208
0.025137
0.0241716
0.0251012
0.0222784
0.0204185
0.0167921
0.0149481
0.0121438
0.0131261
0.0121979
0.0182307
0.0183464
0.0315058
0.0273713
0.053641
0.0268985
0.0942457
-0.0248351
0.227327
-0.339341
0.300434
-0.158728
0.0520716
-0.0505266
0.00980084
-0.0130192
0.0117231
0.00873865
0.0213079
0.0216219
0.0271381
0.0259617
0.0263823
0.0231261
0.0207011
0.016574
0.0141607
0.0109151
0.0113762
0.010223
0.0158249
0.0161715
0.0289009
0.0259292
0.0509623
0.0280378
0.0888995
-0.0141152
0.197473
-0.262114
0.234255
-0.137649
0.0427381
-0.0470643
0.00891641
-0.0107021
0.0134652
0.0114766
0.0238496
0.0242998
0.0294479
0.0279649
0.0278472
0.0240721
0.0210249
0.0163154
0.0132756
0.00950293
0.00941331
0.00793876
0.0131539
0.0136193
0.0261313
0.0241438
0.0485812
0.0288678
0.0853572
-0.00480342
0.176342
-0.19594
0.191478
-0.134682
0.0397718
-0.0475825
0.00959856
-0.00929908
0.0158355
0.0140908
0.0267592
0.0270375
0.0319809
0.0300353
0.0294258
0.0250436
0.0213817
0.0160226
0.012364
0.00797574
0.00738264
0.00542972
0.010423
0.0106962
0.023486
0.021723
0.0471177
0.0281159
0.0858114
-0.00188622
0.17336
-0.153167
2.50479e-05
-0.0846733
-0.0203296
0.32405
0.74993
1.11374
1.4217
1.69434
1.91197
2.02655
1.99268
1.78721
1.41645
0.910879
0.31892
-0.302118
-0.891406
-1.39224
-1.75722
-1.95703
-1.98633
-1.86885
-1.64994
-1.37713
-1.06938
-0.705573
-0.279425
0.0652169
0.129622
0.0448404
-0.0157325
-0.0943409
0.0502464
0.446664
0.852084
1.17085
1.43723
1.6692
1.84442
1.92062
1.86187
1.65221
1.29991
0.832397
0.291486
-0.27407
-0.812573
-1.27578
-1.62275
-1.82704
-1.88128
-1.80199
-1.62518
-1.39278
-1.12649
-0.80776
-0.402116
-0.00541929
0.139275
0.0606142
-0.0357299
-0.0883518
0.141941
0.56651
0.934634
1.20762
1.43544
1.62936
1.76613
1.80962
1.73187
1.52218
1.18976
0.759019
0.265959
-0.247975
-0.738848
-1.16566
-1.49313
-1.69775
-1.77108
-1.72437
-1.58576
-1.39115
-1.16329
-0.890336
-0.52203
-0.0971792
0.133256
0.0806196
-0.0585799
-0.062348
0.249051
0.677023
0.998636
1.2291
1.42236
1.58245
1.6867
1.7043
1.61324
1.40638
1.09314
0.6952
0.243844
-0.225373
-0.674721
-1.06902
-1.37766
-1.57971
-1.66646
-1.64558
-1.53929
-1.37828
-1.18483
-0.954363
-0.632602
-0.204354
0.107215
0.103468
-0.0820555
-0.0126639
0.368631
0.777004
1.04697
1.23825
1.39979
1.5293
1.60556
1.60227
1.50196
1.29994
1.00545
0.637721
0.223996
-0.205084
-0.616955
-0.981315
-1.27149
-1.46894
-1.56506
-1.56504
-1.48658
-1.35595
-1.19406
-1.00273
-0.732636
-0.323997
0.0574912
0.126934
-0.102358
0.0631193
0.494943
0.863098
1.08037
1.2363
1.36868
1.47069
1.52298
1.5029
1.39654
1.20088
0.924758
0.585171
0.205909
-0.186584
-0.564126
-0.90057
-1.17264
-1.36397
-1.46627
-1.48304
-1.42843
-1.32512
-1.19222
-1.03618
-0.818781
-0.450372
-0.0183316
0.147222
-0.114285
0.165342
0.620692
0.932072
1.09934
1.22404
1.32992
1.4077
1.43987
1.40668
1.29695
1.10879
0.850521
0.537125
0.189424
-0.169708
-0.515805
-0.826262
-1.08072
-1.26476
-1.37057
-1.40046
-1.3659
-1.28666
-1.18012
-1.05521
-0.887809
-0.576185
-0.120595
0.159131
-0.111483
0.291742
0.738177
0.982123
1.10498
1.20244
1.28453
1.34144
1.35709
1.31403
1.20317
1.02333
0.78228
0.493213
0.174405
-0.154313
-0.47162
-0.75793
-0.995389
-1.17129
-1.27838
-1.31818
-1.30008
-1.24159
-1.15869
-1.06093
-0.937921
-0.693735
-0.247039
0.15631
-0.0867936
0.437298
0.840087
1.01296
1.09874
1.17247
1.23358
1.27293
1.27535
1.22521
1.11502
0.944069
0.719536
0.453051
0.16071
-0.140253
-0.431184
-0.695074
-0.916209
-1.08341
-1.18996
-1.2369
-1.23199
-1.19097
-1.12892
-1.05479
-0.968825
-0.795718
-0.392644
0.131601
-0.0327155
0.59434
0.920214
1.02561
1.08214
1.13511
1.17815
1.20311
1.19523
1.14038
1.03229
0.870573
0.661819
0.416287
0.148211
-0.127395
-0.394144
-0.637225
-0.842758
-1.00091
-1.10548
-1.1572
-1.16258
-1.13586
-1.09178
-1.03832
-0.981561
-0.875925
-0.549745
0.0775013
0.0580305
0.752934
0.974087
1.02219
1.05662
1.09131
1.11927
1.13281
1.1172
1.05962
0.954781
0.802444
0.608704
0.382607
0.136794
-0.115623
-0.360182
-0.58396
-0.77464
-0.92357
-1.02502
-1.07955
-1.09266
-1.0773
-1.04821
-1.01294
-0.978235
-0.929888
-0.708409
-0.0132718
0.191887
0.901521
0.999458
1.00551
1.02338
1.04204
1.05796
1.06276
1.04165
0.98297
0.882244
0.739306
0.559808
0.35173
0.126358
-0.104834
-0.329019
-0.534895
-0.711484
-0.851163
-0.948626
-1.00433
-1.02296
-1.01631
-0.99918
-0.979856
-0.96166
-0.95536
-0.857081
-0.147164
0.373855
1.02777
0.996562
0.978662
0.983401
0.988306
0.995189
0.993584
0.968865
0.910422
0.814445
0.68081
0.51478
0.323405
0.116811
-0.0949352
-0.300401
-0.489684
-0.65294
-0.783456
-0.876291
-0.931838
-0.954107
-0.953838
-0.945688
-0.940048
-0.934933
-0.952574
-0.983434
-0.329179
0.606963
1.11957
0.968113
0.944611
0.937437
0.931152
0.931815
0.925805
0.899067
0.841924
0.751145
0.626627
0.473303
0.297405
0.108074
-0.0858447
-0.274103
-0.448008
-0.598684
-0.720215
-0.807967
-0.862296
-0.886621
-0.890748
-0.888771
-0.89426
-0.901012
-0.924245
-1.07535
-0.562349
0.89186
1.16601
0.91905
0.905802
0.886097
0.871654
0.868603
0.859849
0.832409
0.777395
0.692108
0.576451
0.435087
0.273526
0.100074
-0.0774893
-0.24992
-0.40958
-0.548411
-0.661204
-0.743575
-0.795858
-0.820928
-0.827799
-0.829503
-0.8431
-0.862338
-0.875308
-1.12192
-0.847326
1.22659
1.15835
0.856035
0.863887
0.829966
0.810901
0.806195
0.796055
0.76899
0.716729
0.6371
0.529997
0.399869
0.251587
0.0927447
-0.0698032
-0.22767
-0.374137
-0.50184
-0.606194
-0.683014
-0.732626
-0.75737
-0.765635
-0.768969
-0.787148
-0.820562
-0.812424
-1.11442
-1.18216
1.60657
1.0908
0.786787
0.819586
0.769726
0.749948
0.745108
0.734694
0.70886
0.659805
0.585894
0.487
0.36741
0.23142
0.0860284
-0.0627278
-0.207188
-0.34144
-0.458707
-0.55496
-0.626163
-0.672652
-0.696216
-0.704771
-0.708223
-0.727082
-0.7764
-0.743306
-1.04702
-1.56225
2.02476
0.960995
0.719307
0.772689
0.706264
0.68976
0.685744
0.675972
0.652029
0.606487
0.538271
0.447213
0.337489
0.212877
0.079872
-0.0562101
-0.188324
-0.311273
-0.418767
-0.507285
-0.572891
-0.615949
-0.637675
-0.645609
-0.648228
-0.663787
-0.72964
-0.675952
-0.91738
-1.98058
2.47206
0.77024
0.661098
0.722202
0.640743
0.631155
0.628399
0.620041
0.598473
0.556629
0.494019
0.410408
0.309908
0.195822
0.074228
-0.0502029
-0.170944
-0.283435
-0.381794
-0.462961
-0.523053
-0.562493
-0.581901
-0.588447
-0.589802
-0.598425
-0.679285
-0.617863
-0.72679
-2.42803
2.93783
0.523393
0.618467
0.666603
0.57462
0.574749
0.573293
0.567011
0.54814
0.51008
0.452935
0.376371
0.284484
0.180132
0.0690534
-0.0446634
-0.154925
-0.257747
-0.347576
-0.421787
-0.476503
-0.512236
-0.529004
-0.533505
-0.533561
-0.532451
-0.62381
-0.575343
-0.480103
-2.89397
3.41056
0.22845
0.59598
0.604173
0.509599
0.520917
0.520592
0.516944
0.500953
0.466688
0.414826
0.344907
0.26105
0.165697
0.0643092
-0.039553
-0.140158
-0.234042
-0.315919
-0.383571
-0.433088
-0.465102
-0.479049
-0.48095
-0.479881
-0.467569
-0.561498
-0.552955
-0.185311
-3.36687
3.87852
-0.10412
0.596126
0.533349
0.447533
0.469784
0.470438
0.469864
0.456819
0.426297
0.379508
0.31583
0.239453
0.152415
0.0599601
-0.0348369
-0.126541
-0.212168
-0.28664
-0.348132
-0.392655
-0.421001
-0.43206
-0.430925
-0.428886
-0.405633
-0.490785
-0.553188
0.147121
-3.835
4.33045
-0.462211
0.619218
0.453046
0.390282
0.421231
0.422971
0.425753
0.415634
0.388753
0.346806
0.288971
0.219554
0.140194
0.0559741
-0.0304835
-0.113982
-0.191987
-0.25957
-0.315296
-0.355054
-0.379829
-0.388021
-0.383571
-0.380459
-0.348503
-0.410585
-0.576357
0.505091
-4.28708
4.75612
-0.832998
0.663531
0.362904
0.339549
0.374943
0.378345
0.384549
0.377285
0.353904
0.316555
0.264172
0.201223
0.128949
0.0523221
-0.0264643
-0.1024
-0.173372
-0.234553
-0.284899
-0.320131
-0.341477
-0.346872
-0.339043
-0.334286
-0.297884
-0.320542
-0.620737
0.875774
-4.7129
5.14684
-1.20383
0.725627
0.263434
0.296723
0.330471
0.33673
0.346151
0.341661
0.321597
0.288597
0.241286
0.184344
0.118605
0.0489774
-0.0227532
-0.0917171
-0.156205
-0.211443
-0.256788
-0.287739
-0.305833
-0.308513
-0.297512
-0.289918
-0.255164
-0.221165
-0.682892
1.24652
-5.10375
5.49573
-1.56303
0.800829
0.156039
0.262742
0.287306
0.29831
0.31042
0.308649
0.291685
0.262787
0.220175
0.168808
0.10909
0.0459159
-0.0193267
-0.0818642
-0.140379
-0.190104
-0.230816
-0.25773
-0.272788
-0.272805
-0.259162
-0.246848
-0.221283
-0.11386
-0.75815
1.60565
-5.45274
5.79785
-1.90052
0.883765
0.042923
0.238006
0.244968
0.263265
0.277182
0.278143
0.26402
0.238985
0.200713
0.154516
0.100341
0.0431154
-0.0161631
-0.0727776
-0.125796
-0.17041
-0.206846
-0.229959
-0.242237
-0.239576
-0.224175
-0.204594
-0.196641
-0.000830213
-0.84114
1.94307
-5.75495
6.05023
-2.20821
0.968919
-0.0730978
0.222346
0.203074
0.231751
0.246244
0.250044
0.238458
0.217061
0.18278
0.141375
0.0922982
0.0405557
-0.0132429
-0.064399
-0.112365
-0.152245
-0.184751
-0.204284
-0.214082
-0.208633
-0.192707
-0.162774
-0.181071
0.115107
-0.926349
2.25072
-6.00739
6.25173
-2.48023
1.05112
-0.188847
0.215051
0.161398
0.203876
0.217395
0.224258
0.214857
0.196896
0.166267
0.129301
0.0849075
0.0382182
-0.0105479
-0.0566747
-0.100002
-0.135497
-0.164411
-0.180564
-0.18823
-0.179768
-0.164866
-0.121164
-0.173862
0.230774
-1.00861
2.5227
-6.20894
6.4028
-2.71291
1.12591
-0.301067
0.214953
0.119909
0.179674
0.19043
0.200694
0.193081
0.178375
0.151069
0.118216
0.0781189
0.0360859
-0.00806178
-0.0495554
-0.088629
-0.120064
-0.145713
-0.158664
-0.164595
-0.152776
-0.140686
-0.0797299
-0.173845
0.342915
-1.08347
2.75534
-6.36003
6.50516
-2.90458
1.18984
-0.40669
0.220547
0.0787721
0.15909
0.165155
0.179265
0.172995
0.161393
0.13709
0.108049
0.0718865
0.034143
-0.00576929
-0.0429958
-0.0781759
-0.105852
-0.128554
-0.138451
-0.143089
-0.127466
-0.120116
-0.0386383
-0.179516
0.448462
-1.14748
2.94698
-6.46241
6.56158
-3.05534
1.24054
-0.503059
0.230139
0.038334
0.141972
0.141403
0.159883
0.154472
0.145851
0.124241
0.0987328
0.0661681
0.0323752
-0.00365653
-0.036954
-0.0685765
-0.0927707
-0.112835
-0.119801
-0.123625
-0.10367
-0.103002
0.0017642
-0.189181
0.54476
-1.19826
3.09771
-6.51883
6.57549
-3.16664
1.27672
-0.588097
0.241996
-0.000917081
0.12807
0.119041
0.142453
0.137393
0.131656
0.112438
0.0902056
0.0609245
0.0307692
-0.00171067
-0.0313916
-0.0597697
-0.0807375
-0.0984641
-0.102593
-0.106111
-0.0812582
-0.0890952
0.0409897
-0.201106
0.629732
-1.23453
3.20897
-6.53275
6.55079
-3.24096
1.29807
-0.660391
0.254483
-0.0384071
0.117046
0.097974
0.126872
0.121645
0.11872
0.101603
0.0824107
0.0561198
0.0293126
8.01645e-05
-0.026273
-0.0516991
-0.0696753
-0.0853547
-0.0867176
-0.0904466
-0.060138
-0.0780604
0.0784637
-0.213658
0.701967
-1.256
3.28324
-6.50806
6.49159
-3.28144
1.30511
-0.719211
0.266175
-0.0735358
0.108494
0.0781501
0.11303
0.107126
0.10696
0.0916635
0.075295
0.0517209
0.0279941
0.00172698
-0.0215655
-0.0443122
-0.0595123
-0.0734241
-0.072074
-0.076521
-0.0402583
-0.0694937
0.113586
-0.225408
0.760737
-1.26314
3.32369
-6.44888
6.40208
-3.29162
1.29893
-0.764464
0.275928
-0.105736
0.101969
0.0595543
0.100802
0.0937471
0.096297
0.0825535
0.0688092
0.047697
0.0268031
0.00323998
-0.0172387
-0.0375599
-0.0501822
-0.0625933
-0.0585718
-0.0642128
-0.021606
-0.0629493
0.145787
-0.235216
0.805948
-1.25708
3.33382
-6.3594
6.28636
-3.27518
1.28102
-0.796602
0.282921
-0.134523
0.0970057
0.0422028
0.0900571
0.0814269
0.0866536
0.0742112
0.0629074
0.04402
0.0257296
0.00462869
-0.0132649
-0.0313967
-0.041624
-0.0527861
-0.0461321
-0.0533902
-0.00419889
-0.0579665
0.174582
-0.242259
0.838052
-1.2393
3.31733
-6.24373
6.14841
-3.23576
1.2531
-0.816501
0.286658
-0.159533
0.0931561
0.0261338
0.0806531
0.0700969
0.077956
0.0665803
0.0575464
0.040664
0.0247647
0.00590201
-0.00961848
-0.0257799
-0.0337816
-0.0439288
-0.0346865
-0.0439128
0.0119232
-0.0540974
0.199605
-0.246042
0.857929
-1.2115
3.27787
-6.10583
5.99196
-3.17689
1.21693
-0.825341
0.286939
-0.180542
0.0900066
0.0113971
0.0724439
0.0596988
0.0701322
0.0596092
0.052686
0.037605
0.0238995
0.00706826
-0.0062757
-0.0206693
-0.0266037
-0.0359495
-0.0241769
-0.0356352
0.0267092
-0.050931
0.220631
-0.246366
0.866755
-1.17547
3.21896
-5.94946
5.82054
-3.10189
1.17425
-0.824477
0.283818
-0.197476
0.0871999
-0.00195624
0.0652821
0.0501836
0.0631124
0.0532509
0.0482883
0.0348211
0.0231262
0.00813527
-0.00321488
-0.0160274
-0.0200435
-0.0287786
-0.0145546
-0.0284102
0.040107
-0.0481113
0.237582
-0.243286
0.865884
-1.13291
3.14391
-5.77813
5.63738
-3.01381
1.12665
-0.815335
0.277547
-0.210399
0.0844468
-0.013884
0.059023
0.0415099
0.0568289
0.0474629
0.0443176
0.0322922
0.0224372
0.00911039
-0.00041604
-0.0118187
-0.0140586
-0.0223485
-0.00577831
-0.0220935
0.0520736
-0.0453506
0.250521
-0.237055
0.856744
-1.08544
3.0558
-5.59506
5.44541
-2.91546
1.07558
-0.799334
0.268514
-0.219496
0.0815314
-0.0243603
0.0535293
0.0336422
0.0512161
0.0422064
0.0407406
0.0299997
0.0218254
0.0100006
0.00213917
-0.00800983
-0.00861037
-0.0165937
0.0021875
-0.0165477
0.0625823
-0.0424342
0.259632
-0.228062
0.840747
-1.03449
2.95743
-5.40319
5.2473
-2.80935
1.0223
-0.777816
0.257189
-0.225051
0.078311
-0.0333807
0.0486743
0.0265492
0.0462117
0.0374462
0.0375258
0.0279267
0.0212841
0.0108123
0.00446757
-0.00456948
-0.0036637
-0.0114517
0.00937422
-0.011646
0.0716287
-0.0392201
0.265195
-0.216781
0.819236
-0.981325
2.8513
-5.20518
5.04536
-2.69775
0.967902
-0.752012
0.244079
-0.227417
0.07471
-0.0409653
0.0443452
0.0202018
0.041756
0.0331503
0.0346433
0.0260576
0.020807
0.0115518
0.00658465
-0.00146809
0.00081338
-0.00686287
0.0158112
-0.00727524
0.0792327
-0.0356331
0.267561
-0.203718
0.793438
-0.927036
2.73968
-5.00336
4.84165
-2.5826
0.913291
-0.72302
0.229684
-0.226988
0.0707107
-0.0471591
0.0404449
0.0145713
0.0377934
0.0292893
0.0320657
0.0243781
0.0203885
0.0122249
0.00850466
0.00132202
0.00485015
-0.00277149
0.0215272
-0.0033379
0.0854394
-0.0316556
0.267126
-0.189375
0.764449
-0.872534
2.62453
-4.79976
4.63791
-2.46563
0.859224
-0.691795
0.214475
-0.224178
0.0663419
-0.0520299
0.0368928
0.0096284
0.0342721
0.0258362
0.0297669
0.0228751
0.0200229
0.012837
0.0102407
0.00382678
0.00847366
0.000874331
0.0265517
0.000247069
0.0903171
-0.027316
0.264299
-0.174225
0.733221
-0.818574
2.50755
-4.59613
4.43559
-2.34828
0.806312
-0.659151
0.198875
-0.219397
0.0616662
-0.0556652
0.033625
0.00534209
0.0311448
0.0227658
0.0277228
0.0215364
0.0197052
0.0133932
0.0118049
0.0060703
0.0117091
0.00412201
0.030916
0.00354407
0.0939539
-0.0226764
0.259491
-0.15869
0.700566
-0.76577
2.39019
-4.39393
4.23589
-2.23175
0.755037
-0.625769
0.183246
-0.213033
0.0567688
-0.058168
0.0305933
0.00167896
0.0283687
0.0200546
0.0259109
0.0203509
0.0194307
0.0138982
0.0132085
0.008075
0.01458
0.00701432
0.0346536
0.00660178
0.0964532
-0.0178211
0.253091
-0.143134
0.667163
-0.714602
2.27365
-4.19435
4.03978
-2.11702
0.705763
-0.592206
0.167891
-0.205445
0.0517462
-0.0596516
0.0277638
-0.00139676
0.025906
0.01768
0.0243108
0.0193082
0.0191949
0.0143566
0.0144618
0.0098615
0.0171088
0.00958933
0.0378006
0.00945473
0.0979291
-0.0128457
0.245458
-0.127859
0.633567
-0.665439
2.15891
-3.99835
3.84798
-2.00485
0.658755
-0.55891
0.15305
-0.196954
0.0466978
-0.0602349
0.0251144
-0.00392324
0.0237233
0.0156208
0.0229035
0.0183986
0.018994
0.0147722
0.0155746
0.0114487
0.0193171
0.0118804
0.0403952
0.0121253
0.098501
-0.0078485
0.236913
-0.113105
0.600226
-0.618544
2.04673
-3.80667
3.66105
-1.89584
0.614188
-0.526231
0.138905
-0.187839
0.0417187
-0.0600379
0.0226334
-0.0059406
0.021792
0.0138562
0.021672
0.0176132
0.0188243
0.0151489
0.0165559
0.0128539
0.0212254
0.0139163
0.0424778
0.0146257
0.0982895
-0.00292356
0.227736
-0.0990531
0.56749
-0.574093
1.93769
-3.61985
3.47936
-1.79039
0.57216
-0.494436
0.125589
-0.178336
0.0368947
-0.0591775
0.0203162
-0.00749023
0.0200876
0.0123663
0.0206006
0.0169435
0.0186825
0.0154901
0.0174143
0.0140926
0.0228537
0.0157217
0.0440897
0.0169609
0.0974123
0.00184435
0.218165
-0.0858354
0.535626
-0.532186
1.83221
-3.43828
3.30316
-1.68881
0.532706
-0.46372
0.113189
-0.168641
0.0322992
-0.0577649
0.0181637
-0.00861411
0.0185896
0.011132
0.0196755
0.0163817
0.0185657
0.0157987
0.0181578
0.0151789
0.0242214
0.0173171
0.0452732
0.0191302
0.0959811
0.00638273
0.208396
-0.0735374
0.504828
-0.492856
1.73058
-3.26221
3.13256
-1.59124
0.495807
-0.434215
0.101754
-0.158912
0.0279914
-0.0559029
0.0161803
-0.00935415
0.0172808
0.0101344
0.0188843
0.0159202
0.0184713
0.0160776
0.0187939
0.0161251
0.0253472
0.0187196
0.0460702
0.0211296
0.0940989
0.0106332
0.19859
-0.0622067
0.475233
-0.456085
1.63295
-3.09175
2.9676
-1.49776
0.461401
-0.406005
0.091301
-0.149275
0.0240161
-0.0536842
0.0143718
-0.00975123
0.0161472
0.00935562
0.0182162
0.0155521
0.0183972
0.0163289
0.0193298
0.0169424
0.0262492
0.0199435
0.0465217
0.0229532
0.0918591
0.0145516
0.188873
-0.0518594
0.446923
-0.421809
1.5394
-2.92692
2.80822
-1.40835
0.429395
-0.379132
0.0818225
-0.139825
0.0204039
-0.0511911
0.0127445
-0.00984466
0.0151774
0.00877832
0.0176615
0.0152709
0.0183414
0.016555
0.0197722
0.0176404
0.0269448
0.0210003
0.0466671
0.0245951
0.0893441
0.018108
0.179339
-0.0424865
0.419943
-0.389933
1.44991
-2.76768
2.65429
-1.32294
0.399667
-0.353604
0.0732906
-0.130631
0.0171727
-0.0484946
0.0113039
-0.00967162
0.014362
0.00838603
0.0172119
0.0150703
0.0183022
0.0167574
0.0201274
0.0182276
0.0274507
0.0218993
0.0465437
0.0260499
0.0866254
0.021285
0.170062
-0.0340588
0.394303
-0.360336
1.3644
-2.6139
2.50565
-1.2414
0.37208
-0.329404
0.0656621
-0.121742
0.0143288
-0.0456553
0.0100539
-0.00926652
0.0136934
0.00816315
0.0168602
0.0149445
0.0182784
0.0169378
0.0204014
0.0187113
0.0277824
0.0226482
0.0461859
0.0273136
0.0837636
0.0240765
0.16109
-0.0265323
0.369987
-0.332877
1.28276
-2.4654
2.36208
-1.16358
0.346483
-0.306498
0.0588828
-0.113192
0.011869
-0.0427236
0.00899672
-0.00866084
0.0131654
0.00809509
0.0166004
0.0148881
0.0182689
0.0170974
0.0205998
0.0190978
0.0279547
0.0232534
0.0456252
0.028384
0.0808094
0.0264859
0.152457
-0.0198521
0.346961
-0.307406
1.20482
-2.32198
2.22334
-1.08926
0.322718
-0.284833
0.0528908
-0.104998
0.00978215
-0.0397403
0.00813268
-0.00788281
0.0127728
0.00816834
0.0164271
0.0148963
0.0182729
0.0172372
0.0207277
0.0193924
0.0279811
0.0237201
0.04489
0.0292609
0.0778037
0.0285246
0.144181
-0.0139553
0.325176
-0.283762
1.13039
-2.18339
2.08918
-1.01826
0.300623
-0.264351
0.047619
-0.0971692
0.00805118
-0.0367383
0.00746001
-0.00695728
0.0125112
0.0083706
0.016336
0.0149644
0.0182897
0.017358
0.0207898
0.0195997
0.0278743
0.0240526
0.0440052
0.029946
0.0747796
0.0302097
0.136272
-0.00877459
0.304572
-0.261783
1.05926
-2.04938
1.95932
-0.950346
0.280035
-0.244985
0.0429979
-0.0897053
0.00665436
-0.033743
0.0069753
-0.0059058
0.0123771
0.00869076
0.0163236
0.0150882
0.018319
0.0174603
0.0207904
0.0197232
0.0276452
0.0242546
0.0429923
0.0304428
0.0717623
0.0315629
0.12873
-0.0042401
0.285085
-0.241304
0.991206
-1.91966
1.83348
-0.88529
0.260793
-0.226666
0.0389571
-0.0826011
0.00556691
-0.0307733
0.00667368
-0.00474658
0.0123674
0.00911901
0.0163871
0.0152641
0.0183605
0.0175447
0.0207335
0.019766
0.0273039
0.0243293
0.0418697
0.0307559
0.068771
0.032609
0.121549
-0.000281037
0.266645
-0.222164
0.926013
-1.79396
1.71137
-0.822865
0.242741
-0.209325
0.0354264
-0.0758474
0.00476239
-0.0278431
0.00654921
-0.00349462
0.0124795
0.00964691
0.0165242
0.0154889
0.0184141
0.0176114
0.0206225
0.0197305
0.026859
0.0242792
0.0406523
0.0308914
0.0658194
0.0333743
0.114721
0.0031727
0.249185
-0.204206
0.863448
-1.67199
1.59272
-0.762848
0.225724
-0.192895
0.0323375
-0.0694327
0.00421364
-0.0249616
0.00659542
-0.00216194
0.0127114
0.0102673
0.0167333
0.0157597
0.0184799
0.0176605
0.0204602
0.0196184
0.0263176
0.0241064
0.0393522
0.0308557
0.0629168
0.0338858
0.108234
0.00618952
0.232638
-0.187275
0.803289
-1.55347
1.47725
-0.705025
0.209597
-0.177313
0.0296246
-0.0633445
0.00389382
-0.0221342
0.0068056
-0.000757691
0.0130616
0.0109744
0.0170135
0.0160742
0.0185581
0.017692
0.0202493
0.0194308
0.0256858
0.0238126
0.0379786
0.0306553
0.0600686
0.0341703
0.102075
0.00883522
0.216941
-0.171225
0.745324
-1.43812
1.36471
-0.649198
0.194222
-0.162524
0.027225
-0.0575702
0.00377726
-0.0193636
0.00717333
0.000711707
0.0135291
0.0117639
0.0173643
0.0164307
0.0186491
0.0177058
0.0199916
0.0191683
0.0249679
0.0233986
0.036538
0.0302965
0.0572771
0.0342532
0.0962321
0.0111722
0.202039
-0.155917
0.689353
-1.32569
1.25485
-0.595186
0.179468
-0.14848
0.0250803
-0.0520981
0.00384012
-0.0166495
0.00769294
0.00224228
0.0141139
0.0126326
0.0177859
0.0168279
0.0187532
0.0177018
0.0196888
0.018831
0.0241673
0.0228646
0.0350343
0.0297851
0.0545424
0.034158
0.0906933
0.0132586
0.187883
-0.141222
0.635199
-1.21594
1.14746
-0.542839
0.165218
-0.135145
0.0231371
-0.0469182
0.00406119
-0.0139899
0.00835987
0.00383239
0.0148164
0.0135789
0.0182789
0.0172648
0.0188709
0.0176795
0.0193419
0.0184182
0.0232858
0.0222103
0.0334692
0.0291254
0.051862
0.0339059
0.0854484
0.0151478
0.174439
-0.127022
0.582712
-1.10864
1.04237
-0.492046
0.15137
-0.122494
0.0213477
-0.0420226
0.00442237
-0.0113806
0.00917109
0.00548264
0.0156383
0.0146022
0.0188447
0.0177412
0.0190029
0.0176386
0.0189513
0.017929
0.0223239
0.0214339
0.0318421
0.0283204
0.0492317
0.0335145
0.0804892
0.0168869
0.161682
-0.113215
0.531779
-1.00364
0.939465
-0.442747
0.137838
-0.110525
0.0196716
-0.0374062
0.00490941
-0.0088161
0.0101255
0.00719566
0.0165821
0.0157034
0.019485
0.0182572
0.0191499
0.0175786
0.0185171
0.0173615
0.021281
0.0205331
0.0301503
0.0273709
0.0466459
0.0329978
0.0758104
0.018516
0.149608
-0.0997165
0.482344
-0.900807
0.838706
-0.394958
0.124564
-0.0992506
0.0180766
-0.0330668
0.00551251
-0.00628925
0.0112244
0.00897616
0.0176516
0.0168847
0.0202024
0.0188136
0.0193127
0.0174988
0.0180389
0.0167135
0.020155
0.0195039
0.0283892
0.0262758
0.0440973
0.0323654
0.0714096
0.0200667
0.138231
-0.0864684
0.434421
-0.800112
0.740175
-0.348792
0.111522
-0.0887132
0.0165407
-0.0290055
0.00622692
-0.00379136
0.0124715
0.0108308
0.0188521
0.0181494
0.0210002
0.0194115
0.0194923
0.0173987
0.0175156
0.0159819
0.0189428
0.0183414
0.0265522
0.0250309
0.0415771
0.0316214
0.0672879
0.0215604
0.127595
-0.0734449
0.388126
-0.701636
0.644123
-0.304502
0.0987262
-0.0789828
0.0150536
-0.0252267
0.00705366
-0.00131204
0.0138739
0.0127682
0.0201903
0.0195023
0.0218821
0.0200526
0.0196897
0.0172772
0.0169458
0.015163
0.0176397
0.0170388
0.0246305
0.0236292
0.0390746
0.0307646
0.0634492
0.0230065
0.117767
-0.0606631
0.343712
-0.605628
0.551048
-0.26253
0.086248
-0.0701635
0.0136188
-0.0217374
0.00799996
0.00116072
0.0154414
0.0147989
0.0216743
0.020949
0.0228529
0.0207391
0.0199061
0.0171337
0.0163276
0.0142524
0.0162403
0.015588
0.0226138
0.0220606
0.0365777
0.0297871
0.0599004
0.0244008
0.108854
-0.048195
0.301625
-0.51259
0.461803
-0.223561
0.0742203
-0.0623906
0.0122529
-0.0185463
0.00907772
0.00363961
0.0171853
0.0169333
0.0233122
0.022495
0.0239166
0.021473
0.0201425
0.0169672
0.0156592
0.0132461
0.014739
0.013981
0.0204915
0.0203136
0.0340735
0.0286765
0.0566499
0.0257254
0.100991
-0.0361758
0.26255
-0.423372
0.377664
-0.188515
0.0627919
-0.0558037
0.0109713
-0.0156542
0.0102998
0.00614167
0.0191181
0.0191843
0.0251127
0.0241473
0.0250778
0.0222568
0.0203997
0.0167772
0.0149382
0.0121399
0.0131293
0.0122091
0.0182507
0.0183758
0.0315448
0.0274197
0.0536983
0.026964
0.0943184
-0.0247563
0.22741
-0.339253
0.300425
-0.158738
0.0520599
-0.0505401
0.00978549
-0.0130364
0.011704
0.0087178
0.0212855
0.0215984
0.0271141
0.0259377
0.0263593
0.0231049
0.0206827
0.0165595
0.0141511
0.0109115
0.0113797
0.0102345
0.0158452
0.0162011
0.02894
0.0259777
0.0510197
0.0281033
0.0889721
-0.0140365
0.197557
-0.262027
0.234246
-0.137659
0.0427264
-0.0470778
0.00890103
-0.0107194
0.0134461
0.0114558
0.0238274
0.0242765
0.029424
0.0279411
0.0278243
0.024051
0.0210067
0.0163012
0.0132663
0.00949956
0.00941695
0.00795033
0.0131742
0.0136489
0.0261704
0.0241922
0.0486385
0.0289332
0.0854298
-0.00472478
0.176426
-0.195853
0.191469
-0.134692
0.0397601
-0.047596
0.00958314
-0.00931637
0.0158164
0.01407
0.026737
0.0270143
0.0319571
0.0300116
0.0294031
0.0250227
0.0213637
0.0160085
0.0123547
0.00797243
0.00738627
0.00544124
0.0104432
0.0107256
0.023525
0.0217713
0.0471749
0.0281812
0.0858839
-0.00180766
0.173444
-0.15308
)
;

boundaryField
{
    movingWall
    {
        type            zeroGradient;
    }
    Inlet
    {
        type            cyclic;
    }
    Outlet
    {
        type            cyclic;
    }
    Bottom
    {
        type            zeroGradient;
    }
    frontAndBack
    {
        type            empty;
    }
}


// ************************************************************************* //
