/*--------------------------------*- C++ -*----------------------------------*\
| =========                 |                                                 |
| \\      /  F ield         | OpenFOAM: The Open Source CFD Toolbox           |
|  \\    /   O peration     | Version:  2.4.0                                 |
|   \\  /    A nd           | Web:      www.OpenFOAM.org                      |
|    \\/     M anipulation  |                                                 |
\*---------------------------------------------------------------------------*/
FoamFile
{
    version     2.0;
    format      ascii;
    class       volVectorField;
    location    "0.05";
    object      wallShearStress;
}
// * * * * * * * * * * * * * * * * * * * * * * * * * * * * * * * * * * * * * //

dimensions      [0 2 -2 0 0 0 0];

internalField   uniform (0 0 0);

boundaryField
{
    movingWall
    {
        type            calculated;
        value           nonuniform List<vector> 
90
(
(3.01371 -0.0135354 0)
(2.92347 0.017701 -8.03439e-22)
(2.99918 -0.00330504 2.38086e-21)
(2.96745 0.00407568 1.76475e-21)
(2.98645 -0.00122713 -2.14879e-22)
(2.9747 0.000451584 -3.93898e-23)
(2.97496 -0.00145569 -4.85639e-22)
(2.96506 -0.000960003 5.65262e-22)
(2.95861 -0.00158821 1.4843e-22)
(2.94938 -0.0012565 4.68714e-22)
(2.94159 -0.00139918 -2.24138e-22)
(2.93336 -0.00104932 -2.66658e-22)
(2.92736 -0.000876718 -3.45182e-22)
(2.92264 -0.000514996 -4.10095e-23)
(2.92006 -0.000219771 2.4451e-23)
(2.92006 0.000178412 2.77117e-23)
(2.92207 0.000474573 5.54017e-23)
(2.92681 0.000868076 -8.52624e-23)
(2.93281 0.00101299 0)
(2.94053 0.00136826 0)
(2.94834 0.00128703 -1.15402e-22)
(2.9581 0.00162644 0)
(2.96458 0.000967966 3.37635e-22)
(2.97449 0.00147705 -6.13631e-22)
(2.97425 -0.000445479 -7.36876e-22)
(2.98602 0.00129183 0)
(2.96745 -0.00405761 0)
(2.99918 0.00335772 9.384e-22)
(2.92347 -0.0177496 -1.27557e-21)
(3.01371 0.0135455 -8.99412e-23)
(3.01371 -0.0135354 7.60879e-21)
(2.92347 0.017701 9.96294e-22)
(2.99918 -0.00330504 -2.37972e-21)
(2.96745 0.00407567 0)
(2.98645 -0.00122714 0)
(2.9747 0.000451566 -1.62883e-22)
(2.97496 -0.00145571 0)
(2.96506 -0.000960032 2.49402e-22)
(2.95861 -0.00158824 0)
(2.94938 -0.00125653 -4.68093e-22)
(2.94159 -0.00139921 2.2378e-22)
(2.93336 -0.00104934 2.47306e-22)
(2.92736 -0.000876737 -1.08124e-22)
(2.92264 -0.00051501 4.96678e-24)
(2.92006 -0.000219779 0)
(2.92006 0.000178408 2.76914e-23)
(2.92207 0.000474572 5.536e-23)
(2.92681 0.000868077 -3.88642e-23)
(2.93281 0.00101299 0)
(2.94053 0.00136826 0)
(2.94834 0.00128702 1.15386e-22)
(2.9581 0.00162644 0)
(2.96458 0.00096796 3.28863e-22)
(2.97449 0.00147704 0)
(2.97425 -0.000445485 -7.36853e-22)
(2.98602 0.00129181 0)
(2.96745 -0.00405761 -6.0777e-22)
(2.99918 0.00335772 1.5784e-22)
(2.92347 -0.0177496 9.11196e-23)
(3.01371 0.0135455 -8.98946e-23)
(3.01371 -0.0135354 -7.98837e-21)
(2.92347 0.017701 1.91632e-22)
(2.99918 -0.00330504 -1.60283e-21)
(2.96745 0.00407568 3.90751e-23)
(2.98645 -0.00122712 0)
(2.9747 0.000451584 -1.13622e-22)
(2.97496 -0.0014557 -4.98336e-23)
(2.96506 -0.000960018 -2.49081e-22)
(2.95861 -0.00158823 0)
(2.94938 -0.00125652 -4.67349e-22)
(2.94159 -0.0013992 0)
(2.93336 -0.00104933 2.54992e-22)
(2.92736 -0.000876733 0)
(2.92264 -0.000515006 -1.03264e-22)
(2.92006 -0.000219771 0)
(2.92006 0.000178421 -1.53238e-23)
(2.92207 0.000474592 5.18691e-24)
(2.92681 0.000868106 3.88394e-23)
(2.93281 0.00101303 0)
(2.94053 0.0013683 0)
(2.94834 0.00128708 0)
(2.9581 0.0016265 0)
(2.96458 0.000966895 -3.38295e-22)
(2.97449 0.00147709 -1.90798e-22)
(2.97425 -0.000445444 -2.1411e-22)
(2.98602 0.00129185 0)
(2.96745 -0.00405759 0)
(2.99918 0.00335772 0)
(2.92347 -0.0177496 0)
(3.01371 0.0135455 0)
)
;
    }
    Inlet
    {
        type            cyclic;
    }
    Outlet
    {
        type            cyclic;
    }
    Bottom
    {
        type            calculated;
        value           nonuniform List<vector> 
90
(
(-0.00394222 -0.00463159 9.83007e-37)
(-0.00581472 -0.00862382 -6.05048e-20)
(0.0300506 0.0515945 2.50201e-20)
(0.0888322 0.139691 4.66895e-21)
(0.109067 0.147891 -5.22624e-19)
(0.0444497 0.0401377 1.52292e-18)
(-0.132084 -0.159147 1.64598e-20)
(-0.44741 -0.414709 -1.5799e-20)
(-0.918295 -0.684258 -2.81315e-18)
(-1.53188 -0.914346 4.3077e-20)
(-2.23781 -1.04895 -1.38535e-18)
(-2.95668 -1.04593 -1.34944e-18)
(-3.59774 -0.890017 -1.06686e-18)
(-4.0773 -0.597137 7.52316e-36)
(-4.33267 -0.210268 2.40101e-21)
(-4.33077 0.209746 1.81026e-36)
(-4.07206 0.596027 -2.29039e-21)
(-3.59042 0.888013 8.87085e-20)
(-2.9489 1.04315 1.3115e-18)
(-2.23105 1.0459 -9.6613e-20)
(-1.52703 0.911651 1.92621e-20)
(-0.915532 0.682387 -5.32097e-18)
(-0.446268 0.413771 -1.23153e-19)
(-0.13182 0.158871 1.94862e-18)
(0.0444484 -0.0401505 7.35381e-19)
(0.109075 -0.147894 4.96924e-19)
(0.0888637 -0.139717 -7.14701e-36)
(0.0300627 -0.0516024 4.22464e-21)
(-0.00581666 0.00862955 -4.59288e-20)
(-0.00394627 0.00463763 1.3126e-20)
(-0.00394487 -0.00463193 3.30608e-37)
(-0.00581411 -0.00862421 -3.12538e-20)
(0.0300509 0.0515937 4.22115e-21)
(0.0888345 0.139691 -3.00927e-36)
(0.109069 0.147889 5.08581e-19)
(0.0444502 0.0401375 7.82847e-19)
(-0.132083 -0.159147 2.0079e-18)
(-0.44741 -0.414709 -2.43587e-18)
(-0.918295 -0.684258 -2.60164e-18)
(-1.53188 -0.914346 -1.54001e-18)
(-2.23781 -1.04895 -9.9658e-20)
(-2.95668 -1.04593 9.03481e-21)
(-3.59774 -0.890017 8.06192e-20)
(-4.0773 -0.597137 2.34599e-21)
(-4.33267 -0.210269 -2.93874e-39)
(-4.33077 0.209746 1.34314e-36)
(-4.07206 0.596027 0)
(-3.59042 0.888013 8.47577e-20)
(-2.9489 1.04315 -1.31144e-18)
(-2.23105 1.0459 1.32252e-18)
(-1.52703 0.911651 4.22373e-20)
(-0.915532 0.682387 -2.17293e-20)
(-0.446268 0.413771 -2.39171e-18)
(-0.13182 0.158871 1.59973e-20)
(0.0444483 -0.0401506 7.2004e-19)
(0.109075 -0.147894 1.58306e-20)
(0.0888637 -0.139717 -1.99663e-19)
(0.030063 -0.0516024 3.32701e-22)
(-0.00581658 0.00862956 5.73053e-38)
(-0.00394635 0.00463763 8.75961e-21)
(-0.00394497 -0.00463193 1.5759e-37)
(-0.00581402 -0.00862421 2.09385e-38)
(0.0300509 0.0515937 -7.92616e-22)
(0.0888345 0.139691 -2.27389e-19)
(0.109069 0.147889 6.80307e-21)
(0.0444502 0.0401376 7.58739e-19)
(-0.132083 -0.159147 1.91086e-18)
(-0.44741 -0.414709 -1.07607e-19)
(-0.918295 -0.684258 2.21716e-20)
(-1.53188 -0.914346 -4.30789e-20)
(-2.23782 -1.04895 3.11894e-20)
(-2.95668 -1.04593 -1.34949e-18)
(-3.59774 -0.890017 8.86369e-20)
(-4.0773 -0.597137 3.13715e-19)
(-4.33267 -0.210269 -3.00525e-20)
(-4.33077 0.209746 -2.87213e-20)
(-4.07207 0.596027 2.29045e-21)
(-3.59042 0.888013 8.08068e-20)
(-2.9489 1.04315 -3.00927e-36)
(-2.23105 1.0459 1.33383e-18)
(-1.52703 0.911651 1.41163e-18)
(-0.915532 0.682387 -2.17306e-20)
(-0.446268 0.413771 -2.37652e-18)
(-0.131819 0.158871 3.80446e-18)
(0.0444492 -0.0401501 1.24575e-20)
(0.109077 -0.147893 1.58324e-20)
(0.0888665 -0.139715 -6.01715e-22)
(0.0300653 -0.0516008 3.32587e-22)
(-0.00581839 0.00863002 4.59657e-20)
(-0.00394762 0.00463808 8.7629e-21)
)
;
    }
    frontAndBack
    {
        type            empty;
    }
}


// ************************************************************************* //
