/*--------------------------------*- C++ -*----------------------------------*\
| =========                 |                                                 |
| \\      /  F ield         | OpenFOAM: The Open Source CFD Toolbox           |
|  \\    /   O peration     | Version:  5.x                                   |
|   \\  /    A nd           | Web:      www.OpenFOAM.org                      |
|    \\/     M anipulation  |                                                 |
\*---------------------------------------------------------------------------*/
FoamFile
{
    version     2.0;
    format      ascii;
    class       volVectorField;
    location    "0.6";
    object      U;
}
// * * * * * * * * * * * * * * * * * * * * * * * * * * * * * * * * * * * * * //

dimensions      [0 1 -1 0 0 0 0];

internalField   nonuniform List<vector> 
500
(
(0.0415 2.62286e-18 0)
(0.0415 4.98212e-18 0)
(0.0415 3.38785e-18 0)
(0.0415 8.06365e-18 0)
(0.0415 5.70811e-18 0)
(0.0415 2.21651e-18 0)
(0.0415 -3.56029e-18 0)
(0.0415 -5.94237e-18 0)
(0.0415 1.17606e-17 0)
(0.0415 5.6904e-18 0)
(0.0415 -3.17085e-18 0)
(0.0415 4.87997e-18 0)
(0.0415 -6.84168e-18 0)
(0.0415 -1.23182e-17 0)
(0.0415 -4.34786e-18 0)
(0.0415 1.07507e-17 0)
(0.0415 -1.2076e-17 0)
(0.0415 -1.19006e-17 0)
(0.0415 4.48291e-18 0)
(0.0415 -1.83503e-17 0)
(0.0415 -4.24059e-18 0)
(0.0415 -7.18073e-18 0)
(0.0415 2.73161e-18 0)
(0.0415 1.71276e-17 0)
(0.0415 -4.55671e-18 0)
(0.0415 -1.25533e-17 0)
(0.0415 -7.80229e-18 0)
(0.0415 -8.36888e-18 0)
(0.0415 -1.65231e-17 0)
(0.0415 1.55872e-17 0)
(0.0415 1.35004e-17 0)
(0.0415 7.77366e-18 0)
(0.0415 2.22041e-17 0)
(0.0415 -1.84673e-17 0)
(0.0415 -2.27256e-18 0)
(0.0415 4.43782e-17 0)
(0.0415 1.72962e-17 0)
(0.0415 1.08526e-17 0)
(0.0415 -8.73763e-18 0)
(0.0415 -1.52586e-17 0)
(0.0415 1.85994e-17 0)
(0.0415 1.0388e-17 0)
(0.0415 3.45257e-18 0)
(0.0415 3.96496e-18 0)
(0.0415 -3.67296e-17 0)
(0.0415 -3.12714e-17 0)
(0.0415 6.83182e-18 0)
(0.0415 2.7432e-18 0)
(0.0415 -7.82843e-18 0)
(0.0415 -3.66647e-17 0)
(0.1245 -6.41218e-18 0)
(0.1245 -1.22482e-17 0)
(0.1245 4.97492e-18 0)
(0.1245 -3.91405e-18 0)
(0.1245 -1.8468e-17 0)
(0.1245 -6.1611e-18 0)
(0.1245 -9.95426e-18 0)
(0.1245 -2.36032e-17 0)
(0.1245 -5.07263e-18 0)
(0.1245 2.90234e-18 0)
(0.1245 -2.05147e-17 0)
(0.1245 -1.70088e-17 0)
(0.1245 -1.25641e-17 0)
(0.1245 -2.59352e-17 0)
(0.1245 -3.68615e-18 0)
(0.1245 1.65274e-17 0)
(0.1245 -3.03461e-17 0)
(0.1245 -2.02829e-17 0)
(0.1245 -6.20487e-18 0)
(0.1245 -3.22931e-17 0)
(0.1245 1.22575e-17 0)
(0.1245 4.94352e-18 0)
(0.1245 -1.28601e-18 0)
(0.1245 5.71649e-17 0)
(0.1245 -5.91449e-18 0)
(0.1245 -2.69726e-17 0)
(0.1245 -5.33929e-18 0)
(0.1245 -2.91747e-17 0)
(0.1245 -1.37875e-17 0)
(0.1245 4.06194e-17 0)
(0.1245 4.9509e-17 0)
(0.1245 1.04164e-17 0)
(0.1245 2.31792e-17 0)
(0.1245 -1.625e-17 0)
(0.1245 -6.65876e-18 0)
(0.1245 7.65859e-17 0)
(0.1245 2.94473e-17 0)
(0.1245 1.57109e-17 0)
(0.1245 2.7283e-17 0)
(0.1245 -1.78765e-18 0)
(0.1245 1.70603e-17 0)
(0.1245 6.1863e-17 0)
(0.1245 5.27839e-17 0)
(0.1245 -1.64724e-17 0)
(0.1245 -9.49601e-17 0)
(0.1245 -6.4669e-17 0)
(0.1245 -3.00494e-17 0)
(0.1245 -1.38196e-17 0)
(0.1245 3.70723e-17 0)
(0.1245 -3.45186e-17 0)
(0.2075 6.06138e-19 0)
(0.2075 -1.10879e-17 0)
(0.2075 -5.78367e-19 0)
(0.2075 -9.81904e-19 0)
(0.2075 -1.75158e-17 0)
(0.2075 -1.36259e-17 0)
(0.2075 -3.6812e-17 0)
(0.2075 -4.47801e-17 0)
(0.2075 -2.38174e-17 0)
(0.2075 -4.76941e-18 0)
(0.2075 -2.41488e-17 0)
(0.2075 -3.84126e-17 0)
(0.2075 -2.53142e-17 0)
(0.2075 -5.45396e-17 0)
(0.2075 -1.669e-17 0)
(0.2075 6.76939e-18 0)
(0.2075 -6.27216e-17 0)
(0.2075 -8.12881e-17 0)
(0.2075 -7.23083e-18 0)
(0.2075 2.65342e-18 0)
(0.2075 1.82786e-17 0)
(0.2075 1.52928e-17 0)
(0.2075 2.00462e-18 0)
(0.2075 7.07196e-17 0)
(0.2075 -3.62171e-18 0)
(0.2075 -5.24481e-17 0)
(0.2075 -1.53997e-17 0)
(0.2075 -3.96367e-17 0)
(0.2075 -8.43652e-18 0)
(0.2075 8.42796e-17 0)
(0.2075 5.76219e-17 0)
(0.2075 3.2777e-17 0)
(0.2075 7.75772e-17 0)
(0.2075 -3.13371e-17 0)
(0.2075 -2.50745e-17 0)
(0.2075 9.83165e-17 0)
(0.2075 1.92701e-17 0)
(0.2075 4.53153e-17 0)
(0.2075 4.78185e-17 0)
(0.2075 1.02789e-17 0)
(0.2075 9.07989e-17 0)
(0.2075 8.82476e-17 0)
(0.2075 3.58224e-17 0)
(0.2075 -6.46704e-17 0)
(0.2075 -8.57953e-17 0)
(0.2075 -6.10913e-17 0)
(0.2075 -1.02932e-16 0)
(0.2075 -2.96201e-17 0)
(0.2075 3.84363e-17 0)
(0.2075 -5.39578e-17 0)
(0.2905 1.02328e-17 0)
(0.2905 1.61647e-17 0)
(0.2905 -2.07779e-17 0)
(0.2905 -1.15443e-17 0)
(0.2905 -1.17174e-17 0)
(0.2905 -1.08479e-17 0)
(0.2905 -6.48291e-17 0)
(0.2905 -7.72168e-17 0)
(0.2905 -3.79538e-17 0)
(0.2905 -3.20266e-17 0)
(0.2905 -4.41727e-17 0)
(0.2905 -2.99686e-17 0)
(0.2905 -1.01495e-17 0)
(0.2905 -5.63862e-17 0)
(0.2905 -5.12911e-17 0)
(0.2905 -5.00499e-17 0)
(0.2905 -1.14656e-16 0)
(0.2905 -9.15428e-17 0)
(0.2905 -2.088e-17 0)
(0.2905 -2.13697e-17 0)
(0.2905 4.7214e-17 0)
(0.2905 6.17927e-17 0)
(0.2905 3.92012e-18 0)
(0.2905 3.65924e-17 0)
(0.2905 2.25244e-17 0)
(0.2905 -2.49859e-17 0)
(0.2905 -3.11154e-17 0)
(0.2905 -3.19609e-17 0)
(0.2905 4.98768e-18 0)
(0.2905 7.9057e-17 0)
(0.2905 5.66847e-17 0)
(0.2905 7.10441e-17 0)
(0.2905 5.50447e-17 0)
(0.2905 -2.93129e-17 0)
(0.2905 -1.15397e-18 0)
(0.2905 8.71016e-17 0)
(0.2905 5.17642e-17 0)
(0.2905 3.0075e-17 0)
(0.2905 7.32411e-17 0)
(0.2905 7.37243e-17 0)
(0.2905 8.39878e-17 0)
(0.2905 1.17284e-16 0)
(0.2905 6.77808e-17 0)
(0.2905 -3.78334e-17 0)
(0.2905 -1.01441e-16 0)
(0.2905 -1.65697e-16 0)
(0.2905 -1.40952e-16 0)
(0.2905 8.78311e-18 0)
(0.2905 -3.19341e-17 0)
(0.2905 -1.32505e-16 0)
(0.3735 4.99543e-17 0)
(0.3735 2.0466e-17 0)
(0.3735 -2.1661e-17 0)
(0.3735 -1.67292e-18 0)
(0.3735 -1.32725e-17 0)
(0.3735 -3.48503e-17 0)
(0.3735 -6.82498e-17 0)
(0.3735 -1.05484e-16 0)
(0.3735 -8.73537e-17 0)
(0.3735 -7.42056e-17 0)
(0.3735 -7.59658e-17 0)
(0.3735 5.30864e-18 0)
(0.3735 -4.36924e-18 0)
(0.3735 -4.30051e-17 0)
(0.3735 -4.11687e-17 0)
(0.3735 -8.66245e-17 0)
(0.3735 -1.40996e-16 0)
(0.3735 -1.13932e-16 0)
(0.3735 -9.3067e-17 0)
(0.3735 -2.90175e-17 0)
(0.3735 3.2745e-17 0)
(0.3735 4.19937e-17 0)
(0.3735 -1.04795e-17 0)
(0.3735 4.21428e-17 0)
(0.3735 5.7445e-17 0)
(0.3735 4.27529e-18 0)
(0.3735 9.5714e-18 0)
(0.3735 2.47493e-18 0)
(0.3735 3.83634e-17 0)
(0.3735 3.60253e-17 0)
(0.3735 5.02153e-17 0)
(0.3735 8.81179e-17 0)
(0.3735 3.32894e-17 0)
(0.3735 -3.04988e-17 0)
(0.3735 7.01109e-18 0)
(0.3735 7.94949e-17 0)
(0.3735 7.61355e-17 0)
(0.3735 3.50206e-17 0)
(0.3735 8.23498e-17 0)
(0.3735 1.26444e-16 0)
(0.3735 8.73381e-17 0)
(0.3735 9.9263e-17 0)
(0.3735 7.84301e-17 0)
(0.3735 -3.88639e-19 0)
(0.3735 -1.05001e-16 0)
(0.3735 -2.43286e-16 0)
(0.3735 -2.1477e-16 0)
(0.3735 -3.01765e-17 0)
(0.3735 -1.03974e-17 0)
(0.3735 -1.24259e-16 0)
(0.4565 9.48849e-17 0)
(0.4565 5.55813e-17 0)
(0.4565 3.83172e-17 0)
(0.4565 1.93722e-17 0)
(0.4565 -4.6604e-17 0)
(0.4565 -5.60649e-17 0)
(0.4565 -8.03661e-17 0)
(0.4565 -1.10666e-16 0)
(0.4565 -1.07357e-16 0)
(0.4565 -8.92101e-17 0)
(0.4565 -8.85811e-17 0)
(0.4565 -4.92613e-18 0)
(0.4565 3.64307e-17 0)
(0.4565 -1.02296e-17 0)
(0.4565 -5.25877e-17 0)
(0.4565 -3.56348e-17 0)
(0.4565 -1.43238e-16 0)
(0.4565 -1.7813e-16 0)
(0.4565 -8.93943e-17 0)
(0.4565 -4.26978e-17 0)
(0.4565 1.44429e-17 0)
(0.4565 -5.52348e-18 0)
(0.4565 -6.65697e-17 0)
(0.4565 6.48853e-18 0)
(0.4565 7.503e-17 0)
(0.4565 1.1464e-16 0)
(0.4565 9.34388e-17 0)
(0.4565 -2.26315e-17 0)
(0.4565 2.22212e-17 0)
(0.4565 2.61247e-17 0)
(0.4565 4.51618e-17 0)
(0.4565 1.18045e-16 0)
(0.4565 1.28671e-17 0)
(0.4565 -5.32564e-17 0)
(0.4565 -2.86604e-17 0)
(0.4565 9.57698e-17 0)
(0.4565 1.1108e-16 0)
(0.4565 8.61443e-17 0)
(0.4565 9.2732e-17 0)
(0.4565 7.36839e-17 0)
(0.4565 5.19837e-17 0)
(0.4565 8.57278e-17 0)
(0.4565 1.07475e-16 0)
(0.4565 -5.19393e-17 0)
(0.4565 -1.68433e-16 0)
(0.4565 -2.39379e-16 0)
(0.4565 -1.67402e-16 0)
(0.4565 -2.79394e-18 0)
(0.4565 -8.903e-17 0)
(0.4565 -2.00872e-16 0)
(0.5395 1.07268e-16 0)
(0.5395 9.63481e-17 0)
(0.5395 5.83895e-17 0)
(0.5395 6.35137e-18 0)
(0.5395 -2.83605e-18 0)
(0.5395 -1.77149e-18 0)
(0.5395 -1.15078e-16 0)
(0.5395 -1.25809e-16 0)
(0.5395 -1.06095e-16 0)
(0.5395 -7.02858e-17 0)
(0.5395 -5.70829e-17 0)
(0.5395 -2.94123e-18 0)
(0.5395 3.00947e-17 0)
(0.5395 -7.90924e-17 0)
(0.5395 -8.187e-17 0)
(0.5395 -4.19842e-17 0)
(0.5395 -1.40706e-16 0)
(0.5395 -1.35104e-16 0)
(0.5395 -7.95351e-17 0)
(0.5395 -1.92436e-17 0)
(0.5395 1.31283e-18 0)
(0.5395 -4.68695e-17 0)
(0.5395 -6.8834e-17 0)
(0.5395 1.85655e-17 0)
(0.5395 8.93499e-17 0)
(0.5395 1.23621e-16 0)
(0.5395 1.22094e-16 0)
(0.5395 -1.0893e-17 0)
(0.5395 -3.62597e-17 0)
(0.5395 5.69272e-17 0)
(0.5395 9.05117e-17 0)
(0.5395 9.56047e-17 0)
(0.5395 2.12291e-17 0)
(0.5395 -7.67859e-17 0)
(0.5395 -6.64504e-17 0)
(0.5395 1.03936e-16 0)
(0.5395 1.63582e-16 0)
(0.5395 7.40247e-17 0)
(0.5395 5.00534e-17 0)
(0.5395 3.23271e-17 0)
(0.5395 1.61522e-17 0)
(0.5395 9.57424e-18 0)
(0.5395 5.97508e-17 0)
(0.5395 -4.26189e-17 0)
(0.5395 -1.31859e-16 0)
(0.5395 -1.96741e-16 0)
(0.5395 -1.31711e-16 0)
(0.5395 5.11801e-17 0)
(0.5395 -5.22267e-17 0)
(0.5395 -1.83051e-16 0)
(0.6225 1.01901e-16 0)
(0.6225 1.3007e-16 0)
(0.6225 6.68078e-17 0)
(0.6225 -3.73611e-17 0)
(0.6225 -3.65016e-17 0)
(0.6225 9.40157e-18 0)
(0.6225 -3.64012e-17 0)
(0.6225 -1.09946e-16 0)
(0.6225 -7.73087e-17 0)
(0.6225 -2.87741e-17 0)
(0.6225 -3.53287e-17 0)
(0.6225 -9.42748e-18 0)
(0.6225 -2.2536e-17 0)
(0.6225 -1.22912e-16 0)
(0.6225 -7.70811e-17 0)
(0.6225 -8.07436e-17 0)
(0.6225 -9.16753e-17 0)
(0.6225 -7.57154e-17 0)
(0.6225 -3.02557e-17 0)
(0.6225 1.06006e-18 0)
(0.6225 2.43532e-17 0)
(0.6225 -5.42258e-17 0)
(0.6225 -1.16865e-16 0)
(0.6225 4.03242e-17 0)
(0.6225 1.06803e-16 0)
(0.6225 1.01632e-16 0)
(0.6225 7.42012e-17 0)
(0.6225 -7.26475e-19 0)
(0.6225 -1.89103e-17 0)
(0.6225 1.06848e-16 0)
(0.6225 9.75042e-17 0)
(0.6225 5.99344e-17 0)
(0.6225 -9.34714e-18 0)
(0.6225 -1.17244e-16 0)
(0.6225 -6.38462e-17 0)
(0.6225 8.66579e-17 0)
(0.6225 1.46785e-16 0)
(0.6225 1.21723e-16 0)
(0.6225 7.9243e-17 0)
(0.6225 -1.20454e-17 0)
(0.6225 -6.75267e-17 0)
(0.6225 -1.58816e-17 0)
(0.6225 7.03481e-17 0)
(0.6225 -6.33586e-17 0)
(0.6225 -1.10616e-16 0)
(0.6225 -1.0439e-16 0)
(0.6225 -4.38541e-17 0)
(0.6225 4.83092e-17 0)
(0.6225 -9.40219e-17 0)
(0.6225 -1.99725e-16 0)
(0.7055 8.61164e-17 0)
(0.7055 1.29589e-16 0)
(0.7055 9.17277e-17 0)
(0.7055 1.86407e-17 0)
(0.7055 -6.89309e-17 0)
(0.7055 -7.49504e-17 0)
(0.7055 -3.03047e-17 0)
(0.7055 -6.10066e-17 0)
(0.7055 -5.65016e-18 0)
(0.7055 2.9071e-17 0)
(0.7055 5.78505e-17 0)
(0.7055 -6.52121e-18 0)
(0.7055 -7.32e-17 0)
(0.7055 -9.74486e-17 0)
(0.7055 -8.38226e-17 0)
(0.7055 -2.8166e-17 0)
(0.7055 -2.48899e-17 0)
(0.7055 -2.90802e-17 0)
(0.7055 3.24613e-17 0)
(0.7055 7.65594e-18 0)
(0.7055 1.35261e-17 0)
(0.7055 -2.5732e-17 0)
(0.7055 -1.08095e-16 0)
(0.7055 -2.643e-17 0)
(0.7055 4.72018e-17 0)
(0.7055 8.47773e-17 0)
(0.7055 -1.43989e-18 0)
(0.7055 -3.99036e-17 0)
(0.7055 5.50971e-17 0)
(0.7055 9.29809e-17 0)
(0.7055 9.82105e-17 0)
(0.7055 6.64299e-17 0)
(0.7055 -3.38299e-17 0)
(0.7055 -4.15511e-17 0)
(0.7055 1.56038e-17 0)
(0.7055 9.57486e-17 0)
(0.7055 7.89083e-17 0)
(0.7055 5.14961e-17 0)
(0.7055 6.68635e-17 0)
(0.7055 2.51321e-17 0)
(0.7055 -5.29691e-17 0)
(0.7055 4.02211e-17 0)
(0.7055 5.50367e-17 0)
(0.7055 -1.09927e-16 0)
(0.7055 -1.15293e-16 0)
(0.7055 -5.35505e-17 0)
(0.7055 -7.43131e-18 0)
(0.7055 7.55682e-17 0)
(0.7055 -9.03863e-17 0)
(0.7055 -2.10054e-16 0)
(0.7885 5.81265e-17 0)
(0.7885 1.07052e-16 0)
(0.7885 7.04544e-17 0)
(0.7885 -6.04855e-18 0)
(0.7885 -4.36541e-17 0)
(0.7885 -5.60656e-17 0)
(0.7885 -3.94392e-17 0)
(0.7885 1.63046e-17 0)
(0.7885 4.18959e-17 0)
(0.7885 2.20023e-17 0)
(0.7885 2.81425e-17 0)
(0.7885 -5.51764e-18 0)
(0.7885 -2.46703e-17 0)
(0.7885 -4.04783e-17 0)
(0.7885 -2.64831e-17 0)
(0.7885 2.99892e-18 0)
(0.7885 -2.81677e-18 0)
(0.7885 1.20175e-17 0)
(0.7885 1.08141e-17 0)
(0.7885 -1.79222e-17 0)
(0.7885 -1.22293e-17 0)
(0.7885 -4.36656e-19 0)
(0.7885 -4.91971e-17 0)
(0.7885 -3.67251e-17 0)
(0.7885 1.42376e-17 0)
(0.7885 -8.62482e-19 0)
(0.7885 -4.56796e-17 0)
(0.7885 6.02788e-18 0)
(0.7885 4.83209e-17 0)
(0.7885 3.85035e-17 0)
(0.7885 1.78588e-17 0)
(0.7885 3.0742e-17 0)
(0.7885 4.3194e-17 0)
(0.7885 1.65996e-17 0)
(0.7885 1.56041e-17 0)
(0.7885 2.363e-17 0)
(0.7885 7.72648e-18 0)
(0.7885 -4.66646e-18 0)
(0.7885 2.88978e-17 0)
(0.7885 2.37583e-17 0)
(0.7885 1.58884e-17 0)
(0.7885 -5.59819e-18 0)
(0.7885 -6.80991e-18 0)
(0.7885 -4.73414e-17 0)
(0.7885 -3.0589e-17 0)
(0.7885 -2.85399e-18 0)
(0.7885 -3.24614e-17 0)
(0.7885 1.16917e-17 0)
(0.7885 -2.82401e-17 0)
(0.7885 -7.94102e-17 0)
)
;

boundaryField
{
    movingWall
    {
        type            fixedValue;
        value           uniform (0.83 0 0);
    }
    Inlet
    {
        type            zeroGradient;
    }
    Outlet
    {
        type            zeroGradient;
    }
    Bottom
    {
        type            fixedValue;
        value           uniform (0 0 0);
    }
    frontAndBack
    {
        type            empty;
    }
}


// ************************************************************************* //
