/*--------------------------------*- C++ -*----------------------------------*\
| =========                 |                                                 |
| \\      /  F ield         | OpenFOAM: The Open Source CFD Toolbox           |
|  \\    /   O peration     | Version:  5.x                                   |
|   \\  /    A nd           | Web:      www.OpenFOAM.org                      |
|    \\/     M anipulation  |                                                 |
\*---------------------------------------------------------------------------*/
FoamFile
{
    version     2.0;
    format      ascii;
    class       volVectorField;
    location    "0.6";
    object      wallShearStress;
}
// * * * * * * * * * * * * * * * * * * * * * * * * * * * * * * * * * * * * * //

dimensions      [0 2 -2 0 0 0 0];

internalField   uniform (0 0 0);

boundaryField
{
    movingWall
    {
        type            calculated;
        value           nonuniform List<vector> 
50
(
(0.184675 -3.44884e-16 0)
(0.184675 -6.35175e-16 0)
(0.184675 -4.18029e-16 0)
(0.184675 3.58881e-17 0)
(0.184675 2.59014e-16 0)
(0.184675 3.32656e-16 0)
(0.184675 2.34006e-16 0)
(0.184675 -9.67406e-17 0)
(0.184675 -2.48582e-16 0)
(0.184675 -1.30547e-16 0)
(0.184675 -1.66979e-16 0)
(0.184675 3.2738e-17 0)
(0.184675 1.46377e-16 0)
(0.184675 2.40171e-16 0)
(0.184675 1.57133e-16 0)
(0.184675 -1.77936e-17 0)
(0.184675 1.67128e-17 0)
(0.184675 -7.13038e-17 0)
(0.184675 -6.41637e-17 0)
(0.184675 1.06338e-16 0)
(0.184675 7.25605e-17 0)
(0.184675 2.59083e-18 0)
(0.184675 2.91903e-16 0)
(0.184675 2.17902e-16 0)
(0.184675 -8.44764e-17 0)
(0.184675 5.11739e-18 0)
(0.184675 2.71032e-16 0)
(0.184675 -3.57654e-17 0)
(0.184675 -2.86704e-16 0)
(0.184675 -2.28454e-16 0)
(0.184675 -1.05962e-16 0)
(0.184675 -1.82403e-16 0)
(0.184675 -2.56284e-16 0)
(0.184675 -9.8491e-17 0)
(0.184675 -9.25843e-17 0)
(0.184675 -1.40205e-16 0)
(0.184675 -4.58438e-17 0)
(0.184675 2.76877e-17 0)
(0.184675 -1.7146e-16 0)
(0.184675 -1.40966e-16 0)
(0.184675 -9.42712e-17 0)
(0.184675 3.32159e-17 0)
(0.184675 4.04055e-17 0)
(0.184675 2.80892e-16 0)
(0.184675 1.81495e-16 0)
(0.184675 1.69337e-17 0)
(0.184675 1.92604e-16 0)
(0.184675 -6.93708e-17 0)
(0.184675 1.67558e-16 0)
(0.184675 4.71167e-16 0)
)
;
    }
    Inlet
    {
        type            calculated;
        value           uniform (0 0 0);
    }
    Outlet
    {
        type            calculated;
        value           uniform (0 0 0);
    }
    Bottom
    {
        type            calculated;
        value           nonuniform List<vector> 
50
(
(-0.184675 -1.55623e-17 0)
(-0.184675 -2.95606e-17 0)
(-0.184675 -2.01012e-17 0)
(-0.184675 -4.78443e-17 0)
(-0.184675 -3.38681e-17 0)
(-0.184675 -1.31513e-17 0)
(-0.184675 2.11244e-17 0)
(-0.184675 3.52581e-17 0)
(-0.184675 -6.97796e-17 0)
(-0.184675 -3.3763e-17 0)
(-0.184675 1.88137e-17 0)
(-0.184675 -2.89545e-17 0)
(-0.184675 4.0594e-17 0)
(-0.184675 7.3088e-17 0)
(-0.184675 2.57973e-17 0)
(-0.184675 -6.37875e-17 0)
(-0.184675 7.16509e-17 0)
(-0.184675 7.06102e-17 0)
(-0.184675 -2.65986e-17 0)
(-0.184675 1.08878e-16 0)
(-0.184675 2.51608e-17 0)
(-0.184675 4.26057e-17 0)
(-0.184675 -1.62076e-17 0)
(-0.184675 -1.01624e-16 0)
(-0.184675 2.70365e-17 0)
(-0.184675 7.44829e-17 0)
(-0.184675 4.62936e-17 0)
(-0.184675 4.96554e-17 0)
(-0.184675 9.80371e-17 0)
(-0.184675 -9.24841e-17 0)
(-0.184675 -8.01024e-17 0)
(-0.184675 -4.61237e-17 0)
(-0.184675 -1.31744e-16 0)
(-0.184675 1.09573e-16 0)
(-0.184675 1.34839e-17 0)
(-0.184675 -2.63311e-16 0)
(-0.184675 -1.02624e-16 0)
(-0.184675 -6.43921e-17 0)
(-0.184675 5.18433e-17 0)
(-0.184675 9.05344e-17 0)
(-0.184675 -1.10356e-16 0)
(-0.184675 -6.16355e-17 0)
(-0.184675 -2.04852e-17 0)
(-0.184675 -2.35254e-17 0)
(-0.184675 2.17929e-16 0)
(-0.184675 1.85544e-16 0)
(-0.184675 -4.05355e-17 0)
(-0.184675 -1.62763e-17 0)
(-0.184675 4.64487e-17 0)
(-0.184675 2.17544e-16 0)
)
;
    }
    frontAndBack
    {
        type            empty;
    }
}


// ************************************************************************* //
