/*--------------------------------*- C++ -*----------------------------------*\
| =========                 |                                                 |
| \\      /  F ield         | OpenFOAM: The Open Source CFD Toolbox           |
|  \\    /   O peration     | Version:  5.x                                   |
|   \\  /    A nd           | Web:      www.OpenFOAM.org                      |
|    \\/     M anipulation  |                                                 |
\*---------------------------------------------------------------------------*/
FoamFile
{
    version     2.0;
    format      ascii;
    class       volScalarField;
    location    "0.025";
    object      p;
}
// * * * * * * * * * * * * * * * * * * * * * * * * * * * * * * * * * * * * * //

dimensions      [0 2 -2 0 0 0 0];

internalField   nonuniform List<scalar> 
7200
(
4.18865e-05
-0.0784943
-0.0263528
0.283504
0.674336
1.01262
1.30159
1.55969
1.76876
1.88379
1.86088
1.67633
1.33403
0.861839
0.305591
-0.279281
-0.833923
-1.3035
-1.64299
-1.82516
-1.84643
-1.73057
-1.52141
-1.26366
-0.975033
-0.636752
-0.245634
0.064495
0.116603
0.0379629
-0.0149011
-0.0896595
0.0373943
0.399053
0.773879
1.07213
1.32401
1.5457
1.71606
1.79503
1.74756
1.55704
1.22974
0.791051
0.280733
-0.253913
-0.762796
-1.19913
-1.52389
-1.71222
-1.75812
-1.67823
-1.5076
-1.2861
-1.03451
-0.736327
-0.361265
0.000689392
0.127774
0.0529504
-0.0336439
-0.0857879
0.120275
0.509442
0.851149
1.10769
1.32394
1.51002
1.64397
1.69153
1.62531
1.43397
1.12498
0.721009
0.256312
-0.228962
-0.692361
-1.09419
-1.40088
-1.59022
-1.65497
-1.60647
-1.47213
-1.28609
-1.07006
-0.813612
-0.471722
-0.0822657
0.123897
0.0717281
-0.0552929
-0.0635721
0.217531
0.611034
0.910775
1.12849
1.31279
1.46722
1.57045
1.59329
1.514
1.32479
1.03352
0.660442
0.235293
-0.207461
-0.631416
-1.00253
-1.29167
-1.47904
-1.55697
-1.53324
-1.42953
-1.27502
-1.09086
-0.873241
-0.573363
-0.179592
0.10166
0.0933983
-0.0779397
-0.0198208
0.326774
0.703819
0.956786
1.1385
1.29325
1.4189
1.49553
1.4982
1.40959
1.22439
0.950468
0.605842
0.216417
-0.188126
-0.576441
-0.919237
-1.19118
-1.37469
-1.46206
-1.45855
-1.38141
-1.25558
-1.10088
-0.919253
-0.666185
-0.288896
0.057876
0.11605
-0.0981033
0.0479492
0.442755
0.784246
0.989193
1.13823
1.26568
1.36535
1.41908
1.40545
1.31056
1.13087
0.873992
0.555912
0.199221
-0.170477
-0.526131
-0.842498
-1.09753
-1.27567
-1.36944
-1.3823
-1.32805
-1.22813
-1.10065
-0.951664
-0.746638
-0.404927
-0.00992702
0.136209
-0.11098
0.140261
0.558749
0.84912
1.00826
1.12829
1.23082
1.30753
1.34198
1.31555
1.21699
1.04396
0.803682
0.510306
0.183573
-0.154381
-0.480138
-0.771902
-1.01044
-1.18205
-1.27961
-1.30536
-1.27041
-1.19341
-1.09077
-0.970743
-0.811534
-0.52096
-0.102266
0.149079
-0.110673
0.255221
0.667662
0.896714
1.01499
1.10957
1.18966
1.2465
1.26507
1.22893
1.12886
0.963326
0.739094
0.468663
0.169337
-0.139698
-0.438101
-0.707004
-0.929603
-1.09381
-1.193
-1.22856
-1.20956
-1.1524
-1.07214
-0.977507
-0.859155
-0.629907
-0.217245
0.148768
-0.090486
0.388385
0.762718
0.926688
1.0107
1.08299
1.14319
1.18326
1.18903
1.14583
1.04601
0.888557
0.679738
0.430607
0.156374
-0.126287
-0.399641
-0.647317
-0.854586
-1.01081
-1.10985
-1.15258
-1.14645
-1.10607
-1.04567
-0.973273
-0.889165
-0.725
-0.350425
0.128586
-0.0433532
0.532845
0.838103
0.939919
0.996772
1.04942
1.0924
1.11866
1.11441
1.06643
0.968264
0.819248
0.625167
0.395798
0.144559
-0.11402
-0.364418
-0.592393
-0.784995
-0.932863
-1.03035
-1.07798
-1.08196
-1.05543
-1.01222
-0.95942
-0.902446
-0.800429
-0.494903
0.0814665
0.0376441
0.679558
0.889566
0.938285
0.9745
1.00975
1.03829
1.05352
1.04169
0.990817
0.895417
0.755024
0.574978
0.363937
0.133783
-0.102788
-0.332134
-0.541833
-0.720458
-0.85977
-0.954585
-1.00521
-1.01688
-1.00144
-0.972666
-0.937239
-0.900878
-0.85195
-0.641647
0.000487135
0.158702
0.817927
0.914876
0.924342
0.944994
0.964862
0.981802
0.988522
0.971219
0.919044
0.827258
0.695535
0.528807
0.334755
0.123948
-0.0924912
-0.302518
-0.495273
-0.660626
-0.791326
-0.882607
-0.934648
-0.951902
-0.945052
-0.927907
-0.90784
-0.887017
-0.877334
-0.780065
-0.120554
0.324725
0.936574
0.914076
0.900937
0.909144
0.915698
0.923843
0.924266
0.903301
0.851111
0.763571
0.640448
0.48632
0.30801
0.114966
-0.0830427
-0.275332
-0.452381
-0.605172
-0.727314
-0.81442
-0.866584
-0.887622
-0.887166
-0.878861
-0.872106
-0.863709
-0.876624
-0.898783
-0.286569
0.538818
1.02424
0.889502
0.870818
0.867635
0.863227
0.865235
0.861255
0.838151
0.786978
0.704135
0.589457
0.447216
0.283487
0.106759
-0.0743645
-0.25036
-0.412858
-0.553789
-0.667519
-0.749986
-0.801234
-0.824538
-0.828596
-0.826492
-0.830715
-0.833698
-0.852155
-0.986544
-0.500672
0.801894
1.07071
0.845552
0.836278
0.821015
0.808461
0.806703
0.7999
0.775926
0.726578
0.64873
0.542271
0.411218
0.260991
0.0992578
-0.0663869
-0.227407
-0.37643
-0.506193
-0.611724
-0.689243
-0.738758
-0.763058
-0.770062
-0.771807
-0.784209
-0.799274
-0.808323
-1.03314
-0.763782
1.11244
1.06771
0.788251
0.798903
0.769803
0.752424
0.748859
0.740534
0.716729
0.66982
0.597139
0.498621
0.378076
0.240345
0.0923985
-0.0590477
-0.206299
-0.342848
-0.462116
-0.559715
-0.632099
-0.679258
-0.703515
-0.712172
-0.715823
-0.733101
-0.762016
-0.751147
-1.03029
-1.07439
1.46648
1.00962
0.724637
0.759426
0.714602
0.696119
0.692198
0.683421
0.660615
0.616592
0.549149
0.458256
0.347561
0.221392
0.086125
-0.0522912
-0.186879
-0.311885
-0.421311
-0.511283
-0.57845
-0.622792
-0.646172
-0.655419
-0.659536
-0.677986
-0.722652
-0.68766
-0.972368
-1.42852
1.85771
0.893982
0.662058
0.717721
0.656198
0.640469
0.637104
0.628766
0.607603
0.566773
0.504554
0.420944
0.319465
0.203989
0.0803863
-0.0460674
-0.169006
-0.283336
-0.383548
-0.466228
-0.528175
-0.569382
-0.591233
-0.600182
-0.603867
-0.619646
-0.68105
-0.625203
-0.856902
-1.81987
2.27784
0.721692
0.607455
0.67293
0.595633
0.586267
0.583862
0.576724
0.557675
0.520228
0.463155
0.386466
0.293596
0.188005
0.0751364
-0.0403313
-0.15255
-0.25701
-0.348612
-0.424353
-0.481146
-0.51901
-0.538853
-0.546744
-0.549604
-0.559116
-0.636349
-0.570712
-0.68479
-2.24016
2.7171
0.496954
0.56671
0.623692
0.534218
0.534123
0.532679
0.527406
0.510787
0.476818
0.424762
0.354621
0.26978
0.173324
0.0703339
-0.0350423
-0.137397
-0.232737
-0.316305
-0.385472
-0.437226
-0.471637
-0.489144
-0.495311
-0.497352
-0.497703
-0.58718
-0.530064
-0.460225
-2.67958
3.16479
0.226904
0.544138
0.568442
0.473501
0.484427
0.48371
0.480884
0.466869
0.4364
0.389191
0.325221
0.24786
0.15984
0.0659412
-0.0301641
-0.12344
-0.210358
-0.286443
-0.349405
-0.396277
-0.427197
-0.442179
-0.446037
-0.447498
-0.43695
-0.531974
-0.50757
-0.190335
-3.12746
3.60995
-0.0789849
0.542167
0.505729
0.415176
0.437334
0.437085
0.437191
0.425836
0.398828
0.356266
0.298093
0.227687
0.147454
0.0619243
-0.0256635
-0.110585
-0.18973
-0.258852
-0.315982
-0.35816
-0.385608
-0.397993
-0.39905
-0.400196
-0.378547
-0.469277
-0.505655
0.115415
-3.57281
4.04199
-0.409661
0.561235
0.434517
0.36096
0.392776
0.392927
0.396318
0.387588
0.36396
0.325823
0.273073
0.20913
0.13608
0.0582523
-0.0215106
-0.0987434
-0.17072
-0.233374
-0.28504
-0.322735
-0.346775
-0.35658
-0.354474
-0.355372
-0.324208
-0.398048
-0.524751
0.445978
-4.00504
4.45122
-0.753339
0.599897
0.354416
0.312441
0.350492
0.351373
0.358221
0.352018
0.331649
0.297701
0.250011
0.192065
0.125636
0.0548969
-0.0176782
-0.0878366
-0.153208
-0.209861
-0.256426
-0.289863
-0.310597
-0.317898
-0.312442
-0.312766
-0.275516
-0.317893
-0.563413
0.789573
-4.41443
4.82929
-1.09832
0.65512
0.26582
0.270934
0.310091
0.312571
0.322813
0.319017
0.301755
0.271753
0.228768
0.176379
0.116049
0.0518327
-0.0141417
-0.077792
-0.137082
-0.188175
-0.229993
-0.259407
-0.27697
-0.281866
-0.273108
-0.271982
-0.233784
-0.2292
-0.618606
1.13451
-4.79265
5.16954
-1.43376
0.722707
0.169931
0.237356
0.271115
0.276686
0.289973
0.288475
0.274135
0.247836
0.209212
0.161969
0.107252
0.0490362
-0.0108785
-0.068543
-0.122238
-0.168186
-0.205603
-0.231232
-0.245791
-0.248366
-0.236637
-0.232562
-0.199924
-0.13317
-0.68613
1.46993
-5.13301
5.46709
-1.7502
0.797792
0.068689
0.212142
0.233118
0.24388
0.259545
0.260287
0.248652
0.225819
0.191222
0.148739
0.0991835
0.0464861
-0.0078681
-0.0600289
-0.108584
-0.149775
-0.183127
-0.205205
-0.216962
-0.21725
-0.203193
-0.194059
-0.17437
-0.031737
-0.761118
1.78639
-5.43064
5.7189
-2.04002
0.875345
-0.0353996
0.195213
0.195735
0.214296
0.23135
0.234352
0.225168
0.205575
0.174685
0.136602
0.0917861
0.0441628
-0.0050917
-0.0521937
-0.0960306
-0.13283
-0.162442
-0.181193
-0.190389
-0.188346
-0.172925
-0.156107
-0.157037
0.0725978
-0.838537
2.07628
-5.68249
5.92363
-2.29762
0.950623
-0.139486
0.185995
0.158733
0.188036
0.205196
0.210576
0.203549
0.186989
0.159496
0.125476
0.085008
0.0420485
-0.00253206
-0.0449862
-0.0844988
-0.117247
-0.143435
-0.159067
-0.165986
-0.161469
-0.145941
-0.118475
-0.147352
0.17699
-0.91364
2.33399
-5.8872
6.08143
-2.51941
1.01953
-0.240633
0.183493
0.122047
0.165141
0.180885
0.188869
0.183665
0.169951
0.145555
0.115286
0.0788016
0.0401266
-0.000173364
-0.0383589
-0.0739139
-0.102927
-0.125996
-0.138701
-0.14367
-0.136431
-0.122287
-0.0811008
-0.144317
0.278507
-0.982325
2.55593
-6.04494
6.19371
-2.70367
1.07884
-0.336056
0.186396
0.0857866
0.145571
0.158231
0.169145
0.165388
0.154359
0.132771
0.105964
0.0731225
0.0383822
0.00199893
-0.0322684
-0.0642072
-0.089778
-0.110027
-0.11997
-0.123361
-0.113054
-0.101933
-0.0440988
-0.146622
0.374368
-1.04137
2.74038
-6.15712
6.26284
-2.8503
1.12633
-0.423336
0.193213
0.0502255
0.1292
0.137066
0.151315
0.148597
0.140118
0.121058
0.0974457
0.0679302
0.0368012
0.00399825
-0.0266742
-0.0553151
-0.0777155
-0.0954311
-0.102756
-0.104977
-0.0911818
-0.0847639
-0.00774827
-0.152777
0.462158
-1.08855
2.88725
-6.22608
6.29184
-2.96049
1.16078
-0.500566
0.202402
0.0157645
0.115814
0.117253
0.135289
0.133177
0.12714
0.110336
0.0896718
0.0631872
0.035371
0.00583696
-0.0215392
-0.0471786
-0.0666588
-0.0821203
-0.0869446
-0.0884347
-0.0706851
-0.0705764
0.0275413
-0.161242
0.539971
-1.12262
2.99773
-6.25488
6.28423
-3.0364
1.18185
-0.566436
0.212497
-0.0171146
0.105122
0.0986883
0.120972
0.119019
0.115339
0.10053
0.0825876
0.0588586
0.0340796
0.00752653
-0.0168291
-0.0397428
-0.0565331
-0.0700101
-0.0724298
-0.0736418
-0.0514692
-0.05909
0.0612779
-0.170558
0.606499
-1.14325
3.074
-6.24699
6.24371
-3.08083
1.18994
-0.620253
0.222209
-0.0479019
0.0967672
0.0813031
0.108261
0.106026
0.104638
0.0915716
0.0761421
0.0549125
0.0329162
0.00907762
-0.0125119
-0.0329569
-0.0472684
-0.0590204
-0.0591125
-0.0604983
-0.0334744
-0.0499614
0.0929397
-0.179445
0.661046
-1.15083
3.11884
-6.20616
6.17411
-3.09696
1.18602
-0.661901
0.230497
-0.0761126
0.0903542
0.0650642
0.0970427
0.0941068
0.0949595
0.083396
0.0702879
0.0513194
0.0318706
0.0105001
-0.00855826
-0.0267733
-0.0388
-0.0490746
-0.0469028
-0.0488945
-0.0166743
-0.0428072
0.122028
-0.186871
0.703492
-1.14634
3.13545
-6.13617
6.07916
-3.08811
1.17142
-0.69176
0.236599
-0.101331
0.0854713
0.0499669
0.0871981
0.0831835
0.0862324
0.075944
0.0649808
0.0480518
0.0309334
0.0118032
-0.004941
-0.0211478
-0.0310678
-0.040099
-0.03572
-0.038711
-0.00106953
-0.0372267
0.148114
-0.192086
0.73421
-1.13111
3.12716
-6.04079
5.96253
-3.05761
1.14768
-0.710602
0.240041
-0.123244
0.0817154
0.0360281
0.0786005
0.0731867
0.0783869
0.0691605
0.0601796
0.0450847
0.0300959
0.0129956
-0.00163496
-0.0160388
-0.0240163
-0.0320225
-0.025493
-0.0298208
0.0133191
-0.0328269
0.170868
-0.194631
0.753961
-1.10667
3.09729
-5.92365
5.82765
-3.00868
1.11639
-0.719474
0.240616
-0.141662
0.0787137
0.0232773
0.0711193
0.064057
0.0713556
0.0629954
0.0558455
0.0423946
0.0293498
0.0140853
0.00138309
-0.0114076
-0.0175944
-0.0247762
-0.0161598
-0.0220912
0.0264601
-0.0292434
0.190087
-0.194315
0.763779
-1.07463
3.04905
-5.7882
5.67776
-2.94435
1.07912
-0.719588
0.238339
-0.156521
0.0761409
0.0117473
0.0646228
0.0557433
0.0650735
0.0574024
0.0519422
0.0399602
0.0286876
0.01508
0.0041346
-0.00721774
-0.0117555
-0.0182934
-0.00766647
-0.0153877
0.0383207
-0.0261571
0.205695
-0.191169
0.764861
-1.03656
2.98549
-5.63769
5.51586
-2.86745
1.03733
-0.712226
0.233407
-0.167881
0.0737308
0.00146595
0.0589819
0.048202
0.0594775
0.0523393
0.0484356
0.0377617
0.0281022
0.0159866
0.00663935
-0.00343484
-0.00645664
-0.0125094
3.3416e-05
-0.00957754
0.0488746
-0.0233055
0.217738
-0.185406
0.758472
-0.993917
2.90942
-5.47509
5.34467
-2.78053
0.992308
-0.698665
0.226137
-0.175907
0.0712816
-0.00755078
0.0540734
0.0413951
0.0545068
0.0477677
0.0452937
0.035781
0.0275868
0.016812
0.00891559
-2.6735e-05
-0.00165888
-0.00736202
0.00698083
-0.00453318
0.0581094
-0.0204878
0.226374
-0.177358
0.745868
-0.948033
2.8234
-5.30315
5.16665
-2.68595
0.945212
-0.680115
0.216924
-0.180847
0.0686557
-0.015304
0.0497834
0.0352889
0.0501033
0.0436524
0.0424864
0.0340012
0.0271353
0.0175626
0.0109801
0.00303689
0.00267345
-0.00279177
0.0132124
-0.00013608
0.0660304
-0.0175653
0.231844
-0.167434
0.728244
-0.900065
2.72974
-5.12433
4.98399
-2.58577
0.897023
-0.65769
0.206195
-0.183014
0.065775
-0.0218142
0.0460093
0.029852
0.0462116
0.039961
0.0399852
0.0324072
0.0267416
0.0182441
0.0128484
0.00578455
0.00657297
0.00125789
0.018762
0.00372094
0.0726642
-0.0144562
0.234457
-0.156071
0.706692
-0.851013
2.63052
-4.94083
4.79859
-2.48182
0.848566
-0.632378
0.194378
-0.182751
0.0626129
-0.0271226
0.042662
0.025054
0.0427794
0.0366641
0.0377638
0.0309845
0.0264005
0.0188623
0.0145349
0.00824293
0.0100696
0.00484008
0.0236621
0.00713153
0.0780575
-0.0111286
0.234558
-0.143704
0.68219
-0.801722
2.52754
-4.75455
4.61208
-2.3757
0.800523
-0.605044
0.181873
-0.180421
0.0591841
-0.0312891
0.0396664
0.0208647
0.0397581
0.0337344
0.0357973
0.0297204
0.0261067
0.0194224
0.0160526
0.010437
0.013191
0.00800419
0.0279453
0.010175
0.0822769
-0.0075903
0.232511
-0.130739
0.655585
-0.75289
2.42239
-4.56716
4.42585
-2.26876
0.753445
-0.576422
0.169043
-0.17638
0.055534
-0.0343904
0.0369614
0.0172527
0.037103
0.0311463
0.0340625
0.0286026
0.0258555
0.0199293
0.0174137
0.0123901
0.0159627
0.0107956
0.0316442
0.0129161
0.085405
-0.00387902
0.228678
-0.117537
0.627603
-0.705082
2.31638
-4.38004
4.24103
-2.16213
0.707767
-0.547124
0.156198
-0.170967
0.0517281
-0.0365159
0.0344993
0.0141851
0.0347735
0.0288762
0.0325381
0.0276201
0.0256424
0.0203876
0.0186296
0.0141239
0.0184088
0.0132554
0.0347932
0.0154056
0.0875372
-5.20395e-05
0.223406
-0.104407
0.598852
-0.658747
2.21065
-4.19436
4.05854
-2.05674
0.663819
-0.517651
0.143597
-0.164493
0.0478427
-0.0377639
0.0322447
0.0116273
0.0327329
0.0269018
0.0312043
0.0267627
0.0254635
0.0208017
0.0197107
0.0156583
0.0205518
0.0154205
0.0374276
0.0176815
0.0887769
0.00382243
0.217014
-0.0915998
0.569831
-0.614222
2.10608
-4.01104
3.87911
-1.95331
0.62184
-0.488405
0.131445
-0.157237
0.0439568
-0.0382378
0.0301726
0.00954321
0.0309489
0.0252016
0.0300429
0.0260209
0.0253149
0.0211754
0.0206668
0.0170116
0.0224131
0.0173236
0.0395842
0.019771
0.0892317
0.0076729
0.209789
-0.0793145
0.540943
-0.571752
2.00342
-3.83083
3.70328
-1.85241
0.581991
-0.459697
0.119898
-0.14944
0.0401463
-0.0380417
0.0282665
0.00789545
0.0293932
0.0237557
0.0290373
0.0253857
0.0251934
0.0215125
0.0215069
0.0182008
0.0240131
0.0189932
0.0413009
0.0216918
0.0890095
0.0114304
0.201983
-0.0676971
0.512507
-0.531498
1.9032
-3.65429
3.53144
-1.75446
0.544363
-0.431766
0.109068
-0.141306
0.0364792
-0.0372775
0.0265167
0.00664585
0.0280414
0.0225445
0.0281726
0.024849
0.0250957
0.0218162
0.0222394
0.019241
0.0253714
0.0204539
0.0426163
0.023455
0.0882149
0.0150327
0.193809
-0.0568492
0.484767
-0.49355
1.80583
-3.48181
3.36385
-1.65973
0.508991
-0.404782
0.0990282
-0.133005
0.0330131
-0.0360417
0.0249184
0.00575609
0.0268724
0.0215496
0.0274352
0.0244032
0.0250191
0.0220895
0.0228723
0.0201459
0.0265066
0.0217269
0.0435687
0.0250659
0.0869467
0.0184271
0.185443
-0.0468333
0.457904
-0.457937
1.7116
-3.31368
3.20068
-1.5684
0.475861
-0.378861
0.0898182
-0.124674
0.0297937
-0.0344241
0.0234699
0.00518826
0.0258685
0.0207533
0.026813
0.0240409
0.0249613
0.0223351
0.023413
0.0209279
0.0274366
0.02283
0.0441962
0.0265266
0.0852961
0.0215718
0.177032
-0.0376791
0.432045
-0.424638
1.62068
-3.15004
3.04199
-1.48054
0.444922
-0.354076
0.0814503
-0.11642
0.0268543
-0.0325058
0.0221713
0.00490563
0.0250148
0.0201386
0.0262953
0.0237557
0.02492
0.0225554
0.0238683
0.0215978
0.0281786
0.0237783
0.0445356
0.0278374
0.0833451
0.0244361
0.168687
-0.02939
0.407273
-0.393591
1.53314
-2.99097
2.88777
-1.39616
0.416092
-0.330462
0.0739146
-0.108327
0.0242166
-0.0303587
0.0210236
0.00487308
0.0242988
0.0196894
0.0258727
0.0235412
0.0248935
0.0227526
0.0242448
0.0221655
0.0287487
0.0245843
0.044622
0.0289972
0.0811664
0.0270006
0.160498
-0.0219484
0.383634
-0.364704
1.44901
-2.83645
2.73796
-1.31522
0.389264
-0.308024
0.0671837
-0.100456
0.0218913
-0.0280451
0.0200274
0.00505758
0.0237103
0.0193908
0.025537
0.0233918
0.0248801
0.0229284
0.0245484
0.0226393
0.0291623
0.0252585
0.0444886
0.0300056
0.0788226
0.0292558
0.152528
-0.0153204
0.361142
-0.337863
1.36824
-2.68642
2.59243
-1.23759
0.364315
-0.286748
0.061217
-0.092851
0.0198799
-0.0256183
0.0191826
0.00542873
0.0232404
0.0192284
0.0252809
0.0233021
0.0248785
0.0230845
0.0247848
0.0230266
0.0294338
0.0258097
0.0441657
0.0308624
0.0763671
0.031201
0.144824
-0.00946012
0.339789
-0.312933
1.29073
-2.54074
2.45104
-1.16316
0.341112
-0.266598
0.0559642
-0.0855399
0.0181761
-0.0231226
0.0184881
0.00595886
0.0228821
0.0191893
0.0250985
0.0232671
0.0248877
0.0232222
0.0249591
0.0233337
0.0295764
0.0262452
0.0436811
0.0315687
0.0738442
0.0328429
0.137417
-0.00431338
0.319548
-0.289771
1.21636
-2.39925
2.3136
-1.09174
0.31951
-0.247531
0.0513679
-0.0785405
0.0167673
-0.0205941
0.0179416
0.0066233
0.0226294
0.0192614
0.0249845
0.0232825
0.0249068
0.0233425
0.0250759
0.023566
0.0296023
0.026571
0.0430595
0.0321267
0.0712899
0.0341944
0.130326
0.000179812
0.30038
-0.268227
1.14496
-2.26177
2.17992
-1.02317
0.299361
-0.22949
0.0473669
-0.0718611
0.0156361
-0.0180618
0.0175395
0.00740049
0.0224774
0.0194339
0.0249346
0.0233443
0.0249353
0.0234465
0.0251396
0.0237281
0.0295225
0.0267923
0.0423226
0.03254
0.0687332
0.0352727
0.123559
0.00408272
0.282234
-0.248147
1.07637
-2.12807
2.04977
-0.957233
0.280518
-0.212419
0.0438976
-0.065503
0.0147616
-0.015548
0.0172774
0.00827188
0.0224219
0.0196973
0.0249454
0.0234487
0.0249725
0.0235347
0.025154
0.0238236
0.0293467
0.0269133
0.0414888
0.0328128
0.0661961
0.0360984
0.117117
0.00746014
0.265054
-0.229376
1.0104
-1.99794
1.92292
-0.893742
0.262831
-0.196254
0.0408955
-0.0594627
0.0141209
-0.0130695
0.0171499
0.00922196
0.0224596
0.0200431
0.0250141
0.0235928
0.0250184
0.0236077
0.0251224
0.0238555
0.0290835
0.0269372
0.0405739
0.0329504
0.0636954
0.0366942
0.110998
0.0103771
0.24878
-0.211761
0.946839
-1.87114
1.79915
-0.83249
0.246152
-0.180934
0.038297
-0.0537329
0.0136901
-0.0106383
0.0171513
0.0102382
0.022588
0.0204646
0.0251386
0.0237739
0.0250726
0.0236659
0.0250477
0.0238261
0.0287399
0.026867
0.0395904
0.0329585
0.0612429
0.0370837
0.105194
0.0128974
0.233352
-0.195154
0.885505
-1.74744
1.67823
-0.773278
0.230341
-0.166398
0.0360397
-0.0483046
0.0134451
-0.00826222
0.0172758
0.0113108
0.0228052
0.0209558
0.0253175
0.0239897
0.0251354
0.0237095
0.0249324
0.023737
0.0283221
0.0267045
0.0385481
0.0328428
0.0588462
0.0372906
0.0996947
0.0150834
0.21871
-0.179407
0.826198
-1.62659
1.55994
-0.715914
0.215259
-0.152591
0.0340637
-0.0431672
0.0133625
-0.00594575
0.0175178
0.0124327
0.02311
0.0215123
0.0255501
0.0242386
0.0252069
0.0237386
0.0247784
0.0235891
0.0278344
0.026451
0.0374542
0.0326088
0.0565097
0.037338
0.0944904
0.0169947
0.2048
-0.164384
0.768731
-1.50837
1.44406
-0.66022
0.200774
-0.139462
0.0323122
-0.0383101
0.0134201
-0.00369037
0.0178723
0.0135992
0.023502
0.0221312
0.0258361
0.0245192
0.0252872
0.023753
0.0245873
0.0233828
0.0272802
0.0261069
0.0363134
0.0322614
0.0542347
0.0372476
0.0895696
0.0186877
0.191569
-0.14995
0.712928
-1.39256
1.33039
-0.606039
0.186765
-0.126968
0.0307321
-0.033723
0.0135981
-0.00149512
0.0183354
0.014808
0.0239817
0.0228105
0.0261762
0.0248309
0.025377
0.0237526
0.0243599
0.0231178
0.0266615
0.0256719
0.0351279
0.0318043
0.05202
0.0370389
0.0849216
0.0202151
0.178975
-0.135984
0.658634
-1.27896
1.21877
-0.553239
0.173119
-0.115075
0.0292748
-0.0293967
0.0138789
0.000643123
0.0189045
0.0160592
0.0245505
0.0235496
0.0265712
0.0251733
0.0254766
0.0237372
0.0240967
0.0227931
0.0259789
0.0251446
0.0338979
0.0312402
0.0498624
0.0367291
0.0805368
0.0216248
0.166986
-0.122371
0.605717
-1.16741
1.10908
-0.501727
0.159737
-0.103765
0.027897
-0.0253236
0.0142483
0.00272942
0.0195787
0.0173548
0.025211
0.0243494
0.027023
0.0255466
0.0255867
0.0237063
0.0237978
0.0224074
0.0252318
0.0245226
0.0326212
0.0305698
0.0477565
0.0363319
0.0764072
0.0229596
0.155581
-0.109015
0.554088
-1.05778
1.00123
-0.451461
0.146539
-0.0930311
0.0265622
-0.0214981
0.0146957
0.0047706
0.020359
0.018699
0.0259667
0.0252117
0.0275337
0.0259516
0.025708
0.0236594
0.0234627
0.0219585
0.0244186
0.0238023
0.0312937
0.0297919
0.0456954
0.0358576
0.0725266
0.0242552
0.144755
-0.0958346
0.503705
-0.949978
0.895233
-0.402474
0.13347
-0.0828905
0.0252417
-0.0179168
0.0152147
0.00677516
0.0212487
0.0200977
0.0268224
0.0261398
0.0281065
0.0263894
0.0258413
0.0235959
0.0230904
0.0214434
0.023536
0.0229789
0.0299094
0.0289029
0.0436703
0.035312
0.0688914
0.0255398
0.134524
-0.0827752
0.454603
-0.844027
0.791224
-0.3549
0.120507
-0.0733819
0.0239163
-0.0145788
0.015804
0.00875338
0.022254
0.0215591
0.0277845
0.0271379
0.028745
0.0268616
0.0259877
0.0235151
0.0226795
0.0208589
0.02258
0.0220463
0.0284601
0.0278967
0.0416707
0.0346961
0.0655003
0.0268316
0.124927
-0.0698149
0.406916
-0.740052
0.689505
-0.309015
0.10767
-0.0645729
0.022578
-0.0114855
0.0164676
0.0107175
0.0233838
0.0230933
0.0288607
0.0282118
0.0294535
0.0273705
0.0261482
0.023416
0.022228
0.0202005
0.0215448
0.0209965
0.0269358
0.0267642
0.0396841
0.0340053
0.0623543
0.0281378
0.116031
-0.0569744
0.360923
-0.638359
0.590643
-0.265293
0.0950328
-0.0565635
0.0212323
-0.00863991
0.0172158
0.012682
0.0246504
0.0247123
0.0300606
0.0293684
0.0302374
0.0279187
0.0263241
0.0232977
0.0217335
0.0194633
0.0204239
0.0198203
0.0253244
0.0254929
0.037696
0.0332288
0.0594561
0.0294518
0.107938
-0.0443309
0.317099
-0.539513
0.495585
-0.224471
0.082743
-0.0494867
0.0198994
-0.00604652
0.0180642
0.014662
0.0260675
0.0264282
0.0313936
0.0306142
0.0311013
0.0285087
0.0265164
0.0231594
0.0211936
0.0186426
0.0192106
0.0185081
0.0236137
0.0240687
0.0356908
0.0323504
0.05681
0.0307523
0.100781
-0.0320332
0.276184
-0.444463
0.405775
-0.18755
0.0709839
-0.0434833
0.0186027
-0.00370439
0.0190294
0.0166749
0.027649
0.0282541
0.0328688
0.0319562
0.03205
0.0291431
0.026726
0.0230001
0.020606
0.0177339
0.0178982
0.0170509
0.0217907
0.0224777
0.033651
0.031353
0.0544147
0.0320148
0.0947002
-0.0202671
0.239183
-0.354653
0.323154
-0.155803
0.0598101
-0.0386549
0.0173391
-0.00158026
0.0201432
0.0187705
0.0294359
0.0302333
0.0345209
0.033424
0.0331044
0.0298351
0.0269574
0.0228162
0.0199578
0.0167168
0.0164575
0.0154143
0.019812
0.0206788
0.0315261
0.0302041
0.0522358
0.0332411
0.089798
-0.00908981
0.207371
-0.272024
0.25141
-0.132527
0.0497353
-0.0353869
0.0162594
0.00033756
0.0215457
0.0210518
0.0315608
0.0324711
0.0364519
0.0350923
0.0343234
0.0306181
0.0272238
0.0225961
0.0192175
0.0155337
0.0148147
0.0134968
0.0175725
0.0185385
0.0292122
0.0287609
0.0502595
0.0342759
0.086458
0.000978993
0.184053
-0.200266
0.202982
-0.127874
0.0462183
-0.035812
0.0165975
0.00142871
0.0233867
0.0231325
0.0338522
0.0346336
0.0384319
0.0367086
0.035545
0.0313687
0.0274948
0.0223666
0.0185051
0.0143437
0.0132211
0.0115273
0.0154075
0.0162291
0.0271006
0.026875
0.0491165
0.033881
0.0868305
0.00446326
0.179395
-0.151822
-0.001061
-0.0796903
-0.0276156
0.282307
0.673186
1.01151
1.30052
1.55867
1.76781
1.88295
1.86017
1.67577
1.3336
0.86151
0.305323
-0.279515
-0.834143
-1.30371
-1.64321
-1.82539
-1.84666
-1.73079
-1.52164
-1.26388
-0.975254
-0.636975
-0.245863
0.0642552
0.116357
0.0377212
-0.0160502
-0.0908661
0.0361519
0.397876
0.772742
1.07102
1.32295
1.54469
1.71512
1.7942
1.74686
1.55649
1.22932
0.790727
0.280467
-0.254147
-0.763016
-1.19935
-1.52411
-1.71245
-1.75834
-1.67846
-1.50783
-1.28632
-1.03473
-0.736549
-0.361492
0.000452389
0.127529
0.0527073
-0.0348323
-0.0870012
0.119063
0.508282
0.850024
1.10659
1.32289
1.50903
1.64304
1.69072
1.62463
1.43344
1.12457
0.720692
0.25605
-0.229194
-0.69258
-1.09441
-1.4011
-1.59044
-1.6552
-1.6067
-1.47236
-1.28631
-1.07028
-0.813834
-0.471948
-0.0825001
0.123653
0.0714847
-0.0565091
-0.0647807
0.216348
0.609887
0.909661
1.12741
1.31175
1.46623
1.56954
1.59249
1.51334
1.32428
1.03313
0.660132
0.235034
-0.207692
-0.631634
-1.00274
-1.29188
-1.47927
-1.5572
-1.53347
-1.42976
-1.27525
-1.09108
-0.873463
-0.573588
-0.179825
0.101418
0.0931551
-0.0791678
-0.0210135
0.325616
0.702685
0.955682
1.13742
1.29221
1.41791
1.49463
1.49742
1.40895
1.22389
0.950088
0.60554
0.216163
-0.188353
-0.576656
-0.919449
-1.19139
-1.37492
-1.46229
-1.45878
-1.38164
-1.2558
-1.10111
-0.919475
-0.666409
-0.289128
0.0576362
0.115808
-0.0993304
0.0467754
0.441616
0.783122
0.988096
1.13716
1.26465
1.36437
1.4182
1.40469
1.30995
1.13039
0.873626
0.555619
0.198972
-0.170702
-0.526344
-0.842709
-1.09774
-1.2759
-1.36967
-1.38253
-1.32828
-1.22836
-1.10088
-0.951887
-0.746863
-0.405157
-0.0101648
0.135968
-0.112198
0.139104
0.557624
0.848005
1.00717
1.12723
1.2298
1.30656
1.34111
1.31481
1.2164
1.0435
0.80333
0.510022
0.183329
-0.154602
-0.480348
-0.77211
-1.01066
-1.18227
-1.27984
-1.30559
-1.27065
-1.19364
-1.091
-0.970967
-0.811759
-0.521189
-0.102502
0.148838
-0.111879
0.254077
0.666549
0.89561
1.0139
1.10852
1.18864
1.24555
1.26422
1.22821
1.12829
0.962889
0.738756
0.468389
0.1691
-0.139915
-0.438307
-0.70721
-0.929814
-1.09403
-1.19322
-1.22879
-1.20979
-1.15263
-1.07237
-0.977731
-0.859381
-0.630137
-0.217479
0.148528
-0.0916817
0.38725
0.761614
0.925593
1.00962
1.08194
1.14218
1.18231
1.18819
1.14513
1.04546
0.88814
0.679415
0.430343
0.156144
-0.126498
-0.399844
-0.647519
-0.854794
-1.01103
-1.11008
-1.15281
-1.14668
-1.10631
-1.04589
-0.973498
-0.889391
-0.725229
-0.350658
0.128347
-0.0445422
0.531716
0.837009
0.938833
0.995703
1.04838
1.0914
1.11773
1.11359
1.06575
0.967739
0.81885
0.624858
0.395544
0.144336
-0.114226
-0.364617
-0.592592
-0.7852
-0.933079
-1.03058
-1.07821
-1.08219
-1.05566
-1.01244
-0.959646
-0.902672
-0.800658
-0.495136
0.0812278
0.0364572
0.678437
0.888481
0.937207
0.973436
1.00871
1.03729
1.0526
1.04089
0.990166
0.894916
0.754646
0.574685
0.363694
0.133568
-0.102988
-0.332328
-0.542028
-0.72066
-0.859984
-0.95481
-1.00544
-1.01711
-1.00167
-0.972896
-0.937467
-0.901105
-0.852179
-0.641879
0.000249013
0.157513
0.816816
0.913799
0.923271
0.943935
0.963827
0.980813
0.987616
0.97044
0.918418
0.826782
0.695177
0.528529
0.334522
0.12374
-0.0926855
-0.302708
-0.495464
-0.660824
-0.791536
-0.88283
-0.93488
-0.952138
-0.945287
-0.928139
-0.908069
-0.887245
-0.877563
-0.780297
-0.120792
0.323531
0.935475
0.913007
0.899872
0.90809
0.914669
0.922864
0.923377
0.902545
0.850511
0.76312
0.640111
0.486057
0.307789
0.114767
-0.0832308
-0.275517
-0.452568
-0.605366
-0.727521
-0.81464
-0.866815
-0.887858
-0.887402
-0.879094
-0.872336
-0.863938
-0.876854
-0.899015
-0.286807
0.537619
1.02315
0.888439
0.869756
0.866585
0.862204
0.864267
0.860384
0.83742
0.786405
0.703709
0.58914
0.446968
0.283277
0.106568
-0.0745461
-0.250539
-0.41304
-0.55398
-0.667723
-0.750204
-0.801464
-0.824774
-0.828833
-0.826727
-0.830946
-0.833927
-0.852385
-0.986776
-0.500909
0.800689
1.06964
0.844494
0.83522
0.81997
0.807444
0.805747
0.799049
0.775221
0.726034
0.64833
0.541975
0.410985
0.260791
0.099075
-0.0665619
-0.22758
-0.376607
-0.506379
-0.611923
-0.689457
-0.738986
-0.763294
-0.7703
-0.772042
-0.784441
-0.799504
-0.808553
-1.03337
-0.764018
1.11123
1.06666
0.787195
0.797849
0.768763
0.751416
0.747918
0.739705
0.716051
0.669305
0.596764
0.498345
0.377858
0.240157
0.0922242
-0.0592159
-0.206466
-0.34302
-0.462298
-0.55991
-0.632311
-0.679483
-0.703751
-0.71241
-0.71606
-0.733335
-0.762247
-0.751378
-1.03052
-1.07463
1.46527
1.00859
0.723581
0.758374
0.713566
0.695119
0.691274
0.682617
0.659968
0.616108
0.548801
0.458001
0.347358
0.221214
0.0859592
-0.0524525
-0.187041
-0.312052
-0.421488
-0.511474
-0.578658
-0.623016
-0.646406
-0.655657
-0.659774
-0.678221
-0.722884
-0.687891
-0.9726
-1.42876
1.8565
0.892972
0.661
0.716672
0.655168
0.63948
0.636198
0.627989
0.606987
0.56632
0.504232
0.420708
0.319276
0.203822
0.0802289
-0.0462216
-0.169161
-0.283497
-0.383719
-0.466414
-0.528379
-0.569602
-0.591465
-0.600421
-0.604106
-0.619883
-0.681284
-0.625435
-0.857135
-1.82011
2.27664
0.720698
0.606393
0.671885
0.594609
0.58529
0.582977
0.575976
0.557093
0.519807
0.46286
0.38625
0.293421
0.187849
0.0749875
-0.0404784
-0.1527
-0.257166
-0.348778
-0.424534
-0.481344
-0.519227
-0.539084
-0.546983
-0.549844
-0.559354
-0.636583
-0.570944
-0.685023
-2.24039
2.7159
0.495972
0.565643
0.622652
0.533201
0.53316
0.531818
0.52669
0.51024
0.476429
0.424493
0.354424
0.26962
0.173178
0.0701934
-0.0351825
-0.13754
-0.232886
-0.316466
-0.385647
-0.43742
-0.47185
-0.489373
-0.495549
-0.497592
-0.497942
-0.587416
-0.530298
-0.460458
-2.67982
3.16361
0.225931
0.543066
0.567407
0.472491
0.483481
0.482876
0.480202
0.466358
0.436044
0.388948
0.325043
0.247712
0.159704
0.065809
-0.0302971
-0.123577
-0.210502
-0.286598
-0.349575
-0.396466
-0.427406
-0.442405
-0.446274
-0.447739
-0.437189
-0.532211
-0.507804
-0.190568
-3.12769
3.60879
-0.0799518
0.541091
0.504701
0.414176
0.436408
0.43628
0.436545
0.425363
0.398506
0.356049
0.297933
0.227553
0.147329
0.0618003
-0.0257895
-0.110716
-0.189868
-0.259001
-0.316147
-0.358343
-0.385812
-0.398215
-0.399285
-0.400436
-0.378788
-0.469514
-0.505889
0.115181
-3.57305
4.04085
-0.410627
0.560156
0.433498
0.359971
0.391872
0.392155
0.395711
0.387154
0.36367
0.325629
0.27293
0.209008
0.135964
0.0581363
-0.0216297
-0.0988681
-0.170853
-0.233518
-0.285199
-0.322913
-0.346974
-0.356799
-0.354706
-0.355612
-0.324449
-0.398286
-0.524987
0.445743
-4.00527
4.4501
-0.754306
0.598817
0.353407
0.311466
0.349615
0.350635
0.357655
0.351624
0.331392
0.297532
0.249885
0.191955
0.12553
0.0547889
-0.0177904
-0.0879551
-0.153335
-0.209999
-0.256579
-0.290035
-0.31079
-0.318112
-0.312673
-0.313005
-0.275757
-0.318132
-0.56365
0.789338
-4.41467
4.8282
-1.0993
0.654042
0.264822
0.269976
0.309243
0.311872
0.32229
0.318662
0.30153
0.271606
0.228658
0.17628
0.115952
0.0517324
-0.0142472
-0.0779044
-0.137203
-0.188307
-0.23014
-0.259573
-0.277158
-0.282075
-0.273336
-0.272219
-0.234025
-0.22944
-0.618843
1.13427
-4.79289
5.16847
-1.43473
0.721634
0.168947
0.236418
0.270299
0.276027
0.289493
0.28816
0.273941
0.247711
0.209116
0.161881
0.107164
0.0489433
-0.0109773
-0.0686494
-0.122354
-0.168313
-0.205745
-0.231393
-0.245973
-0.24857
-0.23686
-0.232797
-0.200165
-0.133411
-0.686368
1.46969
-5.13325
5.46604
-1.75118
0.796728
0.0677212
0.211227
0.232339
0.243265
0.25911
0.260011
0.248487
0.225714
0.19114
0.148662
0.0991032
0.0464005
-0.00796045
-0.0601293
-0.108694
-0.149897
-0.183263
-0.205359
-0.217137
-0.217449
-0.203412
-0.194291
-0.174609
-0.0319773
-0.761356
1.78616
-5.43088
5.71788
-2.04101
0.874294
-0.0363494
0.194325
0.194996
0.213727
0.230962
0.234115
0.225031
0.205489
0.174616
0.136534
0.0917137
0.0440843
-0.00517772
-0.0522884
-0.0961351
-0.132946
-0.162573
-0.181341
-0.190559
-0.188539
-0.17314
-0.156337
-0.157275
0.0723578
-0.838776
2.07605
-5.68272
5.92263
-2.29862
0.949589
-0.140415
0.185139
0.158038
0.187515
0.204853
0.210376
0.203439
0.18692
0.159438
0.125417
0.0849434
0.0419767
-0.00261193
-0.0450752
-0.084598
-0.117358
-0.143559
-0.159209
-0.166149
-0.161655
-0.14615
-0.118701
-0.147588
0.176751
-0.913879
2.33375
-5.88744
6.08045
-2.52041
1.01851
-0.241538
0.182673
0.121398
0.164669
0.180588
0.188705
0.183579
0.169898
0.145508
0.115236
0.0787442
0.0400614
-0.000247264
-0.0384424
-0.0740079
-0.103032
-0.126116
-0.138837
-0.143827
-0.136611
-0.12249
-0.0813222
-0.14455
0.278268
-0.982563
2.55569
-6.04518
6.19276
-2.70467
1.07785
-0.336934
0.185617
0.0851871
0.145149
0.157979
0.169014
0.165325
0.154321
0.132734
0.105922
0.0730721
0.0383232
0.00193081
-0.0323465
-0.0642961
-0.0898787
-0.110141
-0.1201
-0.123511
-0.113227
-0.10213
-0.0443153
-0.146852
0.374132
-1.04161
2.74014
-6.15735
6.2619
-2.85129
1.12538
-0.424182
0.192479
0.0496777
0.128829
0.136858
0.151215
0.148555
0.140093
0.12103
0.0974107
0.0678864
0.0367483
0.0039357
-0.0267471
-0.055399
-0.0778113
-0.0955401
-0.102881
-0.105121
-0.0913485
-0.0849541
-0.00795926
-0.153003
0.461924
-1.08878
2.88701
-6.22632
6.29093
-2.96147
1.15986
-0.501377
0.201716
0.0152702
0.115494
0.117086
0.135219
0.133152
0.127126
0.110317
0.0896436
0.0631495
0.0353238
0.00577977
-0.0216071
-0.0472577
-0.0667499
-0.0822245
-0.0870641
-0.0885726
-0.070845
-0.0707599
0.0273363
-0.161463
0.53974
-1.12285
2.9975
-6.25511
6.28334
-3.03736
1.18096
-0.567207
0.211864
-0.0175541
0.104852
0.0985602
0.120928
0.119011
0.115335
0.100518
0.0825658
0.0588269
0.0340379
0.0074745
-0.016892
-0.0398173
-0.0566196
-0.0701096
-0.0725441
-0.0737738
-0.0516225
-0.0592665
0.0610792
-0.170775
0.606271
-1.14348
3.07376
-6.24723
6.24285
-3.08177
1.18909
-0.620979
0.221632
-0.0482864
0.0965451
0.0812109
0.108239
0.106031
0.104642
0.0915667
0.0761262
0.0548864
0.0328798
0.00903053
-0.0125702
-0.0330269
-0.0473505
-0.0591154
-0.0592219
-0.0606247
-0.0336212
-0.050131
0.0927477
-0.179656
0.660822
-1.15106
3.11861
-6.20639
6.17326
-3.09787
1.18521
-0.662579
0.229977
-0.0764424
0.090178
0.0650046
0.097041
0.0941235
0.0949716
0.0833971
0.0702776
0.0512985
0.0318391
0.0104577
-0.00861205
-0.026839
-0.0388779
-0.0491653
-0.0470075
-0.0490155
-0.0168148
-0.0429698
0.121843
-0.187075
0.703273
-1.14657
3.13522
-6.1364
6.07835
-3.08898
1.17066
-0.692386
0.236139
-0.101607
0.0853381
0.0499364
0.0872135
0.0832099
0.0862509
0.0759505
0.0649756
0.0480359
0.0309067
0.0117654
-0.00499048
-0.0212093
-0.0311417
-0.0401857
-0.0358204
-0.038827
-0.00120402
-0.0373825
0.147936
-0.192284
0.733996
-1.13133
3.12693
-6.04102
5.96174
-3.05845
1.14698
-0.711173
0.239641
-0.123469
0.0816216
0.0360228
0.0786301
0.0732211
0.0784108
0.0691719
0.0601791
0.0450733
0.0300736
0.0129621
-0.00168032
-0.0160964
-0.0240863
-0.0321053
-0.0255892
-0.029932
0.0131903
-0.0329761
0.170697
-0.194823
0.753753
-1.10689
3.09706
-5.92388
5.8269
-3.00947
1.11575
-0.719986
0.240275
-0.141838
0.0786555
0.0232935
0.0711604
0.0640978
0.0713841
0.0630111
0.0558494
0.0423876
0.0293318
0.0140559
0.00134167
-0.0114614
-0.0176607
-0.0248553
-0.0162521
-0.022198
0.0263366
-0.0293864
0.189923
-0.1945
0.763577
-1.07484
3.04883
-5.78843
5.67705
-2.94509
1.07854
-0.720041
0.238057
-0.156653
0.0761141
0.0117812
0.064673
0.0557891
0.0651059
0.057422
0.0519501
0.0399573
0.0286736
0.0150544
0.00409692
-0.00726785
-0.0118182
-0.0183689
-0.00775511
-0.0154904
0.0382022
-0.0262941
0.205537
-0.191347
0.764665
-1.03677
2.98528
-5.63791
5.51518
-2.86812
1.0368
-0.712619
0.23318
-0.167972
0.073731
0.00151421
0.059039
0.0482516
0.0595132
0.0523625
0.0484473
0.0377626
0.0280919
0.0159647
0.00660524
-0.00348148
-0.00651603
-0.0125816
-5.17753e-05
-0.00967633
0.0487607
-0.0234368
0.217587
-0.185577
0.758282
-0.994121
2.90921
-5.47531
5.34404
-2.78115
0.991842
-0.698999
0.225961
-0.175961
0.0713044
-0.00749151
0.0541355
0.0414477
0.0545455
0.0477942
0.0453089
0.0357854
0.0275801
0.0167936
0.00888487
-7.00851e-05
-0.00171507
-0.00743108
0.00689887
-0.00462844
0.0579996
-0.020614
0.226229
-0.177523
0.745685
-0.948231
2.82319
-5.30337
5.16607
-2.6865
0.944808
-0.680391
0.216796
-0.18087
0.0686969
-0.0152365
0.049849
0.0353436
0.0501444
0.0436817
0.0425048
0.034009
0.0271318
0.0175474
0.0109526
0.00299667
0.00262031
-0.00285783
0.0131334
-0.000228059
0.0659246
-0.0176868
0.231705
-0.167592
0.728067
-0.900257
2.72954
-5.12454
4.98346
-2.58625
0.896678
-0.657911
0.206109
-0.183009
0.0658306
-0.0217411
0.0460771
0.0299082
0.0462547
0.0399931
0.0400066
0.032418
0.0267413
0.018232
0.012824
0.0057473
0.00652274
0.00119468
0.0186859
0.00363199
0.0725618
-0.0145734
0.234323
-0.156223
0.706523
-0.851199
2.63032
-4.94103
4.79811
-2.48224
0.848279
-0.632549
0.194329
-0.182725
0.0626793
-0.0270459
0.0427311
0.0251114
0.0428244
0.0366986
0.037788
0.0309983
0.0264031
0.0188531
0.0145132
0.00820848
0.0100221
0.00477956
0.0235888
0.00704538
0.0779583
-0.0112419
0.234429
-0.14385
0.682026
-0.801902
2.52735
-4.75475
4.61165
-2.37605
0.800291
-0.605169
0.181856
-0.180377
0.0592582
-0.0312105
0.039736
0.0209229
0.0398048
0.0337711
0.035824
0.0297368
0.026112
0.0194159
0.0160336
0.0104052
0.0131461
0.00794622
0.0278744
0.0100915
0.0821806
-0.00770012
0.232387
-0.13088
0.655427
-0.753063
2.4222
-4.56735
4.42547
-2.26905
0.753264
-0.576505
0.169052
-0.176322
0.0556132
-0.034311
0.037031
0.0173115
0.0371512
0.0311851
0.0340916
0.0286215
0.0258633
0.0199254
0.0173973
0.0123608
0.0159203
0.01074
0.0315757
0.012835
0.0853113
-0.00398573
0.228558
-0.117673
0.627451
-0.70525
2.3162
-4.38023
4.24071
-2.16236
0.707632
-0.547171
0.156229
-0.170899
0.0518103
-0.0364367
0.0345687
0.0142444
0.034823
0.0289169
0.0325694
0.0276414
0.0256527
0.0203861
0.0186156
0.0140969
0.0183687
0.0132021
0.0347269
0.0153267
0.0874459
-0.000155963
0.223289
-0.104538
0.598705
-0.658909
2.21047
-4.19454
4.05827
-2.05691
0.663725
-0.517668
0.143644
-0.164419
0.0479262
-0.0376855
0.0323137
0.011687
0.0327837
0.0269442
0.0312377
0.0267862
0.025476
0.0208024
0.019699
0.0156335
0.0205139
0.0153694
0.0373634
0.0176047
0.0886878
0.003721
0.2169
-0.0917278
0.569688
-0.614379
2.10591
-4.01122
3.87889
-1.95343
0.621782
-0.488396
0.131504
-0.157158
0.0440404
-0.0381605
0.0302411
0.00960336
0.0310009
0.0252458
0.0300781
0.0260463
0.0253295
0.0211783
0.0206571
0.016989
0.0223772
0.0172745
0.039522
0.0196961
0.0891446
0.00757371
0.209678
-0.079439
0.540804
-0.571904
2.00325
-3.83101
3.7031
-1.85249
0.581964
-0.459669
0.119966
-0.149359
0.0402292
-0.0379657
0.0283345
0.00795603
0.0294464
0.0238013
0.0290743
0.025413
0.0252098
0.0215173
0.0214992
0.0181801
0.0239792
0.018946
0.0412407
0.0216188
0.0889243
0.0113332
0.201874
-0.0678187
0.512372
-0.531646
1.90304
-3.65446
3.5313
-1.75449
0.544361
-0.431721
0.109143
-0.141224
0.0365609
-0.0372027
0.0265844
0.00670689
0.0280956
0.0225916
0.0282112
0.0248781
0.025114
0.0218228
0.0222335
0.0192221
0.0253393
0.0204086
0.0425578
0.0233837
0.0881314
0.0149374
0.193702
-0.0569682
0.484635
-0.493694
1.80568
-3.48198
3.36375
-1.65973
0.50901
-0.404725
0.0991064
-0.132923
0.0330934
-0.035968
0.0249858
0.00581764
0.0269277
0.021598
0.0274753
0.0244338
0.0250391
0.0220978
0.0228682
0.0201288
0.0264762
0.0216832
0.0435118
0.0249962
0.0868648
0.0183335
0.185338
-0.0469499
0.457775
-0.458078
1.71145
-3.31384
3.20061
-1.56837
0.475896
-0.378796
0.0898983
-0.124592
0.0298725
-0.0343514
0.0235372
0.00525036
0.0259248
0.0208029
0.0268545
0.0240731
0.0249828
0.022345
0.0234104
0.0209124
0.0274078
0.0227879
0.0441409
0.0264586
0.0852157
0.0214796
0.176928
-0.0377938
0.431919
-0.424775
1.62053
-3.1502
3.04195
-1.48049
0.44497
-0.354004
0.0815311
-0.116339
0.0269317
-0.0324338
0.0222387
0.00496833
0.0250721
0.0201894
0.0263381
0.0237892
0.024943
0.0225668
0.0238673
0.0215839
0.0281513
0.0237377
0.0444818
0.0277707
0.0832661
0.0243454
0.168585
-0.029503
0.40715
-0.393726
1.533
-2.99112
2.88775
-1.39609
0.416148
-0.330386
0.0739952
-0.108248
0.0242927
-0.0302871
0.0210912
0.00493641
0.0243571
0.0197414
0.0259168
0.0235761
0.0249178
0.0227653
0.0242452
0.0221529
0.0287229
0.0245451
0.0445696
0.0289319
0.0810887
0.0269113
0.160397
-0.0220598
0.383512
-0.364837
1.44887
-2.8366
2.73796
-1.31513
0.389327
-0.307946
0.0672637
-0.100378
0.0219665
-0.0279738
0.0200952
0.0051216
0.0237694
0.0194438
0.0255822
0.0234279
0.0249056
0.0229424
0.0245501
0.022628
0.0291378
0.0252206
0.0444375
0.0299416
0.0787462
0.0291677
0.152429
-0.0154303
0.361021
-0.337993
1.3681
-2.68656
2.59245
-1.23749
0.364384
-0.286668
0.0612961
-0.0927734
0.0199544
-0.0255471
0.0192509
0.00549348
0.0233005
0.0192824
0.0253272
0.0233393
0.0249052
0.0230997
0.0247877
0.0230166
0.0294105
0.0257731
0.0441159
0.0307996
0.0762919
0.031114
0.144726
-0.00956878
0.33967
-0.313061
1.2906
-2.54088
2.45107
-1.16305
0.341183
-0.266518
0.0560423
-0.0854631
0.0182502
-0.0230512
0.0185569
0.00602437
0.0229431
0.0192443
0.0251458
0.0233054
0.0249155
0.0232385
0.0249631
0.0233248
0.0295543
0.0262098
0.0436325
0.0315071
0.0737701
0.0327571
0.137321
-0.00442087
0.319431
-0.289898
1.21622
-2.39939
2.31364
-1.09163
0.319583
-0.24745
0.0514452
-0.0784642
0.0168412
-0.0205224
0.018011
0.00668961
0.0226913
0.0193173
0.0250328
0.0233218
0.0249357
0.02336
0.025081
0.0235583
0.0295813
0.0265367
0.043012
0.0320662
0.071217
0.0341096
0.13023
7.34164e-05
0.300264
-0.268353
1.14483
-2.26191
2.17996
-1.02305
0.299436
-0.22941
0.0474435
-0.0717851
0.01571
-0.0179896
0.0176097
0.00746762
0.0225401
0.0194907
0.0249839
0.0233845
0.0249651
0.0234649
0.0251457
0.0237214
0.0295025
0.0267591
0.0422761
0.0324805
0.0686613
0.0351889
0.123464
0.00397734
0.282119
-0.248271
1.07624
-2.12821
2.04982
-0.957117
0.280594
-0.212338
0.0439737
-0.0654271
0.0148358
-0.0154751
0.0173483
0.00833986
0.0224855
0.0197549
0.0249955
0.0234898
0.0250033
0.0235541
0.0251611
0.0238179
0.0293277
0.026881
0.0414433
0.0327543
0.0661252
0.0360156
0.117023
0.00735573
0.26494
-0.229499
1.01026
-1.99808
1.92298
-0.893626
0.262906
-0.196174
0.0409715
-0.0593865
0.0141956
-0.0129959
0.0172217
0.00929083
0.0225241
0.0201017
0.025065
0.0236348
0.02505
0.023628
0.0251304
0.0238507
0.0290655
0.0269059
0.0405294
0.0328929
0.0636254
0.0366123
0.110905
0.0102736
0.248667
-0.211883
0.946709
-1.87128
1.79921
-0.832376
0.246228
-0.180854
0.0383729
-0.0536564
0.0137655
-0.0105638
0.017224
0.010308
0.0226534
0.0205239
0.0251903
0.0238167
0.0251051
0.023687
0.0250566
0.0238222
0.0287228
0.0268366
0.0395467
0.0329019
0.0611738
0.0370026
0.105101
0.0127948
0.23324
-0.195275
0.885376
-1.74757
1.6783
-0.773165
0.230417
-0.166318
0.0361159
-0.0482274
0.0135213
-0.00818671
0.0173495
0.0113816
0.0228714
0.0210159
0.0253701
0.0240332
0.0251686
0.0237314
0.0249421
0.0237339
0.0283058
0.026675
0.0385053
0.0327871
0.058778
0.0372104
0.0996033
0.0149816
0.218599
-0.179528
0.82607
-1.62672
1.56
-0.715804
0.215335
-0.152511
0.0341405
-0.0430892
0.0134397
-0.00586915
0.0175925
0.0125044
0.0231771
0.0215733
0.0256034
0.0242828
0.0252408
0.0237612
0.0247889
0.0235868
0.027819
0.0264223
0.0374122
0.0325539
0.0564423
0.0372587
0.0943998
0.0168937
0.204689
-0.164503
0.768604
-1.5085
1.44412
-0.660113
0.20085
-0.139382
0.0323897
-0.0382311
0.0134985
-0.0036126
0.0179481
0.0136718
0.02357
0.022193
0.0258902
0.0245642
0.0253219
0.0237763
0.0245984
0.0233812
0.0272655
0.026079
0.0362722
0.0322073
0.0541681
0.037169
0.0894798
0.0185875
0.191459
-0.150069
0.712802
-1.39269
1.33045
-0.605935
0.186841
-0.126887
0.0308106
-0.0336428
0.0136777
-0.00141609
0.0184124
0.0148817
0.0240505
0.022873
0.0262309
0.0248765
0.0254123
0.0237766
0.0243717
0.0231169
0.0266475
0.0256448
0.0350875
0.031751
0.0519542
0.0369611
0.0848326
0.0201156
0.178866
-0.136102
0.658508
-1.27909
1.21884
-0.553139
0.173195
-0.114994
0.0293544
-0.0293152
0.01396
0.000723487
0.0189827
0.0161339
0.0246203
0.023613
0.0266267
0.0252196
0.0255126
0.0237619
0.0241092
0.022793
0.0259657
0.0251182
0.0338583
0.0311877
0.0497973
0.036652
0.0804486
0.0215261
0.166878
-0.122489
0.605593
-1.16754
1.10914
-0.501629
0.159813
-0.103683
0.0279781
-0.0252406
0.0143309
0.0028112
0.0196581
0.0174306
0.0252816
0.0244135
0.0270791
0.0255936
0.0256233
0.0237316
0.023811
0.022408
0.0252193
0.0244969
0.0325823
0.030518
0.0476922
0.0362556
0.0763196
0.0228615
0.155473
-0.109131
0.553963
-1.05791
1.00129
-0.451367
0.146616
-0.0929484
0.0266449
-0.0214134
0.0147799
0.00485385
0.0204396
0.0187758
0.0260382
0.0252766
0.0275906
0.0259992
0.0257452
0.0236853
0.0234765
0.0219596
0.0244067
0.0237773
0.0312556
0.0297408
0.0456318
0.0357821
0.0724397
0.0241578
0.144648
-0.0959504
0.503581
-0.950108
0.8953
-0.402383
0.133548
-0.0828066
0.0253262
-0.0178303
0.0153007
0.00685995
0.0213307
0.0201756
0.0268949
0.0262054
0.0281641
0.0264376
0.0258791
0.0236224
0.0231048
0.0214452
0.0235248
0.0229546
0.029872
0.0288526
0.0436074
0.0352372
0.0688052
0.0254431
0.134417
-0.0828904
0.45448
-0.844157
0.79129
-0.354812
0.120587
-0.0732965
0.0240028
-0.0144904
0.0158919
0.00883978
0.0223373
0.0216382
0.0278578
0.0272043
0.0288031
0.0269104
0.0260261
0.0235421
0.0226945
0.0208613
0.0225694
0.0220226
0.0284234
0.0278471
0.0416086
0.034622
0.0654148
0.0267355
0.124821
-0.0699295
0.406794
-0.740182
0.689572
-0.308929
0.107751
-0.0644857
0.0226668
-0.0113949
0.0165574
0.0108056
0.0234685
0.0231734
0.028935
0.028279
0.0295123
0.0274199
0.0261871
0.0234436
0.0222435
0.0202035
0.0215349
0.0209735
0.0268998
0.0267153
0.0396227
0.0339319
0.0622695
0.0280424
0.115926
-0.0570885
0.360801
-0.638488
0.59071
-0.265208
0.0951156
-0.0564741
0.0213236
-0.00854699
0.0173077
0.0127718
0.0247365
0.0247936
0.0301358
0.0294362
0.0302968
0.0279686
0.0263635
0.0233258
0.0217495
0.0194668
0.0204145
0.0197979
0.025289
0.0254446
0.0376353
0.0331561
0.059372
0.029357
0.107833
-0.0444445
0.316977
-0.539642
0.495652
-0.224387
0.0828283
-0.0493947
0.0199935
-0.00595112
0.0181582
0.0147536
0.0261551
0.0265107
0.0314697
0.0306828
0.0311613
0.0285591
0.0265563
0.0231879
0.0212102
0.0186467
0.0192019
0.0184864
0.0235789
0.0240211
0.0356307
0.0322783
0.0567265
0.0306581
0.100677
-0.0321463
0.276063
-0.444591
0.405842
-0.187466
0.0710721
-0.0433882
0.0186999
-0.00360632
0.0191258
0.0167683
0.027738
0.0283376
0.0329458
0.0320255
0.0321106
0.029194
0.0267664
0.0230292
0.0206231
0.0177385
0.0178901
0.0170298
0.0217567
0.0224309
0.0335916
0.0312816
0.0543318
0.0319212
0.0945967
-0.0203797
0.239062
-0.354781
0.32322
-0.155718
0.059902
-0.0385562
0.0174397
-0.00147928
0.0202419
0.0188659
0.0295264
0.030318
0.0345988
0.033494
0.0331656
0.0298866
0.0269983
0.0228458
0.0199754
0.0167219
0.0164499
0.0153938
0.0197786
0.0206326
0.0314675
0.0301333
0.0521536
0.0331481
0.089695
-0.00920202
0.207251
-0.272152
0.251477
-0.132438
0.0498321
-0.0352836
0.0163641
0.000441887
0.0216472
0.0211492
0.0316529
0.0325571
0.0365307
0.0351631
0.0343852
0.0306701
0.0272652
0.0226261
0.0192356
0.0155394
0.0148077
0.013477
0.0175397
0.018493
0.0291543
0.0286909
0.050178
0.0341835
0.0863555
0.000867204
0.183933
-0.200393
0.20305
-0.127781
0.0463207
-0.0357036
0.0167064
0.00153648
0.0234909
0.0232321
0.033946
0.0347207
0.0385116
0.0367801
0.0356074
0.0314212
0.0275366
0.022397
0.0185237
0.0143499
0.0132146
0.011508
0.0153754
0.0161843
0.0270432
0.0268056
0.0490356
0.0337891
0.0867284
0.00435181
0.179275
-0.15195
-0.00129959
-0.0799244
-0.0278556
0.282057
0.672929
1.01125
1.30026
1.55843
1.76758
1.88275
1.86001
1.67565
1.33353
0.861478
0.305348
-0.27941
-0.83392
-1.30332
-1.64259
-1.82452
-1.84556
-1.72954
-1.52029
-1.26249
-0.973865
-0.63559
-0.244456
0.0657305
0.117901
0.0391926
-0.0162875
-0.0911009
0.035909
0.397623
0.772485
1.07077
1.32269
1.54445
1.7149
1.79401
1.74671
1.55638
1.22925
0.790697
0.280493
-0.254045
-0.762802
-1.19897
-1.52352
-1.71161
-1.75728
-1.67722
-1.50649
-1.28494
-1.03334
-0.735167
-0.3601
0.00189798
0.129056
0.0542049
-0.0350693
-0.0872376
0.118818
0.508028
0.849767
1.10634
1.32264
1.50879
1.64283
1.69053
1.62448
1.43333
1.1245
0.720664
0.256075
-0.229097
-0.692377
-1.09405
-1.40054
-1.58964
-1.65417
-1.60549
-1.47103
-1.28494
-1.06889
-0.812454
-0.470566
-0.0810779
0.125157
0.0729985
-0.0567464
-0.0650192
0.2161
0.609632
0.909403
1.12715
1.3115
1.466
1.56933
1.59231
1.5132
1.32417
1.03306
0.660105
0.235058
-0.2076
-0.631442
-1.00241
-1.29135
-1.47851
-1.55621
-1.53228
-1.42845
-1.27388
-1.0897
-0.872086
-0.572213
-0.178422
0.102893
0.0946716
-0.0794059
-0.0212544
0.325366
0.702429
0.955424
1.13717
1.29197
1.41768
1.49442
1.49724
1.40881
1.22379
0.950021
0.605513
0.216184
-0.188267
-0.576477
-0.919136
-1.1909
-1.37419
-1.46134
-1.45762
-1.38035
-1.25445
-1.09973
-0.918099
-0.665037
-0.287739
0.05908
0.117312
-0.0995695
0.0465324
0.441365
0.782867
0.987839
1.13691
1.2644
1.36415
1.418
1.40452
1.30982
1.13029
0.87356
0.555591
0.19899
-0.170623
-0.526178
-0.842417
-1.09727
-1.27521
-1.36875
-1.38141
-1.32701
-1.22701
-1.0995
-0.950511
-0.74549
-0.403779
-0.00875019
0.13745
-0.112438
0.138859
0.557373
0.84775
1.00691
1.12697
1.22956
1.30634
1.34092
1.31465
1.21627
1.0434
0.803265
0.509992
0.183343
-0.15453
-0.480195
-0.771839
-1.01022
-1.18162
-1.27896
-1.3045
-1.2694
-1.19231
-1.08963
-0.969592
-0.810384
-0.519817
-0.101112
0.150291
-0.11212
0.25383
0.666297
0.895355
1.01365
1.10827
1.18841
1.24533
1.26403
1.22805
1.12816
0.962794
0.738691
0.468357
0.169109
-0.139851
-0.438168
-0.706959
-0.929405
-1.09342
-1.19238
-1.22773
-1.20857
-1.15131
-1.07101
-0.976356
-0.858003
-0.628766
-0.216109
0.14995
-0.0919234
0.387003
0.761363
0.925339
1.00937
1.08169
1.14194
1.1821
1.18801
1.14498
1.04534
0.888046
0.679349
0.430309
0.156148
-0.126444
-0.399718
-0.64729
-0.854415
-1.01045
-1.10927
-1.15178
-1.14548
-1.105
-1.04453
-0.972122
-0.888009
-0.723856
-0.349301
0.129738
-0.0447845
0.531469
0.836758
0.93858
0.995451
1.04813
1.09117
1.11752
1.11341
1.0656
0.96762
0.818758
0.624792
0.395507
0.144334
-0.114181
-0.364506
-0.592384
-0.784849
-0.932536
-1.02981
-1.07722
-1.08102
-1.05437
-1.01109
-0.95827
-0.901288
-0.799283
-0.493786
0.0825888
0.0362146
0.67819
0.888231
0.936955
0.973186
1.00846
1.03706
1.0524
1.04071
0.99002
0.894799
0.754555
0.574617
0.363653
0.13356
-0.102953
-0.332231
-0.541841
-0.720338
-0.859476
-0.954077
-1.00448
-1.01597
-1.0004
-0.97155
-0.93609
-0.899718
-0.850799
-0.64053
0.00158233
0.15727
0.816569
0.91355
0.92302
0.943687
0.963588
0.980589
0.987416
0.970269
0.918276
0.826667
0.695085
0.528459
0.334477
0.123726
-0.0926598
-0.302625
-0.495297
-0.660531
-0.791063
-0.882137
-0.933957
-0.951018
-0.944028
-0.926799
-0.906692
-0.885855
-0.876177
-0.778944
-0.119483
0.323288
0.935228
0.912758
0.899622
0.907844
0.914432
0.922644
0.923181
0.902378
0.850372
0.763006
0.640019
0.485985
0.307739
0.114745
-0.0832153
-0.275449
-0.452422
-0.605101
-0.727084
-0.813986
-0.865929
-0.886767
-0.88616
-0.877762
-0.87096
-0.862547
-0.875464
-0.897654
-0.28552
0.537376
1.02291
0.88819
0.869508
0.866341
0.86197
0.864051
0.860193
0.837257
0.786269
0.703597
0.589047
0.446893
0.283222
0.106539
-0.074541
-0.250486
-0.412915
-0.553743
-0.667321
-0.74959
-0.800616
-0.823713
-0.827611
-0.825404
-0.829572
-0.832536
-0.850992
-0.985403
-0.499641
0.800447
1.06939
0.844246
0.834973
0.819728
0.807214
0.805536
0.798862
0.775062
0.725901
0.648218
0.54188
0.410907
0.260731
0.0990386
-0.0665673
-0.227542
-0.376502
-0.50617
-0.611557
-0.688883
-0.738177
-0.762265
-0.769098
-0.770729
-0.78307
-0.798113
-0.807158
-1.03198
-0.762765
1.11099
1.06642
0.786948
0.797603
0.768523
0.751189
0.74771
0.739523
0.715896
0.669174
0.596653
0.498249
0.377777
0.240091
0.09218
-0.0592319
-0.206443
-0.342935
-0.462116
-0.559579
-0.631777
-0.678715
-0.702754
-0.711232
-0.714758
-0.731966
-0.760856
-0.749982
-1.02912
-1.07339
1.46503
1.00835
0.723334
0.758129
0.713329
0.694896
0.69107
0.682439
0.659815
0.615978
0.548689
0.457902
0.347272
0.221143
0.0859071
-0.0524791
-0.187031
-0.311987
-0.421333
-0.511179
-0.578165
-0.622288
-0.645445
-0.654503
-0.658486
-0.676857
-0.721494
-0.686497
-0.97118
-1.42752
1.85626
0.892727
0.660754
0.716429
0.654933
0.63926
0.635999
0.627814
0.606838
0.566191
0.50412
0.420607
0.319186
0.203745
0.0801688
-0.0462589
-0.169166
-0.283451
-0.383591
-0.466153
-0.527927
-0.568917
-0.590541
-0.599293
-0.602834
-0.618525
-0.679894
-0.624044
-0.855699
-1.81888
2.2764
0.720453
0.606148
0.671643
0.594376
0.585073
0.582782
0.575805
0.556946
0.519679
0.462747
0.386146
0.293327
0.187766
0.0749194
-0.0405263
-0.152718
-0.257139
-0.348676
-0.424308
-0.480935
-0.518586
-0.538199
-0.545884
-0.548589
-0.558005
-0.635195
-0.569559
-0.683573
-2.23916
2.71566
0.495729
0.565399
0.622412
0.532971
0.532947
0.531626
0.526523
0.510095
0.476302
0.424378
0.354318
0.269521
0.173089
0.0701172
-0.0352408
-0.137573
-0.232878
-0.316389
-0.385455
-0.437051
-0.471254
-0.488529
-0.494482
-0.496357
-0.496603
-0.586029
-0.528918
-0.458996
-2.67858
3.16337
0.225688
0.542823
0.567169
0.472265
0.483271
0.482688
0.480038
0.466215
0.435917
0.388831
0.324933
0.247609
0.159609
0.0657247
-0.0303658
-0.123623
-0.210512
-0.286545
-0.349416
-0.396139
-0.426855
-0.441605
-0.445241
-0.446527
-0.435864
-0.530827
-0.506432
-0.189097
-3.12644
3.60855
-0.0801945
0.540849
0.504465
0.413952
0.436202
0.436096
0.436384
0.425221
0.398378
0.355929
0.297819
0.227445
0.147227
0.061708
-0.0258683
-0.110774
-0.189895
-0.258973
-0.31602
-0.358058
-0.385308
-0.39746
-0.39829
-0.39925
-0.377478
-0.468134
-0.504524
0.116657
-3.57178
4.04061
-0.410869
0.559915
0.433264
0.359751
0.39167
0.391974
0.395552
0.387013
0.363542
0.325508
0.272813
0.208895
0.135856
0.0580361
-0.0217183
-0.0989394
-0.170897
-0.233512
-0.285103
-0.322668
-0.346517
-0.356091
-0.353752
-0.354455
-0.323157
-0.396911
-0.523629
0.44722
-4.00398
4.44986
-0.754547
0.598578
0.353176
0.311248
0.349416
0.350457
0.357498
0.351483
0.331263
0.297408
0.249764
0.191837
0.125415
0.0546809
-0.0178888
-0.0880386
-0.153394
-0.210015
-0.256513
-0.28983
-0.310382
-0.317454
-0.311761
-0.311881
-0.274488
-0.316765
-0.5623
0.790812
-4.41336
4.82796
-1.09954
0.653804
0.264593
0.269761
0.309047
0.311697
0.322135
0.318522
0.301399
0.27148
0.228533
0.176157
0.115831
0.0516168
-0.0143548
-0.0779994
-0.137277
-0.188343
-0.230103
-0.259407
-0.276797
-0.281468
-0.272471
-0.271131
-0.232782
-0.228084
-0.617501
1.13574
-4.79156
5.16823
-1.43497
0.721398
0.168721
0.236206
0.270107
0.275855
0.28934
0.28802
0.273808
0.247582
0.208987
0.161753
0.107037
0.0488204
-0.011094
-0.0687555
-0.122442
-0.168367
-0.205734
-0.231264
-0.245659
-0.248016
-0.236046
-0.231749
-0.198951
-0.132069
-0.685034
1.47115
-5.13189
5.4658
-1.75142
0.796493
0.067497
0.211019
0.23215
0.243095
0.258959
0.259871
0.248353
0.225581
0.191007
0.148528
0.0989705
0.0462703
-0.00808574
-0.0602459
-0.108795
-0.149969
-0.183277
-0.205266
-0.21687
-0.216947
-0.202651
-0.193287
-0.173429
-0.0306539
-0.76003
1.7876
-5.4295
5.71764
-2.04125
0.874061
-0.0365709
0.19412
0.19481
0.21356
0.230811
0.233974
0.224895
0.205353
0.174479
0.136395
0.0915753
0.0439472
-0.00531126
-0.0524149
-0.0962487
-0.133035
-0.162611
-0.181282
-0.190337
-0.188091
-0.172433
-0.155379
-0.156133
0.0736583
-0.837459
2.07747
-5.68133
5.92239
-2.29886
0.949358
-0.140634
0.184936
0.157854
0.18735
0.204703
0.210234
0.2033
0.186781
0.159297
0.125274
0.0847992
0.041833
-0.0027533
-0.045211
-0.0847229
-0.117461
-0.143619
-0.159181
-0.165972
-0.161262
-0.145501
-0.117795
-0.146487
0.178023
-0.912574
2.33516
-5.88603
6.08022
-2.52065
1.01828
-0.241754
0.182473
0.121217
0.164506
0.180438
0.188562
0.183438
0.169755
0.145363
0.115088
0.0785946
0.0399113
-0.00039604
-0.038587
-0.0741433
-0.103149
-0.126195
-0.138838
-0.143692
-0.136271
-0.121901
-0.0804717
-0.143495
0.279508
-0.981273
2.55707
-6.04376
6.19252
-2.7049
1.07762
-0.337147
0.185421
0.0850095
0.144988
0.157829
0.16887
0.165182
0.154175
0.132585
0.105769
0.0729172
0.0381671
0.00177508
-0.0324991
-0.0644412
-0.090008
-0.110237
-0.120129
-0.123416
-0.11294
-0.101601
-0.0435233
-0.145847
0.375333
-1.04033
2.7415
-6.15593
6.26167
-2.85152
1.12515
-0.424392
0.192286
0.0495028
0.128669
0.136708
0.15107
0.148409
0.139943
0.120877
0.0972537
0.0677265
0.0365865
0.00377348
-0.0269072
-0.0555529
-0.0779516
-0.0956521
-0.102933
-0.105063
-0.0911122
-0.0844865
-0.0072287
-0.152051
0.463081
-1.08753
2.88834
-6.22489
6.2907
-2.9617
1.15964
-0.501583
0.201526
0.0150979
0.115336
0.116937
0.135072
0.133004
0.126973
0.110159
0.0894824
0.0629849
0.0351567
0.00561154
-0.021774
-0.0474195
-0.0668999
-0.0823501
-0.0871381
-0.0885486
-0.0706574
-0.0703528
0.0280031
-0.160569
0.540849
-1.12163
2.9988
-6.25369
6.2831
-3.03759
1.18074
-0.56741
0.211677
-0.017724
0.104695
0.0984102
0.120779
0.118859
0.115179
0.100357
0.0824005
0.0586578
0.0338659
0.00730074
-0.0170652
-0.0399861
-0.0567781
-0.0702471
-0.0726371
-0.0737806
-0.0514806
-0.0589188
0.0616806
-0.169942
0.607326
-1.14229
3.07504
-6.24582
6.24262
-3.082
1.18888
-0.62118
0.221448
-0.0484541
0.0963888
0.0810602
0.108089
0.105877
0.104483
0.0914022
0.0759571
0.0547131
0.0327031
0.00885172
-0.0127489
-0.0332019
-0.0475165
-0.0592631
-0.0593312
-0.060659
-0.0335218
-0.0498407
0.093283
-0.178887
0.661818
-1.14991
3.11985
-6.205
6.17304
-3.09809
1.185
-0.662776
0.229797
-0.0766081
0.0900224
0.0648531
0.0968884
0.0939666
0.0948092
0.0832293
0.0701048
0.0511213
0.0316583
0.0102744
-0.00879569
-0.0270195
-0.0390502
-0.0493214
-0.0471305
-0.0490738
-0.0167542
-0.0427341
0.122313
-0.186372
0.704206
-1.14546
3.13643
-6.13503
6.07812
-3.08921
1.17046
-0.692579
0.235962
-0.101771
0.0851828
0.0497838
0.0870588
0.0830503
0.0860855
0.0757794
0.0647995
0.0478551
0.030722
0.011578
-0.00517846
-0.0213945
-0.0313192
-0.0403487
-0.0359547
-0.0389059
-0.00117822
-0.0371979
0.14834
-0.191648
0.734863
-1.13027
3.12809
-6.03968
5.96152
-3.05866
1.14677
-0.711362
0.239467
-0.123632
0.0814665
0.035869
0.0784732
0.0730589
0.0782425
0.0689978
0.0599998
0.0448893
0.0298855
0.0127711
-0.00187204
-0.0162855
-0.0242682
-0.032274
-0.0257326
-0.030028
0.0131855
-0.0328385
0.17104
-0.194255
0.754551
-1.10588
3.09818
-5.92258
5.82667
-3.00968
1.11555
-0.720172
0.240104
-0.141999
0.0785002
0.0231383
0.0710014
0.0639329
0.0712131
0.0628342
0.0556672
0.0422006
0.0291407
0.0138618
0.00114679
-0.0116538
-0.0178461
-0.0250283
-0.0164026
-0.0223079
0.0263056
-0.0292911
0.190207
-0.193998
0.764304
-1.0739
3.0499
-5.78717
5.67683
-2.9453
1.07834
-0.720223
0.237888
-0.156812
0.0759585
0.0116246
0.0645118
0.0556217
0.0649323
0.0572425
0.0517653
0.0397676
0.0284799
0.0148577
0.00389946
-0.00746284
-0.0120063
-0.0185451
-0.00791087
-0.0156112
0.0381492
-0.0262362
0.205766
-0.190911
0.765321
-1.03588
2.9863
-5.6367
5.51497
-2.86833
1.03661
-0.712798
0.233013
-0.16813
0.0735749
0.00135602
0.0588756
0.0480819
0.0593372
0.0521806
0.0482601
0.0375707
0.0278959
0.0157659
0.00640574
-0.00367842
-0.00670597
-0.0127599
-0.000211195
-0.00980541
0.0486898
-0.0234113
0.217766
-0.185204
0.758868
-0.993306
2.91017
-5.47416
5.34383
-2.78135
0.991653
-0.699174
0.225797
-0.176119
0.0711476
-0.00765133
0.0539701
0.0412757
0.0543672
0.0476101
0.0451196
0.0355915
0.0273822
0.0165931
0.00868387
-0.000268354
-0.0019062
-0.00761066
0.00673719
-0.00476326
0.0579148
-0.0206156
0.226362
-0.177208
0.746202
-0.947485
2.82409
-5.30228
5.16586
-2.68669
0.944623
-0.680564
0.216633
-0.181028
0.0685392
-0.015398
0.0496815
0.0351696
0.0499641
0.0434957
0.0423136
0.0338134
0.0269325
0.0173456
0.0107506
0.00279766
0.00242864
-0.00303787
0.0129707
-0.000366509
0.0658292
-0.0177104
0.2318
-0.167332
0.728518
-0.899581
2.73038
-5.12353
4.98326
-2.58644
0.896497
-0.65808
0.205948
-0.183167
0.0656719
-0.0219043
0.0459078
0.0297323
0.0460726
0.0398053
0.0398139
0.032221
0.0265408
0.0180294
0.0126215
0.00554808
0.00633113
0.0010149
0.0185231
0.00349172
0.0724591
-0.0146144
0.234385
-0.156012
0.706911
-0.850593
2.6311
-4.94008
4.79791
-2.48243
0.848102
-0.632715
0.194169
-0.182882
0.0625195
-0.0272107
0.0425599
0.0249337
0.0426406
0.0365093
0.0375939
0.0308002
0.0262018
0.0186501
0.0143107
0.00800957
0.00983114
0.00460068
0.0234268
0.00690481
0.077851
-0.011296
0.234463
-0.143682
0.682357
-0.801363
2.52807
-4.75388
4.61146
-2.37624
0.800117
-0.605333
0.181697
-0.180535
0.0590972
-0.0313769
0.0395631
0.0207436
0.0396195
0.0335805
0.0356288
0.0295379
0.0259103
0.0192128
0.0158315
0.0102071
0.0129563
0.00776879
0.027714
0.00995183
0.082071
-0.00776343
0.232399
-0.130749
0.655706
-0.752589
2.42286
-4.56655
4.42529
-2.26923
0.753094
-0.576667
0.168894
-0.17648
0.0554511
-0.0344789
0.0368566
0.0171308
0.0369646
0.0309934
0.0338956
0.0284221
0.0256615
0.0197227
0.017196
0.0121639
0.0157321
0.0105646
0.0314175
0.0126973
0.0852014
-0.00405489
0.228553
-0.117573
0.627684
-0.704836
2.3168
-4.3795
4.24053
-2.16254
0.707465
-0.547331
0.156071
-0.171058
0.0516469
-0.036606
0.0343929
0.0140623
0.0346354
0.0287244
0.0323729
0.0274417
0.025451
0.0201841
0.0184155
0.0139017
0.0181825
0.0130291
0.0345714
0.0151917
0.0873371
-0.000228187
0.223272
-0.104464
0.598898
-0.65855
2.21101
-4.19389
4.0581
-2.05708
0.663561
-0.517826
0.143487
-0.164578
0.0477617
-0.0378561
0.0321366
0.0115039
0.0325951
0.026751
0.0310407
0.0265865
0.0252748
0.0206014
0.0195003
0.0154404
0.0203301
0.0151992
0.037211
0.017473
0.0885813
0.003648
0.216875
-0.0916729
0.569848
-0.614069
2.10639
-4.01064
3.87872
-1.9536
0.621621
-0.488554
0.131347
-0.157319
0.0438748
-0.0383324
0.0300629
0.00941933
0.0308117
0.0250521
0.029881
0.0258469
0.025129
0.0209785
0.0204604
0.0167982
0.0221963
0.0171075
0.0393731
0.0195682
0.0890414
0.00750172
0.209649
-0.0793992
0.540938
-0.571638
2.00368
-3.8305
3.70293
-1.85265
0.581804
-0.459825
0.119809
-0.14952
0.0400625
-0.0381386
0.0281555
0.00777125
0.0292566
0.0236074
0.0288773
0.0252141
0.0250104
0.021319
0.0213045
0.017992
0.0238014
0.0187824
0.0410955
0.021495
0.0888249
0.0112636
0.201843
-0.0677896
0.512483
-0.531417
1.90342
-3.65401
3.53114
-1.75465
0.544204
-0.431878
0.108985
-0.141386
0.0363933
-0.0373765
0.0264046
0.00652151
0.0279055
0.0223975
0.0280144
0.0246798
0.0249157
0.0216263
0.0220413
0.019037
0.0251648
0.0202487
0.0424166
0.0232643
0.0880364
0.0148712
0.193671
-0.0569463
0.48473
-0.493497
1.80602
-3.48159
3.36359
-1.65989
0.508854
-0.404881
0.0989483
-0.133085
0.0329249
-0.0361426
0.0248054
0.00563182
0.0267373
0.0214041
0.0272789
0.0242364
0.0248422
0.0219033
0.0226785
0.0199468
0.0263054
0.0215274
0.043375
0.0248814
0.0867745
0.0182713
0.185309
-0.0469323
0.457857
-0.457907
1.71176
-3.3135
3.20046
-1.56852
0.475741
-0.378951
0.0897398
-0.124755
0.0297033
-0.0345266
0.0233562
0.00506424
0.0257344
0.0206092
0.0266588
0.0238767
0.0247875
0.0221527
0.0232236
0.0207337
0.0272409
0.0226363
0.0440085
0.0263485
0.0851303
0.021422
0.176902
-0.0377781
0.431992
-0.424626
1.62081
-3.1499
3.0418
-1.48064
0.444816
-0.35416
0.0813722
-0.116503
0.0267618
-0.0326096
0.0220574
0.00478204
0.0248817
0.0199961
0.0261432
0.0235941
0.0247495
0.0223769
0.0236834
0.0214088
0.0279884
0.0235904
0.044354
0.0276655
0.0831858
0.0242926
0.168563
-0.0294875
0.407216
-0.393593
1.53325
-2.99087
2.8876
-1.39624
0.415996
-0.330541
0.0738359
-0.108412
0.0241223
-0.0304633
0.0209096
0.00475009
0.0241669
0.0195486
0.0257227
0.0233823
0.0247262
0.0225779
0.0240644
0.0219815
0.028564
0.0244023
0.0444465
0.0288316
0.0810135
0.0268634
0.160379
-0.0220432
0.383575
-0.364717
1.4491
-2.83638
2.73781
-1.31528
0.389175
-0.308101
0.0671041
-0.100543
0.0217956
-0.0281503
0.0199135
0.00493535
0.0235796
0.0192516
0.0253891
0.0232356
0.024716
0.0227576
0.0243725
0.0224603
0.0289832
0.0250824
0.0443192
0.0298463
0.0786761
0.0291248
0.152415
-0.0154118
0.361082
-0.337884
1.36831
-2.68637
2.5923
-1.23764
0.364232
-0.286823
0.0611362
-0.0929387
0.0197833
-0.0257238
0.0190691
0.0053074
0.0231111
0.019091
0.0251353
0.0231485
0.0247177
0.0229176
0.0246134
0.0228527
0.0292602
0.0256395
0.0440024
0.0307093
0.0762269
0.0310761
0.144717
-0.00954771
0.33973
-0.31296
1.29079
-2.54071
2.45092
-1.1632
0.341032
-0.266673
0.0558822
-0.0856287
0.0180788
-0.023228
0.0183752
0.00583857
0.0227542
0.0190537
0.0249551
0.0231163
0.0247302
0.0230591
0.0247921
0.0231648
0.0294083
0.0260808
0.0435239
0.0314217
0.0737102
0.0327241
0.137316
-0.00439694
0.319491
-0.289802
1.21641
-2.39924
2.3135
-1.09178
0.319433
-0.247605
0.0512849
-0.0786301
0.0166697
-0.0206992
0.0178295
0.00650417
0.022503
0.0191276
0.0248434
0.0231345
0.0247526
0.0231833
0.0249133
0.0234021
0.0294396
0.0264124
0.0429082
0.0319858
0.071162
0.0340814
0.130229
0.000100376
0.300325
-0.268261
1.145
-2.26177
2.17982
-1.0232
0.299286
-0.229565
0.0472832
-0.0719511
0.0155384
-0.0181663
0.0174283
0.00728261
0.0223526
0.019302
0.0247958
0.0231989
0.0247843
0.0232911
0.0249814
0.023569
0.0293651
0.0266394
0.0421771
0.032405
0.0686112
0.0351653
0.123467
0.00400737
0.282181
-0.248182
1.0764
-2.12808
2.04968
-0.957263
0.280443
-0.212493
0.0438133
-0.0655931
0.0146643
-0.0156517
0.0171673
0.00815536
0.0222987
0.0195673
0.0248089
0.0233061
0.0248247
0.023383
0.025
0.0236693
0.0291945
0.0267658
0.0413491
0.0326836
0.0660799
0.0359965
0.117031
0.00738879
0.265003
-0.229412
1.01042
-1.99796
1.92284
-0.893772
0.262757
-0.196329
0.040811
-0.0595525
0.0140242
-0.0131723
0.017041
0.00910688
0.0223381
0.0199152
0.0248798
0.0234529
0.0248737
0.0234597
0.0249725
0.0237059
0.0289363
0.0267952
0.0404398
0.0328269
0.0635847
0.0365976
0.110917
0.0103096
0.248732
-0.211797
0.946861
-1.87116
1.79907
-0.83252
0.246079
-0.181008
0.0382125
-0.0538224
0.0135942
-0.0107399
0.0170438
0.0101246
0.0224682
0.0203385
0.0250066
0.0236367
0.0249311
0.0235215
0.0249019
0.0236809
0.0285977
0.0267301
0.0394616
0.0328404
0.0611376
0.0369921
0.105117
0.0128337
0.233306
-0.195189
0.885522
-1.74746
1.67816
-0.773309
0.230268
-0.166473
0.0359556
-0.0483933
0.0133502
-0.00836258
0.0171697
0.0111988
0.0226871
0.0208317
0.0251878
0.0238551
0.0249969
0.0235685
0.0247905
0.0235961
0.0281845
0.0265727
0.0384245
0.03273
0.0587461
0.0372039
0.0996224
0.0150233
0.218667
-0.179443
0.826212
-1.62661
1.55986
-0.715948
0.215185
-0.152666
0.0339803
-0.043255
0.0132687
-0.0060447
0.0174132
0.0123223
0.0229937
0.0213903
0.0254226
0.0241065
0.0250713
0.0236009
0.0246403
0.0234524
0.0277014
0.026324
0.0373357
0.0325011
0.0564146
0.037256
0.0944223
0.016938
0.204758
-0.164418
0.768741
-1.50839
1.44398
-0.660257
0.200701
-0.139536
0.0322296
-0.0383967
0.0133278
-0.00378781
0.0177693
0.0134905
0.0233875
0.0220111
0.0257109
0.0243896
0.0251545
0.0236185
0.0244527
0.0232501
0.0271515
0.0259845
0.0361997
0.0321585
0.0541443
0.0371701
0.0895055
0.0186343
0.191529
-0.149984
0.712934
-1.39258
1.33032
-0.606079
0.186692
-0.127041
0.0306507
-0.0338082
0.0135073
-0.00159093
0.0182341
0.014701
0.023869
0.0226923
0.0260531
0.0247037
0.025247
0.0236212
0.0242287
0.0229889
0.0265369
0.025554
0.0350188
0.0317061
0.0519342
0.0369657
0.0848614
0.0201648
0.178938
-0.136017
0.658637
-1.27899
1.2187
-0.553281
0.173046
-0.115148
0.0291946
-0.0294804
0.0137898
0.000549015
0.0188049
0.015954
0.0244396
0.0234334
0.0264502
0.0250485
0.0253492
0.0236088
0.0239689
0.0226678
0.0258582
0.0250308
0.0337931
0.0311464
0.0497809
0.03666
0.0804803
0.0215777
0.166951
-0.122403
0.605717
-1.16744
1.10901
-0.501772
0.159665
-0.103837
0.0278184
-0.0254056
0.014161
0.0026371
0.0194808
0.0172513
0.0251019
0.0242351
0.026904
0.0254241
0.0254618
0.0235807
0.0236731
0.0222855
0.0251149
0.0244127
0.0325205
0.0304801
0.0476791
0.0362667
0.0763541
0.0229155
0.155547
-0.109045
0.554085
-1.0578
1.00116
-0.451509
0.146468
-0.0931022
0.0264854
-0.0215782
0.0146103
0.00468013
0.0202628
0.0185972
0.0258593
0.0250992
0.0274168
0.0258312
0.0255855
0.0235364
0.0233409
0.0218398
0.024305
0.0236961
0.0311969
0.0297061
0.0456219
0.0357962
0.072477
0.0242142
0.144723
-0.0958633
0.503699
-0.950005
0.895164
-0.402525
0.133401
-0.0829603
0.0251668
-0.0179949
0.0151313
0.00668659
0.0211544
0.0199977
0.0267168
0.026029
0.0279915
0.0262711
0.0257211
0.0234754
0.0229713
0.0213277
0.0234257
0.0228762
0.0298162
0.0288209
0.0436005
0.0352542
0.0688451
0.0255018
0.134494
-0.0828023
0.454594
-0.844053
0.791155
-0.354953
0.120439
-0.0734501
0.0238436
-0.0146548
0.0157227
0.00866676
0.0221615
0.0214608
0.0276805
0.0270289
0.0286317
0.0267453
0.0258696
0.0233969
0.0225629
0.0207459
0.0224726
0.0219467
0.0283703
0.0278182
0.0416044
0.0346418
0.0654573
0.0267967
0.1249
-0.0698401
0.406906
-0.740077
0.689436
-0.30907
0.107603
-0.0646392
0.0225077
-0.0115592
0.0163885
0.0106329
0.0232932
0.0229967
0.0287585
0.0281045
0.029342
0.027256
0.0260321
0.0232999
0.0221138
0.02009
0.0214402
0.0208999
0.0268491
0.0266889
0.0396212
0.0339543
0.0623145
0.028106
0.116007
-0.0569975
0.360911
-0.638384
0.590574
-0.265349
0.0949681
-0.0566275
0.0211646
-0.0087112
0.017139
0.0125994
0.0245615
0.0246173
0.0299599
0.0292626
0.0301275
0.0278059
0.0262098
0.0231836
0.0216213
0.0193551
0.0203217
0.0197263
0.0252405
0.0254205
0.0376361
0.033181
0.0594195
0.0294233
0.107916
-0.0443516
0.317085
-0.539537
0.495517
-0.224528
0.0826809
-0.049548
0.0198346
-0.00611523
0.0179897
0.0145814
0.0259805
0.0263349
0.0312945
0.03051
0.030993
0.0283975
0.0264038
0.023047
0.0210833
0.0185364
0.0191106
0.0184165
0.0235323
0.0239991
0.0356338
0.0323056
0.0567766
0.0307271
0.100762
-0.0320511
0.27617
-0.444487
0.405707
-0.187607
0.0709247
-0.0435416
0.0185409
-0.00377038
0.0189573
0.0165964
0.0275637
0.0281624
0.0327712
0.0318534
0.0319431
0.0290333
0.026615
0.0228894
0.0204974
0.0176295
0.0178002
0.0169613
0.0217116
0.0224106
0.0335967
0.0313112
0.0543844
0.0319931
0.0946849
-0.0202817
0.239169
-0.354677
0.323086
-0.155859
0.0597546
-0.0387096
0.0172807
-0.00164332
0.0200735
0.0186941
0.0293523
0.0301431
0.0344247
0.0333225
0.0329988
0.0297268
0.0268477
0.0227069
0.0198507
0.0166139
0.0163611
0.0153265
0.0197349
0.0206139
0.0314744
0.0301651
0.0522088
0.033223
0.0897865
-0.00910056
0.207359
-0.272048
0.251343
-0.132579
0.0496847
-0.035437
0.016205
0.00027781
0.0214788
0.0209775
0.0314791
0.0323825
0.036357
0.0349922
0.0342191
0.030511
0.0271154
0.022488
0.0191116
0.0154321
0.0147197
0.0134106
0.0174971
0.0184757
0.0291629
0.0287249
0.050236
0.0342621
0.0864512
0.000973221
0.184045
-0.20029
0.202916
-0.127923
0.0461732
-0.0358572
0.0165473
0.00137232
0.0233225
0.0230604
0.0337723
0.0345464
0.0383383
0.0366096
0.0354418
0.0312626
0.0273874
0.0222595
0.0184003
0.0142432
0.0131272
0.0114423
0.0153336
0.016168
0.0270534
0.0268418
0.0490964
0.0338714
0.0868287
0.00446318
0.179391
-0.151845
)
;

boundaryField
{
    movingWall
    {
        type            zeroGradient;
    }
    Inlet
    {
        type            cyclic;
    }
    Outlet
    {
        type            cyclic;
    }
    Bottom
    {
        type            zeroGradient;
    }
    frontAndBack
    {
        type            empty;
    }
}


// ************************************************************************* //
