/*--------------------------------*- C++ -*----------------------------------*\
| =========                 |                                                 |
| \\      /  F ield         | OpenFOAM: The Open Source CFD Toolbox           |
|  \\    /   O peration     | Version:  5.x                                   |
|   \\  /    A nd           | Web:      www.OpenFOAM.org                      |
|    \\/     M anipulation  |                                                 |
\*---------------------------------------------------------------------------*/
FoamFile
{
    version     2.0;
    format      ascii;
    class       volVectorField;
    location    "0.025";
    object      wallShearStress;
}
// * * * * * * * * * * * * * * * * * * * * * * * * * * * * * * * * * * * * * //

dimensions      [0 2 -2 0 0 0 0];

internalField   uniform (0 0 0);

boundaryField
{
    movingWall
    {
        type            calculated;
        value           uniform (0 0 0);
    }
    Inlet
    {
        type            cyclic;
    }
    Outlet
    {
        type            cyclic;
    }
    Bottom
    {
        type            calculated;
        value           nonuniform List<vector> 
90
(
(-0.00405465 -0.00414801 -1.13141e-37)
(-0.00638661 -0.00822116 -5.62805e-20)
(0.0275298 0.0458803 3.3614e-20)
(0.0836769 0.127056 4.10058e-21)
(0.104863 0.136872 -4.70384e-19)
(0.0485456 0.0401724 1.38632e-18)
(-0.110792 -0.142427 1.5024e-20)
(-0.399476 -0.379255 -1.44408e-20)
(-0.83501 -0.631379 -2.60541e-18)
(-1.40732 -0.848804 3.98539e-20)
(-2.07058 -0.978362 -1.2963e-18)
(-2.7502 -0.979217 -1.26765e-18)
(-3.35942 -0.835651 -1.00634e-18)
(-3.81699 -0.561758 1.50463e-36)
(-4.06135 -0.19799 2.2645e-21)
(-4.05977 0.197586 2.64633e-36)
(-3.81262 0.56086 -2.13265e-21)
(-3.35333 0.833992 8.31185e-20)
(-2.74373 0.976887 1.22861e-18)
(-2.06494 0.975774 -8.96585e-20)
(-1.40329 0.846501 1.77894e-20)
(-0.832703 0.62976 -4.93453e-18)
(-0.398509 0.378411 -1.1154e-19)
(-0.110552 0.142145 1.78913e-18)
(0.0485621 -0.0402194 6.70995e-19)
(0.104881 -0.136894 4.48842e-19)
(0.0837074 -0.127081 -4.89006e-36)
(0.0275365 -0.0458846 3.02591e-21)
(-0.00639872 0.00822555 -4.1576e-20)
(-0.00405128 0.00415229 1.11926e-20)
(-0.00405043 -0.00414762 -2.59343e-37)
(-0.00639836 -0.00822108 -2.94779e-20)
(0.0275246 0.0458776 3.02215e-21)
(0.0836801 0.12706 -7.52316e-37)
(0.104877 0.136892 4.57086e-19)
(0.0485735 0.0402082 7.11461e-19)
(-0.110751 -0.142383 1.83819e-18)
(-0.399427 -0.379212 -2.24298e-18)
(-0.83496 -0.631345 -2.41025e-18)
(-1.40728 -0.848785 -1.43263e-18)
(-2.07055 -0.978349 -9.2618e-20)
(-2.75019 -0.979211 8.41635e-21)
(-3.35942 -0.835651 7.56181e-20)
(-3.81699 -0.561757 2.20671e-21)
(-4.06135 -0.19799 -1.46937e-39)
(-4.05977 0.197586 8.52119e-37)
(-3.81263 0.56086 3.10331e-36)
(-3.35333 0.833992 7.94331e-20)
(-2.74373 0.976887 -1.22875e-18)
(-2.06494 0.975782 1.23643e-18)
(-1.40329 0.846501 3.9078e-20)
(-0.832703 0.62976 -2.0053e-20)
(-0.398509 0.378411 -2.20743e-18)
(-0.110552 0.142145 1.46307e-20)
(0.0485621 -0.0402194 6.57733e-19)
(0.104881 -0.136893 1.38848e-20)
(0.0837068 -0.127082 -1.75912e-19)
(0.027536 -0.0458848 2.16516e-22)
(-0.00639859 0.00822555 -1.91018e-38)
(-0.00405166 0.00415228 7.41956e-21)
(-0.00405083 -0.0041476 1.22509e-37)
(-0.00639824 -0.00822109 -1.01019e-38)
(0.0275241 0.0458777 -5.89595e-22)
(0.0836797 0.12706 -1.98423e-19)
(0.104877 0.136892 5.79645e-21)
(0.0485736 0.0402082 6.89897e-19)
(-0.11075 -0.142383 1.7506e-18)
(-0.399426 -0.379212 -9.73783e-20)
(-0.83496 -0.631346 2.04374e-20)
(-1.40728 -0.848786 -3.98322e-20)
(-2.07054 -0.97835 2.89567e-20)
(-2.75019 -0.979211 -1.26719e-18)
(-3.35942 -0.835651 8.3143e-20)
(-3.81699 -0.561758 2.97294e-19)
(-4.06135 -0.197991 -2.87797e-20)
(-4.05976 0.197586 -2.66715e-20)
(-3.81262 0.56086 2.13241e-21)
(-3.35333 0.833993 7.5753e-20)
(-2.74373 0.976895 -9.0278e-36)
(-2.06496 0.975796 1.24631e-18)
(-1.40332 0.846529 1.31399e-18)
(-0.832745 0.629798 -2.00408e-20)
(-0.398554 0.378457 -2.19159e-18)
(-0.110591 0.14219 3.4918e-18)
(0.0485358 -0.0401833 1.13107e-20)
(0.10487 -0.136874 1.3889e-20)
(0.0837087 -0.127077 -4.51743e-22)
(0.0275435 -0.0458885 2.01586e-22)
(-0.00640347 0.00822224 4.19965e-20)
(-0.00405883 0.00415198 7.67596e-21)
)
;
    }
    frontAndBack
    {
        type            empty;
    }
}


// ************************************************************************* //
