/*--------------------------------*- C++ -*----------------------------------*\
| =========                 |                                                 |
| \\      /  F ield         | OpenFOAM: The Open Source CFD Toolbox           |
|  \\    /   O peration     | Version:  2.4.0                                 |
|   \\  /    A nd           | Web:      www.OpenFOAM.org                      |
|    \\/     M anipulation  |                                                 |
\*---------------------------------------------------------------------------*/
FoamFile
{
    version     2.0;
    format      ascii;
    class       volScalarField;
    location    "0.01";
    object      p;
}
// * * * * * * * * * * * * * * * * * * * * * * * * * * * * * * * * * * * * * //

dimensions      [0 2 -2 0 0 0 0];

internalField   nonuniform List<scalar> 
7200
(
0.000138031
-1.601
1.03075
-1.11803
-0.204672
-0.627037
-0.497223
-0.586484
-0.584526
-0.614825
-0.631281
-0.651493
-0.669666
-0.688276
-0.706881
-0.726055
-0.745985
-0.767308
-0.789544
-0.816745
-0.836608
-0.897765
-0.832222
-1.22661
-0.110317
-4.06688
8.59556
-28.733
54.5514
-57.9622
-0.0184161
-1.65288
0.761784
-0.848756
-0.293865
-0.582387
-0.507188
-0.577516
-0.583742
-0.61209
-0.629991
-0.650474
-0.669274
-0.688435
-0.70767
-0.727545
-0.748294
-0.770531
-0.794101
-0.821928
-0.846672
-0.898153
-0.878865
-1.12175
-0.555113
-2.63606
3.9869
-17.8496
38.3859
-48.2295
-0.0102701
-1.70617
0.534402
-0.707194
-0.315702
-0.562764
-0.507922
-0.572622
-0.582214
-0.610177
-0.628866
-0.649694
-0.668971
-0.688608
-0.708384
-0.728884
-0.750377
-0.773486
-0.798241
-0.82711
-0.854787
-0.904292
-0.901736
-1.10347
-0.690858
-2.24102
2.30105
-12.6435
28.5988
-42.3886
0.00321058
-1.73921
0.330031
-0.639341
-0.321301
-0.548503
-0.506922
-0.568677
-0.580824
-0.608585
-0.627906
-0.649002
-0.668672
-0.688707
-0.708956
-0.730016
-0.752207
-0.776145
-0.802069
-0.831989
-0.862506
-0.910679
-0.922593
-1.09355
-0.788958
-2.02112
1.41177
-9.67245
21.8047
-37.5601
0.0180267
-1.75251
0.144252
-0.619179
-0.32632
-0.538411
-0.505535
-0.565412
-0.579653
-0.607273
-0.627101
-0.648385
-0.668368
-0.688726
-0.709387
-0.730958
-0.753809
-0.778557
-0.805649
-0.836692
-0.869926
-0.917651
-0.941471
-1.09072
-0.860375
-1.89229
0.864547
-7.84205
16.7556
-33.2495
0.0327471
-1.75172
-0.0170573
-0.633757
-0.337456
-0.533122
-0.505176
-0.563002
-0.57889
-0.60631
-0.626502
-0.647873
-0.668067
-0.688661
-0.709659
-0.731676
-0.755141
-0.780672
-0.808917
-0.841143
-0.87701
-0.924843
-0.959246
-1.09005
-0.924109
-1.80573
0.47444
-6.7144
13.0205
-29.4556
0.0462916
-1.74194
-0.151002
-0.671679
-0.357669
-0.533619
-0.507007
-0.561907
-0.578788
-0.605822
-0.626182
-0.647504
-0.667783
-0.688502
-0.70974
-0.73212
-0.75613
-0.782396
-0.811754
-0.845203
-0.883584
-0.932045
-0.975647
-1.09201
-0.9849
-1.74527
0.156992
-6.01361
10.3048
-26.1177
0.0578338
-1.72754
-0.258408
-0.722409
-0.387468
-0.540431
-0.511976
-0.562624
-0.579647
-0.605957
-0.626226
-0.647321
-0.667528
-0.688239
-0.709596
-0.732235
-0.756697
-0.783628
-0.814031
-0.848707
-0.889479
-0.93899
-0.990829
-1.09683
-1.04497
-1.70038
-0.131716
-5.52801
8.34221
-23.1605
0.0668619
-1.71203
-0.342312
-0.777569
-0.425498
-0.553556
-0.520685
-0.565612
-0.581772
-0.606884
-0.626731
-0.647373
-0.667319
-0.687858
-0.70919
-0.731955
-0.756753
-0.784248
-0.8156
-0.85147
-0.8945
-0.94543
-1.00486
-1.1045
-1.1033
-1.66527
-0.400923
-5.12178
6.91964
-20.5218
0.0730529
-1.69793
-0.406865
-0.831245
-0.46942
-0.572444
-0.533359
-0.571207
-0.585439
-0.608771
-0.627796
-0.64771
-0.66717
-0.687345
-0.708478
-0.731212
-0.756196
-0.784123
-0.816287
-0.853273
-0.898408
-0.95105
-1.01759
-1.11408
-1.15719
-1.63446
-0.642571
-4.71895
5.87623
-18.151
0.0761718
-1.6868
-0.456589
-0.879782
-0.51663
-0.596122
-0.549877
-0.579575
-0.590856
-0.611772
-0.629517
-0.648381
-0.667094
-0.686682
-0.707413
-0.729927
-0.754913
-0.783098
-0.815896
-0.853859
-0.900892
-0.955394
-1.02845
-1.12367
-1.20294
-1.60174
-0.843344
-4.28452
5.09353
-16.0066
0.0760046
-1.67942
-0.495857
-0.921403
-0.564741
-0.623375
-0.56984
-0.590705
-0.59814
-0.616
-0.631974
-0.649432
-0.667102
-0.68585
-0.705944
-0.728013
-0.752782
-0.781004
-0.814197
-0.852919
-0.901547
-0.957809
-1.03642
-1.13063
-1.23652
-1.5605
-0.991491
-3.8098
4.48665
-14.0545
0.0723132
-1.67598
-0.528547
-0.955753
-0.611871
-0.652938
-0.592659
-0.604423
-0.607315
-0.621523
-0.63523
-0.650895
-0.6672
-0.684822
-0.704014
-0.725379
-0.749664
-0.777648
-0.81093
-0.850089
-0.899852
-0.957432
-1.04007
-1.13193
-1.25407
-1.50463
-1.08004
-3.30155
3.99699
-12.2674
0.0648076
-1.67627
-0.557864
-0.983458
-0.65675
-0.683647
-0.617658
-0.620439
-0.618309
-0.628358
-0.639316
-0.652794
-0.667387
-0.683572
-0.701562
-0.721925
-0.745414
-0.772824
-0.805803
-0.844946
-0.89518
-0.953218
-1.03771
-1.12452
-1.25236
-1.42932
-1.10764
-2.77396
3.58585
-10.6233
0.0531324
-1.6799
-0.586297
-1.00573
-0.698721
-0.714553
-0.644161
-0.638385
-0.630982
-0.636471
-0.64424
-0.655134
-0.667655
-0.682067
-0.698526
-0.717548
-0.73988
-0.766309
-0.798497
-0.837019
-0.886821
-0.944018
-1.02759
-1.10567
-1.22909
-1.3317
-1.07797
-2.24327
3.22903
-9.10492
0.0368629
-1.68639
-0.615666
-1.02403
-0.737655
-0.744978
-0.671563
-0.657875
-0.645143
-0.645789
-0.64998
-0.65791
-0.667989
-0.680272
-0.69484
-0.712146
-0.732903
-0.757873
-0.788677
-0.825809
-0.874027
-0.928676
-1.00809
-1.07327
-1.1831
-1.21102
-0.998398
-1.72441
2.91247
-7.69867
0.0155091
-1.69533
-0.647225
-1.03987
-0.773831
-0.774532
-0.69938
-0.678541
-0.66058
-0.656211
-0.656496
-0.661102
-0.66837
-0.67815
-0.690441
-0.705615
-0.724329
-0.747286
-0.776007
-0.810818
-0.856068
-0.906135
-0.977902
-1.02595
-1.11442
-1.06849
-0.878408
-1.22923
2.62869
-6.39385
-0.0114765
-1.70638
-0.681788
-1.05465
-0.807804
-0.80309
-0.727274
-0.70007
-0.677084
-0.667621
-0.663734
-0.664684
-0.668772
-0.675667
-0.68527
-0.69786
-0.714011
-0.73433
-0.760166
-0.79158
-0.832295
-0.875537
-0.936152
-0.963187
-1.02421
-0.906982
-0.72818
-0.765926
2.37425
-5.18204
-0.0446881
-1.71936
-0.719855
-1.06957
-0.840291
-0.83075
-0.755062
-0.722224
-0.694471
-0.679907
-0.671634
-0.668623
-0.669174
-0.67279
-0.679274
-0.688796
-0.701819
-0.718807
-0.740871
-0.767698
-0.802192
-0.836295
-0.882461
-0.885261
-0.914581
-0.730409
-0.557458
-0.339101
2.14785
-4.05648
-0.0847549
-1.73419
-0.761727
-1.08564
-0.872068
-0.857787
-0.782706
-0.744857
-0.712599
-0.692971
-0.68014
-0.672889
-0.669555
-0.669495
-0.672413
-0.678354
-0.687644
-0.700559
-0.717896
-0.738874
-0.765423
-0.788142
-0.816965
-0.793162
-0.788347
-0.543251
-0.374797
0.0496146
1.94902
-3.01163
-0.13233
-1.75093
-0.807593
-1.10362
-0.903905
-0.88459
-0.810293
-0.767908
-0.731377
-0.706737
-0.689206
-0.67746
-0.6699
-0.665767
-0.664659
-0.666488
-0.671409
-0.679472
-0.69109
-0.704934
-0.721856
-0.731144
-0.740276
-0.688456
-0.648768
-0.350037
-0.187162
0.400852
1.77744
-2.04284
-0.188079
-1.76973
-0.857594
-1.12416
-0.93652
-0.911621
-0.83801
-0.791403
-0.750766
-0.721161
-0.698804
-0.682323
-0.670208
-0.661603
-0.656004
-0.653174
-0.653075
-0.655488
-0.660389
-0.665841
-0.671579
-0.665685
-0.653413
-0.573115
-0.499273
-0.154965
0.000164952
0.716743
1.63245
-1.14601
-0.252669
-1.7908
-0.911868
-1.14774
-0.970554
-0.939375
-0.86612
-0.81544
-0.770785
-0.736235
-0.708927
-0.687481
-0.670489
-0.657017
-0.64646
-0.638421
-0.632645
-0.628613
-0.625825
-0.621706
-0.61489
-0.592432
-0.557705
-0.449347
-0.343227
0.0383526
0.183477
1.00026
1.51294
-0.317438
-0.326761
-1.81442
-0.970568
-1.17474
-1.00657
-0.968342
-0.894934
-0.840176
-0.791499
-0.751984
-0.719592
-0.692953
-0.670769
-0.652039
-0.63606
-0.622266
-0.610168
-0.59892
-0.587526
-0.572778
-0.552273
-0.512278
-0.454687
-0.319438
-0.183748
0.227021
0.360399
1.25471
1.41736
0.446363
-0.410999
-1.84088
-1.03387
-1.20551
-1.04504
-0.998998
-0.924792
-0.865814
-0.813018
-0.76847
-0.730841
-0.698778
-0.671091
-0.646722
-0.624865
-0.604782
-0.585738
-0.566548
-0.545717
-0.519434
-0.484373
-0.426282
-0.346002
-0.18562
-0.0235813
0.408884
0.529597
1.48333
1.34379
1.14872
-0.505998
-1.87048
-1.10196
-1.24034
-1.08638
-1.03178
-0.956042
-0.892587
-0.835488
-0.785782
-0.74274
-0.705016
-0.671517
-0.641133
-0.612957
-0.586074
-0.559497
-0.5317
-0.500706
-0.46216
-0.411957
-0.335605
-0.233309
-0.0499667
0.134965
0.582476
0.690474
1.68912
1.29007
1.79285
-0.612337
-1.90353
-1.17504
-1.2795
-1.13094
-1.0671
-0.989029
-0.920746
-0.859079
-0.804037
-0.755375
-0.711743
-0.672125
-0.635363
-0.600444
-0.56628
-0.531628
-0.494636
-0.452874
-0.401524
-0.335868
-0.24145
-0.118205
0.0856721
0.290041
0.746915
0.842919
1.87467
1.25398
2.38193
-0.730545
-1.94031
-1.25331
-1.32325
-1.17902
-1.1053
-1.02408
-0.950549
-0.883979
-0.823368
-0.768852
-0.719052
-0.673011
-0.629518
-0.587456
-0.545564
-0.502353
-0.455663
-0.40266
-0.338157
-0.256994
-0.145006
-0.00217439
0.21971
0.440231
0.901785
0.987095
2.04219
1.23327
2.91907
-0.861086
-1.9811
-1.33694
-1.37182
-1.23089
-1.14671
-1.06151
-0.98225
-0.910384
-0.843926
-0.783291
-0.727051
-0.674284
-0.623721
-0.574142
-0.524116
-0.471926
-0.415128
-0.350544
-0.27272
-0.176229
-0.0474118
0.113453
0.350835
0.584511
1.04701
1.12329
2.19352
1.22582
3.40729
-1.00434
-2.02614
-1.42607
-1.42544
-1.28677
-1.19161
-1.1016
-1.01609
-0.938492
-0.865866
-0.798821
-0.735858
-0.676064
-0.618108
-0.560667
-0.502148
-0.440624
-0.373402
-0.29703
-0.205888
-0.0944407
0.0502792
0.22752
0.478002
0.722184
1.18274
1.25183
2.33017
1.22967
3.84959
-1.16061
-2.07566
-1.52082
-1.48431
-1.34685
-1.24023
-1.14458
-1.05231
-0.968496
-0.889346
-0.815578
-0.745598
-0.67848
-0.612826
-0.547208
-0.479886
-0.40874
-0.330877
-0.242631
-0.138323
-0.0124521
0.147119
0.339051
0.60041
0.852822
1.30928
1.37302
2.45342
1.24302
4.24884
-1.33006
-2.12984
-1.62122
-1.54858
-1.41128
-1.29276
-1.19069
-1.09109
-1.00057
-0.914519
-0.833695
-0.756398
-0.681666
-0.608027
-0.533951
-0.457563
-0.376579
-0.287944
-0.187854
-0.07066
0.0689797
0.242275
0.447244
0.717473
0.9762
1.42698
1.48711
2.56435
1.26429
4.60784
-1.51273
-2.18884
-1.72728
-1.61839
-1.48018
-1.34935
-1.24009
-1.13262
-1.03489
-0.941527
-0.853303
-0.768385
-0.685756
-0.603865
-0.521085
-0.435418
-0.344445
-0.244994
-0.133187
-0.003493
0.149174
0.335038
0.551463
0.828785
1.09225
1.53626
1.59434
2.66389
1.29208
4.92929
-1.7085
-2.25276
-1.83891
-1.69381
-1.55362
-1.41011
-1.29292
-1.17703
-1.07157
-0.970498
-0.874521
-0.781679
-0.690881
-0.600494
-0.508796
-0.413686
-0.312637
-0.202402
-0.0790927
0.062635
0.227532
0.424814
0.651219
0.93409
1.201
1.63751
1.69488
2.75291
1.32518
5.21577
-1.9171
-2.32166
-1.95597
-1.77483
-1.63161
-1.4751
-1.34927
-1.22444
-1.11075
-1.00154
-0.897458
-0.796392
-0.697165
-0.598059
-0.497266
-0.392596
-0.281441
-0.160522
-0.0259951
0.127238
0.303539
0.511123
0.746155
1.03325
1.30258
1.73113
1.78891
2.8322
1.36253
5.46976
-2.13803
-2.39554
-2.07824
-1.8614
-1.71412
-1.5443
-1.40918
-1.27491
-1.15248
-1.03474
-0.9222
-0.812618
-0.704719
-0.596698
-0.486667
-0.372362
-0.251125
-0.119681
0.0257216
0.189892
0.376766
0.593589
0.836021
1.12623
1.39714
1.81747
1.8766
2.90248
1.40322
5.69361
-2.37062
-2.47431
-2.2054
-1.95339
-1.80105
-1.61768
-1.47264
-1.32845
-1.19682
-1.07015
-0.948814
-0.830439
-0.713642
-0.596535
-0.477156
-0.353184
-0.221936
-0.0801759
0.0757187
0.250233
0.446862
0.671927
0.920668
1.21306
1.4849
1.89691
1.95812
2.96446
1.44647
5.88953
-2.61399
-2.55784
-2.33707
-2.05058
-1.89224
-1.69512
-1.5396
-1.38505
-1.24378
-1.10779
-0.977341
-0.849911
-0.724013
-0.597675
-0.468871
-0.335239
-0.194093
-0.0422659
0.123704
0.307959
0.513552
0.745937
1.00002
1.29382
1.56608
1.96977
2.03367
3.0188
1.4916
6.05965
-2.86702
-2.64588
-2.47274
-2.15266
-1.98745
-1.77643
-1.60994
-1.44463
-1.2933
-1.14765
-1.00779
-0.871069
-0.735889
-0.600205
-0.461931
-0.318682
-0.167788
-0.00617497
0.169435
0.362829
0.576629
0.815492
1.07407
1.36865
1.64091
2.03639
2.10344
3.06614
1.53802
6.20594
-3.1284
-2.73811
-2.61186
-2.25925
-2.08637
-1.86136
-1.68347
-1.50707
-1.34531
-1.18969
-1.04015
-0.893919
-0.749305
-0.604187
-0.456431
-0.30364
-0.14318
0.0279119
0.212713
0.414657
0.63595
0.880526
1.14286
1.4377
1.70967
2.0971
2.16766
3.10706
1.58525
6.33027
-3.39661
-2.83413
-2.75377
-2.36986
-2.18861
-1.94962
-1.75997
-1.57217
-1.39969
-1.23381
-1.07435
-0.918438
-0.764269
-0.60966
-0.452441
-0.290214
-0.120397
0.059848
0.253387
0.463308
0.691427
0.941028
1.20648
1.50119
1.77261
2.15222
2.22656
3.14215
1.63285
6.43437
-3.66993
-2.93344
-2.89773
-2.48392
-2.29372
-2.0408
-1.83912
-1.63971
-1.45624
-1.27988
-1.11032
-0.944573
-0.78076
-0.616637
-0.450003
-0.278475
-0.0995329
0.089525
0.291351
0.508697
0.743023
0.997035
1.26506
1.55931
1.83001
2.20205
2.2804
3.17192
1.68046
6.51989
-3.9465
-3.03545
-3.04293
-2.60078
-2.40114
-2.13445
-1.92057
-1.7094
-1.51475
-1.32774
-1.14792
-0.972238
-0.798728
-0.6251
-0.449133
-0.268465
-0.0806498
0.116871
0.326537
0.550784
0.790745
1.04862
1.31875
1.61229
1.88215
2.24691
2.32943
3.19687
1.72779
6.58834
-4.22431
-3.13953
-3.18848
-2.7197
-2.51029
-2.23006
-2.00389
-1.7809
-1.57495
-1.37716
-1.18699
-1.00132
-0.818096
-0.635006
-0.449816
-0.260195
-0.063777
0.141851
0.358919
0.589566
0.834637
1.09589
1.36773
1.66037
1.9293
2.2871
2.37391
3.21746
1.77458
6.64111
-4.50126
-3.24493
-3.33347
-2.83989
-2.62048
-2.32706
-2.08861
-1.8538
-1.63651
-1.4279
-1.22734
-1.03165
-0.838753
-0.646283
-0.452011
-0.253648
-0.0489126
0.164461
0.388503
0.62508
0.87478
1.13898
1.4122
1.7038
1.97176
2.32293
2.41412
3.23411
1.82063
6.6795
-4.77519
-3.35089
-3.47694
-2.96048
-2.73101
-2.4248
-2.17421
-1.92768
-1.69908
-1.47967
-1.26873
-1.06307
-0.860563
-0.658829
-0.455648
-0.248777
-0.0360251
0.184731
0.415331
0.657392
0.91128
1.17805
1.45236
1.74283
2.00979
2.35468
2.45031
3.24722
1.86577
6.7047
-5.04392
-3.45659
-3.61789
-3.08058
-2.84109
-2.52262
-2.2601
-2.00204
-1.76225
-1.53213
-1.31089
-1.09536
-0.883358
-0.672518
-0.460632
-0.24551
-0.0250546
0.202719
0.439472
0.686596
0.944269
1.21328
1.48843
1.77771
2.04368
2.38264
2.48274
3.25715
1.90988
6.71784
-5.30527
-3.5612
-3.75533
-3.19927
-2.94993
-2.6198
-2.34569
-2.07638
-1.8256
-1.58492
-1.35353
-1.12827
-0.906948
-0.687197
-0.466841
-0.243749
-0.0159156
0.218508
0.46102
0.712811
0.973899
1.24485
1.52065
1.80871
2.07371
2.40708
2.51168
3.26423
1.95286
6.71997
-5.55714
-3.66387
-3.88831
-3.31561
-3.05671
-2.71561
-2.43033
-2.15014
-1.88865
-1.63766
-1.39634
-1.16155
-0.931114
-0.702689
-0.474131
-0.243371
-0.00849854
0.232208
0.480095
0.736175
1.00034
1.27296
1.54925
1.83607
2.10013
2.42827
2.53735
3.26874
1.99458
6.71173
-5.79753
-3.76379
-4.01586
-3.42868
-3.16062
-2.80932
-2.51338
-2.22276
-1.95093
-1.68994
-1.43895
-1.1949
-0.955619
-0.718797
-0.482335
-0.244233
-0.00267277
0.243946
0.496832
0.756844
1.02377
1.29784
1.57446
1.86005
2.12322
2.44646
2.56001
3.27099
2.03527
6.69397
-6.02454
-3.86016
-4.13711
-3.53757
-3.26085
-2.90016
-2.59417
-2.29365
-2.01193
-1.74132
-1.48102
-1.22802
-0.980207
-0.735305
-0.491271
-0.246174
0.0017111
0.25387
0.511388
0.77499
1.04438
1.31968
1.59651
1.8809
2.14323
2.46189
2.57988
3.27118
2.07467
6.66765
-6.23646
-3.95222
-4.2512
-3.64142
-3.35661
-2.98742
-2.67206
-2.36225
-2.07115
-1.79138
-1.52216
-1.2606
-1.00461
-0.751983
-0.500737
-0.249015
0.00481832
0.262142
0.52393
0.790793
1.06238
1.33871
1.61566
1.89885
2.1604
2.47479
2.59718
3.26956
2.1128
6.63334
-6.43173
-4.03928
-4.35738
-3.73942
-3.44716
-3.07039
-2.74641
-2.42797
-2.12808
-1.83966
-1.56199
-1.29229
-1.02854
-0.768587
-0.510521
-0.252565
0.00682731
0.268936
0.534637
0.804443
1.07796
1.35516
1.63211
1.91414
2.17496
2.48537
2.6121
3.26632
2.1497
6.5916
-6.60885
-4.1207
-4.45498
-3.83084
-3.53182
-3.14842
-2.8166
-2.49026
-2.18222
-1.88573
-1.60014
-1.32278
-1.05171
-0.784865
-0.520401
-0.256624
0.00792681
0.274437
0.543695
0.816135
1.09134
1.36922
1.6461
1.92699
2.18713
2.49384
2.62486
3.26165
2.18542
6.54294
-6.76658
-4.19603
-4.54342
-3.91502
-3.60994
-3.22088
-2.88205
-2.5486
-2.2331
-1.92917
-1.63622
-1.35173
-1.07383
-0.800561
-0.530148
-0.260982
0.00831303
0.278836
0.551298
0.826067
1.10271
1.38113
1.65785
1.93763
2.19714
2.50038
2.63563
3.25569
2.22003
6.48779
-6.90421
-4.2647
-4.6222
-3.99137
-3.68097
-3.28722
-2.94224
-2.60247
-2.28026
-1.96955
-1.66986
-1.3788
-1.09461
-0.815418
-0.53953
-0.265426
0.00818693
0.282327
0.557641
0.834439
1.11229
1.39108
1.66757
1.94625
2.20517
2.50518
2.64458
3.24858
2.25358
6.42654
-7.02101
-4.32638
-4.69096
-4.05942
-3.74442
-3.34695
-2.9967
-2.65144
-2.32327
-2.00649
-1.70071
-1.40369
-1.11377
-0.829178
-0.548314
-0.269742
0.00775144
0.28511
0.562919
0.841449
1.12028
1.39929
1.67546
1.95306
2.21141
2.50839
2.65189
3.24043
2.28616
6.35949
-7.11648
-4.3808
-4.74942
-4.1188
-3.79992
-3.39965
-3.04499
-2.69507
-2.36174
-2.03963
-1.72844
-1.42609
-1.13103
-0.841594
-0.556273
-0.273716
0.00720893
0.287379
0.567329
0.847293
1.12687
1.40595
1.68171
1.95824
2.21605
2.51018
2.65769
3.23135
2.31787
6.28691
-7.19031
-4.42779
-4.79741
-4.16921
-3.84713
-3.44498
-3.08677
-2.73303
-2.39533
-2.06863
-1.75273
-1.44571
-1.14613
-0.852422
-0.563182
-0.277141
0.00675866
0.289329
0.57106
0.852163
1.13226
1.41125
1.68652
1.96196
2.21925
2.51069
2.66213
3.22143
2.34879
6.20903
-7.2424
-4.46728
-4.83484
-4.21047
-3.88585
-3.48266
-3.12174
-2.76501
-2.42373
-2.0932
-1.77331
-1.46229
-1.15882
-0.861435
-0.568827
-0.279812
0.00659457
0.291148
0.574299
0.856242
1.13663
1.41537
1.69006
1.9644
2.22116
2.51004
2.66535
3.21073
2.37905
6.12599
-7.27283
-4.49927
-4.86174
-4.2425
-3.91592
-3.51253
-3.14968
-2.79076
-2.44668
-2.11309
-1.78992
-1.47559
-1.16887
-0.868416
-0.573005
-0.281538
0.00690304
0.293018
0.577226
0.859708
1.14015
1.41848
1.69249
1.9657
2.22193
2.50837
2.66747
3.19931
2.40877
6.03793
-7.28183
-4.52387
-4.87822
-4.2653
-3.93731
-3.53445
-3.17043
-2.81009
-2.46399
-2.12807
-1.80236
-1.4854
-1.17608
-0.873168
-0.575526
-0.282134
0.00786102
0.295111
0.58001
0.862729
1.14299
1.42075
1.69397
1.96602
2.22169
2.50578
2.6686
3.18723
2.43806
5.94493
-7.26979
-4.54124
-4.88444
-4.27895
-3.95002
-3.54839
-3.18391
-2.82288
-2.47549
-2.13797
-1.81042
-1.49152
-1.18026
-0.87551
-0.576216
-0.281432
0.00963425
0.297592
0.582812
0.865463
1.1453
1.42232
1.69464
1.96548
2.22058
2.50237
2.66885
3.17453
2.46706
5.84705
-7.23724
-4.55166
-4.88069
-4.28362
-3.95417
-3.55439
-3.19009
-2.82904
-2.48107
-2.14265
-1.81396
-1.4938
-1.18126
-0.875283
-0.574915
-0.279276
0.0123757
0.30061
0.585781
0.868058
1.14724
1.42333
1.69464
1.96422
2.2187
2.49826
2.66832
3.16122
2.4959
5.7443
-7.18485
-4.55544
-4.86728
-4.27955
-3.94991
-3.55253
-3.18899
-2.82857
-2.48067
-2.14203
-1.81288
-1.49212
-1.17893
-0.872346
-0.571485
-0.275526
0.0162244
0.304304
0.589054
0.870649
1.14892
1.42392
1.69408
1.96233
2.21615
2.49351
2.66711
3.14733
2.52473
5.63669
-7.11338
-4.55297
-4.84461
-4.26705
-3.93748
-3.54295
-3.18069
-2.82147
-2.47426
-2.13605
-1.80708
-1.48637
-1.17316
-0.866583
-0.565804
-0.270058
0.021304
0.308797
0.592754
0.873358
1.15048
1.4242
1.69309
1.95994
2.21305
2.48822
2.66531
3.13289
2.55368
5.52418
-7.02373
-4.54471
-4.81313
-4.24648
-3.91713
-3.52587
-3.16533
-2.80781
-2.46186
-2.12467
-1.79651
-1.47647
-1.16387
-0.857896
-0.557768
-0.262769
0.0277221
0.314198
0.59699
0.876295
1.15202
1.42427
1.69177
1.95714
2.20949
2.48247
2.66301
3.11792
2.58291
5.40676
-6.91688
-4.53115
-4.77333
-4.21823
-3.88921
-3.50151
-3.14305
-2.7877
-2.44352
-2.10792
-1.78115
-1.46239
-1.151
-0.846211
-0.547297
-0.253569
0.0355691
0.320599
0.601857
0.879552
1.15363
1.42423
1.69019
1.95401
2.20554
2.47633
2.66028
3.10242
2.61254
5.2844
-6.79395
-4.51283
-4.72574
-4.18275
-3.85404
-3.47013
-3.11407
-2.76126
-2.41932
-2.08581
-1.76099
-1.44409
-1.13449
-0.831474
-0.534327
-0.24239
0.0449179
0.328077
0.607431
0.883209
1.1554
1.42416
1.68846
1.95064
2.20128
2.46987
2.65721
3.08643
2.64272
5.15707
-6.65614
-4.49034
-4.67094
-4.1405
-3.81202
-3.43203
-3.07858
-2.72864
-2.38934
-2.05841
-1.73607
-1.42158
-1.11434
-0.813649
-0.518814
-0.229183
0.055823
0.336688
0.613772
0.887328
1.15739
1.42412
1.68663
1.94709
2.1968
2.46317
2.65389
3.06998
2.67356
5.02481
-6.50477
-4.46426
-4.60951
-4.09195
-3.7635
-3.38749
-3.0368
-2.69001
-2.35371
-2.02579
-1.70642
-1.39487
-1.09054
-0.792721
-0.500733
-0.213916
0.0683199
0.346473
0.620924
0.891955
1.15964
1.42417
1.68476
1.94343
2.19216
2.4563
2.65038
3.05313
2.70518
4.88773
-6.34131
-4.43519
-4.54207
-4.03757
-3.70886
-3.33681
-2.98897
-2.64551
-2.31253
-1.98803
-1.67209
-1.36398
-1.06309
-0.768694
-0.480081
-0.196577
0.0824248
0.35745
0.628909
0.897117
1.16219
1.42435
1.68289
1.93971
2.18742
2.44933
2.64679
3.03597
2.73765
4.74605
-6.16739
-4.40366
-4.46922
-3.97778
-3.64846
-3.28024
-2.93527
-2.59532
-2.26593
-1.9452
-1.63314
-1.32897
-1.03204
-0.741587
-0.456868
-0.177175
0.0981336
0.369619
0.63773
0.902819
1.16505
1.42467
1.68106
1.93596
2.18263
2.44233
2.64319
3.01862
2.77098
4.6002
-5.98484
-4.37012
-4.39154
-3.91298
-3.58259
-3.21802
-2.87589
-2.53955
-2.214
-1.8974
-1.58963
-1.28988
-0.997422
-0.711434
-0.431125
-0.155737
0.115422
0.382959
0.647369
0.909049
1.16821
1.42513
1.67927
1.93223
2.17786
2.43539
2.63967
3.00124
2.80512
4.45094
-5.79574
-4.33481
-4.30956
-3.84346
-3.51152
-3.15035
-2.81097
-2.47834
-2.15684
-1.84469
-1.54163
-1.24677
-0.959287
-0.678285
-0.402901
-0.132308
0.134246
0.397425
0.657784
0.915768
1.17164
1.42571
1.67752
1.92851
2.17312
2.42857
2.63632
2.98406
2.83989
4.2995
-5.60258
-4.29768
-4.2238
-3.76948
-3.43546
-3.07738
-2.74066
-2.41178
-2.09454
-1.78717
-1.48923
-1.19972
-0.917719
-0.642222
-0.372274
-0.106968
0.154526
0.412944
0.668903
0.92291
1.17529
1.42636
1.67578
1.92481
2.16845
2.42195
2.63322
2.96739
2.8749
4.14791
-5.40811
-4.25831
-4.13472
-3.6913
-3.35467
-2.99934
-2.66515
-2.34008
-2.0273
-1.72501
-1.43259
-1.14891
-0.87288
-0.603398
-0.339392
-0.0798551
0.176135
0.429395
0.680619
0.930379
1.17906
1.42703
1.674
1.9211
2.16388
2.41559
2.63046
2.95154
2.90958
3.99921
-5.21418
-4.21451
-4.04186
-3.60828
-3.26854
-2.91563
-2.58388
-2.26272
-1.95466
-1.65783
-1.3714
-1.09406
-0.824565
-0.561663
-0.304154
-0.0509116
0.19909
0.446762
0.692885
0.938105
1.18288
1.42761
1.6721
1.91732
2.15937
2.40954
2.62819
2.93688
2.94287
3.85797
-5.02273
-4.15812
-3.94292
-3.51703
-3.17384
-2.82302
-2.49374
-2.17677
-1.8739
-1.58317
-1.30346
-1.03326
-0.771137
-0.515651
-0.265453
-0.0192797
0.224019
0.465464
0.705934
0.946161
1.18668
1.42794
1.66985
1.91324
2.15471
2.40373
2.62622
2.92452
2.9706
3.73386
-4.85187
-4.07452
-3.84466
-3.41649
-3.07187
-2.72176
-2.3951
-2.0824
-1.78515
-1.5011
-1.22883
-0.966594
-0.71271
-0.465545
-0.223561
0.0146681
0.250439
0.484904
0.719059
0.953739
1.18957
1.42708
1.66623
1.90789
2.14866
2.39793
2.62158
2.92018
2.97566
3.65106
64.4384
-48.1037
35.204
-2.17469
10.4886
6.51668
7.62398
7.21908
7.2751
7.20417
7.1746
7.13752
7.1052
7.07348
7.04271
7.01212
6.98134
6.9496
6.91726
6.88017
6.85057
6.77966
6.83572
6.43063
7.53902
3.56198
16.2439
-21.1982
62.2685
-50.5087
54.7088
-31.9373
24.3227
2.4444
9.06096
6.96587
7.52241
7.26874
7.27801
7.21635
7.18141
7.1432
7.10898
7.07572
7.04343
7.01137
6.97907
6.94579
6.91155
6.87332
6.83836
6.77671
6.78599
6.53224
7.08912
4.99166
11.6167
-10.2958
46.0654
-40.7592
48.8716
-22.1493
19.1171
4.13812
8.6701
7.10557
7.50742
7.29449
7.28661
7.22653
7.18823
7.14849
7.11256
7.07782
7.04411
7.01066
6.97694
6.94219
6.90623
6.86647
6.82815
6.76807
6.76018
6.54717
6.94913
5.38286
9.92017
-5.08118
36.2546
-34.9099
44.0481
-15.353
16.1459
5.0336
8.45473
7.20774
7.50094
7.31837
7.29559
7.23646
7.19489
7.15364
7.11601
7.07985
7.04477
7.00998
6.97489
6.93871
6.90105
6.85977
6.81818
6.75905
6.73622
6.55354
6.84666
5.59831
9.02296
-2.10581
29.4422
-30.0762
39.7433
-10.3003
14.3156
5.58591
8.33053
7.28342
7.50181
7.34051
7.30539
7.24631
7.2016
7.15876
7.11943
7.08185
7.04541
7.00931
6.97286
6.93526
6.8959
6.85303
6.80829
6.74918
6.71396
6.55252
6.77065
5.72235
8.46924
-0.273613
24.3775
-25.7621
35.9552
-6.56022
13.1886
5.98031
8.24854
7.35157
7.50508
7.36181
7.31567
7.25607
7.2083
7.16381
7.12279
7.08381
7.04604
7.00865
6.97087
6.93187
6.89081
6.84628
6.79846
6.73882
6.69252
6.54906
6.70212
5.80403
8.07348
0.853927
20.6287
-21.9659
32.6232
-3.83867
12.4893
6.30155
8.1925
7.41685
7.51117
7.38198
7.32622
7.26559
7.21488
7.1687
7.12603
7.08569
7.04664
7.00802
6.96896
6.92859
6.88588
6.83965
6.78887
6.72816
6.67217
6.54271
6.6364
5.85962
7.75082
1.5531
17.9008
-18.6267
29.6718
-1.8696
12.0061
6.59386
8.15189
7.48143
7.52028
7.40116
7.33677
7.27471
7.22119
7.17332
7.12907
7.08745
7.0472
7.00744
6.96717
6.92552
6.88122
6.83328
6.77967
6.71747
6.65278
6.53329
6.57131
5.89967
7.45707
2.03594
15.9272
-15.6689
27.0385
-0.440228
11.6031
6.86671
8.12097
7.54431
7.53238
7.4194
7.34708
7.28323
7.22706
7.17754
7.13183
7.08902
7.0477
7.00691
6.96557
6.92272
6.87694
6.82734
6.77103
6.70699
6.63428
6.52082
6.50786
5.92993
7.18278
2.43858
14.4945
-13.0299
24.6729
0.610048
11.2043
7.11223
8.09435
7.60278
7.54651
7.43654
7.35683
7.29094
7.23229
7.18123
7.1342
7.09037
7.04812
7.00646
6.9642
6.92031
6.8732
6.82203
6.7632
6.69704
6.61686
6.50628
6.44879
5.95584
6.93591
2.83724
13.4419
-10.6592
22.5332
1.39952
10.7744
7.31719
8.06589
7.65316
7.56077
7.452
7.36556
7.29753
7.23664
7.18421
7.13608
7.0914
7.04845
7.00612
6.96313
6.91839
6.87016
6.81758
6.75646
6.6881
6.60108
6.49157
6.39777
5.98358
6.72974
3.26713
12.6507
-8.51503
20.5857
2.01295
10.3047
7.46988
8.02907
7.69147
7.57254
7.46476
7.37261
7.30259
7.23982
7.18627
7.13731
7.09206
7.04864
7.0059
6.96245
6.91712
6.86803
6.8143
6.75124
6.6808
6.58797
6.47933
6.35883
6.0197
6.57602
3.73707
12.0359
-6.56339
18.8029
2.50888
9.80173
7.56331
7.97779
7.71387
7.57879
7.4734
7.37713
7.30562
7.24146
7.18718
7.13774
7.09224
7.04869
7.00584
6.96224
6.91665
6.86706
6.81254
6.74804
6.67603
6.57898
6.4726
6.33582
6.07032
6.48177
4.24046
11.5389
-4.77683
17.163
2.92603
9.27955
7.59609
7.9073
7.71717
7.57648
7.47622
7.37806
7.30599
7.24118
7.18666
7.1372
7.09186
7.04854
7.00597
6.9626
6.91714
6.8675
6.81271
6.7475
6.67483
6.5758
6.47443
6.33195
6.14023
6.44839
4.76317
11.1209
-3.13348
15.6488
3.28858
8.7543
7.57182
7.8147
7.69908
7.56291
7.47148
7.37427
7.30298
7.23849
7.18442
7.1355
7.0908
7.04818
7.00632
6.96364
6.9188
6.86967
6.81528
6.75031
6.67836
6.58018
6.48754
6.34953
6.23233
6.47225
5.28901
10.7577
-1.61602
14.2466
3.61066
8.24085
7.49782
7.69924
7.65844
7.53596
7.45758
7.36459
7.29587
7.23292
7.18014
7.13244
7.08895
7.04756
7.00693
6.96547
6.92183
6.87388
6.82073
6.75724
6.68777
6.59374
6.51407
6.38972
6.3474
6.54604
5.8031
10.435
-0.21083
12.9458
3.89977
7.75101
7.38349
7.56212
7.59528
7.49428
7.43319
7.34798
7.28392
7.22396
7.17349
7.12781
7.08621
7.04665
7.00784
6.9682
6.92643
6.88046
6.82957
6.76901
6.70414
6.6178
6.55537
6.4525
6.48423
6.6603
6.29359
10.1455
1.09276
11.7379
4.15939
7.29293
7.23897
7.40615
7.51074
7.43733
7.39745
7.32356
7.26647
7.21116
7.16416
7.12141
7.08245
7.04542
7.00908
6.97195
6.93279
6.88973
6.84226
6.78629
6.72832
6.65326
6.61198
6.53674
6.64001
6.8049
6.75231
9.88563
2.30321
10.6163
4.39086
6.87124
7.07396
7.23523
7.40692
7.36537
7.34996
7.29074
7.24301
7.19412
7.15188
7.11307
7.07759
7.04382
7.01068
6.97681
6.94111
6.90195
6.8592
6.8096
6.76092
6.70048
6.68365
6.64034
6.81085
6.9701
7.17463
9.65401
3.42726
9.5754
4.59465
6.48756
6.89698
7.05379
7.2866
7.27939
7.29084
7.24925
7.21318
7.17252
7.13641
7.10262
7.07153
7.04184
7.01268
6.98287
6.95154
6.91736
6.8807
6.83928
6.80222
6.75937
6.76941
6.76051
6.99229
7.14736
7.55893
9.45019
4.47045
8.61049
4.77112
6.14128
6.71498
6.86635
7.15304
7.18093
7.22071
7.19913
7.17684
7.14617
7.1176
7.08996
7.0642
7.03945
7.01509
6.99021
6.96419
6.93613
6.90696
6.87548
6.85217
6.82932
6.8677
6.89401
7.17983
7.32972
7.90582
9.27382
5.43746
7.71749
4.92092
5.83026
6.53323
6.67706
7.00962
7.07194
7.14054
7.14075
7.13407
7.11504
7.09536
7.075
7.05556
7.03663
7.01793
6.99886
6.97913
6.95833
6.93801
6.91814
6.9104
6.90934
6.97657
7.03744
7.36929
7.5119
8.21744
9.12422
6.33239
6.8927
5.04516
5.55154
6.35541
6.48952
6.8597
6.95461
7.05166
7.07476
7.08512
7.07919
7.06969
7.05774
7.04559
7.03337
7.0212
7.00883
6.99638
6.98395
6.97379
6.96699
6.97628
6.99812
7.09385
7.18744
7.55706
7.69018
8.49675
9.00028
7.15895
6.13263
5.1454
5.30183
6.18391
6.3066
6.70636
6.8312
6.95557
7.00201
7.03046
7.03885
7.0407
7.03821
7.0343
7.02968
7.0249
7.02013
7.0159
7.01291
7.01407
7.02157
7.04894
7.09415
7.21726
7.34093
7.74027
7.8622
8.74704
8.90042
7.92063
5.43396
5.22355
5.07788
6.02006
6.13045
6.55233
6.70392
6.85388
6.92354
6.9707
6.99435
7.00857
7.01649
7.02174
7.02557
7.02902
7.03269
7.0376
7.04501
7.05852
7.08126
7.12734
7.19581
7.3446
7.49516
7.91677
8.02661
8.97158
8.82272
8.62075
4.79347
5.28177
4.87671
5.86444
5.96252
6.39989
6.57482
6.74823
6.84048
6.90657
6.94613
6.97354
6.99275
7.00796
7.02106
7.03352
7.04645
7.06132
7.07999
7.10668
7.14534
7.21036
7.30147
7.4738
7.64785
8.08509
8.1828
9.17332
8.76501
9.26255
4.20799
5.32229
4.6957
5.71717
5.80368
6.25089
6.44571
6.64019
6.754
6.83887
6.89473
6.93595
6.96715
6.99309
7.01617
7.03839
7.0613
7.08688
7.11754
7.15803
7.21299
7.29683
7.40956
7.60306
7.79715
8.24436
8.33067
9.35489
8.72503
9.84919
3.67442
5.34735
4.53266
5.57808
5.65433
6.10671
6.31817
6.53121
6.66524
6.76844
6.84071
6.89617
6.93994
6.97722
7.01095
7.04357
7.07712
7.11404
7.15727
7.212
7.28339
7.38559
7.51862
7.73078
7.94167
8.39416
8.47036
9.51849
8.70054
10.3838
3.18973
5.35908
4.38574
5.44688
5.51454
5.96837
6.19349
6.42259
6.57532
6.69613
6.78467
6.8546
6.91136
6.9605
7.00543
7.04902
7.09377
7.14255
7.19877
7.26798
7.35566
7.47553
7.62734
7.85569
8.08038
8.53442
8.60216
9.66594
8.6894
10.8694
2.75095
5.35944
4.25343
5.32324
5.38416
5.83654
6.07268
6.31547
6.48525
6.62277
6.72724
6.81168
6.88169
6.94309
6.99966
7.0547
7.11109
7.17213
7.24161
7.32535
7.429
7.56564
7.7346
7.97674
8.21259
8.66529
8.7264
9.79876
8.68962
11.3089
2.35518
5.35023
4.13447
5.20687
5.26287
5.71165
5.95654
6.21078
6.39594
6.54912
6.66902
6.76783
6.85123
6.92515
6.9937
7.06054
7.12892
7.20248
7.28535
7.3835
7.50262
7.655
7.83943
8.09316
8.33789
8.78707
8.84336
9.91821
8.69941
11.7053
1.99965
5.33304
4.02776
5.09749
5.1503
5.59389
5.84562
6.10931
6.30818
6.47591
6.61057
6.7235
6.82025
6.90683
6.9876
7.06649
7.14708
7.23332
7.32958
7.44187
7.57581
7.74282
7.94107
8.20437
8.45605
8.90012
8.95331
10.0254
8.71717
12.0613
1.68166
5.30927
3.93237
4.99488
5.04605
5.48335
5.74031
6.01166
6.22266
6.40376
6.55243
6.67907
6.78904
6.88832
6.98141
7.07249
7.16542
7.26437
7.37387
7.49992
7.64794
7.8284
8.03889
8.30997
8.56701
9.00484
9.05646
10.1212
8.74149
12.3797
1.39862
5.28013
3.84745
4.89887
4.94972
5.37996
5.64086
5.91831
6.13993
6.33323
6.49509
6.63494
6.75788
6.86975
6.97519
7.0785
7.18378
7.29534
7.41785
7.55716
7.71844
7.9112
8.13242
8.40972
8.6708
9.10163
9.15299
10.2065
8.77114
12.6631
1.14808
5.2467
3.77221
4.80927
4.86091
5.28361
5.54738
5.82958
6.06045
6.2648
6.43897
6.59146
6.72701
6.8513
6.96897
7.08447
7.202
7.326
7.46116
7.61317
7.78685
7.99075
8.22133
8.50349
8.76754
9.19087
9.24307
10.2821
8.80505
12.9138
0.927686
5.20989
3.70592
4.72593
4.77926
5.19412
5.45992
5.74572
5.98456
6.19884
6.38445
6.54893
6.69667
6.83309
6.96282
7.09034
7.21994
7.35611
7.5035
7.66757
7.85276
8.0667
8.30537
8.59124
8.85739
9.27294
9.32685
10.3487
8.84232
13.1343
0.735216
5.17048
3.64788
4.64867
4.7044
5.1113
5.37842
5.66685
5.91253
6.13569
6.33183
6.50763
6.66706
6.81526
6.95678
7.09608
7.23748
7.38546
7.54459
7.72005
7.91587
8.1388
8.38441
8.673
8.94057
9.34817
9.40452
10.407
8.88214
13.3268
0.568569
5.12917
3.59745
4.5773
4.636
5.0349
5.3028
5.59304
5.84454
6.07559
6.2814
6.4678
6.63836
6.79793
6.95088
7.10164
7.2545
7.41389
7.58421
7.77034
7.97592
8.20684
8.45838
8.74888
9.01728
9.41692
9.47624
10.4577
8.92382
13.4935
0.425768
5.08654
3.55399
4.51164
4.57374
4.9647
5.23293
5.52429
5.78069
6.01872
6.23334
6.42962
6.61073
6.78118
6.94517
7.10701
7.27092
7.44122
7.62215
7.81825
8.03273
8.27073
8.52728
8.81899
9.08778
9.47949
9.54222
10.5014
8.96678
13.6362
0.304953
5.04309
3.51691
4.45146
4.51729
4.90044
5.16863
5.46056
5.72106
5.96521
6.18782
6.39326
6.5843
6.7651
6.93966
7.11215
7.28665
7.46735
7.65827
7.86361
8.08618
8.3304
8.59115
8.8835
9.1523
9.53622
9.60267
10.5386
9.01051
13.7568
0.204389
4.99926
3.48566
4.39655
4.46635
4.84185
5.10972
5.40174
5.66563
5.91513
6.14495
6.35884
6.55918
6.74977
6.9344
7.11703
7.30163
7.49216
7.69244
7.90631
8.13619
8.38585
8.65008
8.9426
9.21112
9.5874
9.65781
10.57
9.05458
13.8571
0.122454
4.95543
3.45971
4.34665
4.42061
4.78868
5.056
5.34773
5.61439
5.86852
6.10481
6.32644
6.53543
6.73524
6.92939
7.12165
7.31579
7.51559
7.72458
7.94627
8.18272
8.43711
8.70419
8.99648
9.26448
9.63335
9.7079
10.5961
9.09861
13.9388
0.0576406
4.91189
3.43859
4.30152
4.37976
4.74066
5.00724
5.29837
5.56725
5.82537
6.06744
6.29614
6.51313
6.72155
6.92466
7.126
7.32912
7.53757
7.75464
7.98347
8.22577
8.48424
8.75362
9.04537
9.31267
9.67435
9.75317
10.6173
9.14231
14.0033
0.00855425
4.86891
3.42183
4.26091
4.34353
4.69752
4.96323
5.2535
5.52413
5.78565
6.03285
6.26795
6.49231
6.70874
6.92022
7.13006
7.34157
7.55808
7.78258
8.01788
8.2654
8.52736
8.79854
9.08949
9.35594
9.71072
9.79388
10.634
9.18542
14.0521
-0.0260927
4.8267
3.40904
4.22458
4.31162
4.65899
4.92373
5.21295
5.48491
5.7493
6.00102
6.24188
6.47299
6.69682
6.91608
7.13383
7.35315
7.57709
7.80839
8.04954
8.30165
8.56656
8.83914
9.12908
9.39457
9.74273
9.83028
10.6469
9.22771
14.0864
-0.0474876
4.78544
3.39981
4.19225
4.28375
4.62481
4.88851
5.17652
5.44944
5.71623
5.97191
6.21794
6.45518
6.6858
6.91224
7.13731
7.36383
7.5946
7.83209
8.07848
8.33462
8.60199
8.87559
9.16435
9.42882
9.77066
9.86264
10.6561
9.26902
14.1074
-0.0567419
4.74526
3.39382
4.16371
4.25966
4.59472
4.85734
5.14401
5.41759
5.68635
5.94545
6.19609
6.43887
6.67567
6.90871
7.1405
7.37363
7.61064
7.85372
8.10477
8.36441
8.6338
8.9081
9.19556
9.45895
9.79478
9.89119
10.662
9.30922
14.1162
-0.0548956
4.70627
3.39074
4.13869
4.23909
4.56847
4.82998
5.11523
5.38919
5.65953
5.92159
6.17628
6.42403
6.66645
6.90548
7.14341
7.38256
7.62521
7.87331
8.12848
8.39112
8.66215
8.93687
9.22294
9.48522
9.81536
9.91618
10.665
9.34821
14.1139
-0.0425967
4.66862
3.39028
4.11698
4.2218
4.5458
4.8062
5.08998
5.36408
5.63566
5.90022
6.15846
6.41063
6.6581
6.90256
7.14604
7.39064
7.63837
7.89093
8.1497
8.4149
8.68721
8.96211
9.24671
9.50787
9.83263
9.93784
10.6654
9.38583
14.1012
-0.0206838
4.63208
3.39217
4.09834
4.20755
4.52649
4.78579
5.06804
5.34209
5.6146
5.88125
6.14257
6.39864
6.6506
6.89993
7.14841
7.39789
7.65014
7.90664
8.16853
8.43586
8.70914
8.98401
9.2671
9.52716
9.84684
9.9564
10.6634
9.42232
14.0789
0.00989463
4.59691
3.39621
4.08258
4.19613
4.5103
4.76853
5.04923
5.32305
5.59621
5.86459
6.12853
6.388
6.64394
6.89759
7.15052
7.40433
7.66058
7.92052
8.18507
8.45416
8.72812
9.00278
9.28433
9.5433
9.85822
9.97208
10.6593
9.45741
14.0479
0.0485695
4.56312
3.40217
4.06948
4.18732
4.49702
4.7542
5.03334
5.30679
5.58035
5.85011
6.11627
6.37867
6.63808
6.89553
7.15238
7.41001
7.66975
7.93265
8.19944
8.46994
8.74432
9.01862
9.29861
9.55652
9.86696
9.98507
10.6532
9.49112
14.0088
0.0947875
4.53066
3.40985
4.05886
4.18092
4.48644
4.7426
5.0202
5.29314
5.56689
5.8377
6.10569
6.37059
6.63299
6.89375
7.154
7.41495
7.6777
7.94311
8.21176
8.48333
8.75792
9.03171
9.31015
9.56704
9.87327
9.99558
10.6454
9.52349
13.9622
0.148047
4.4995
3.41909
4.05053
4.17677
4.47835
4.73355
5.00961
5.28194
5.55567
5.82726
6.09671
6.36369
6.62863
6.89222
7.15541
7.41919
7.68449
7.952
8.22213
8.49449
8.76907
9.04225
9.31914
9.57504
9.87734
10.0038
10.6361
9.55455
13.9085
0.207913
4.46958
3.42976
4.04433
4.17468
4.47259
4.72686
5.00139
5.27302
5.54657
5.81866
6.08925
6.35792
6.62497
6.89094
7.1566
7.42276
7.69019
7.9594
8.23067
8.50355
8.77794
9.05041
9.32577
9.58073
9.87933
10.0099
10.6253
9.58436
13.8483
0.274012
4.44084
3.44172
4.0401
4.17449
4.46896
4.72235
4.99539
5.26624
5.53944
5.8118
6.08321
6.35321
6.62197
6.8899
7.15759
7.42571
7.69486
7.9654
8.2375
8.51064
8.78468
9.05637
9.33022
9.58427
9.87942
10.014
10.6132
9.61299
13.7819
0.346028
4.4132
3.45486
4.03768
4.17607
4.46731
4.71987
4.99144
5.26143
5.53414
5.80656
6.07851
6.3495
6.61959
6.88907
7.1584
7.42807
7.69855
7.97009
8.24273
8.51592
8.78946
9.06028
9.33264
9.58584
9.87775
10.0162
10.6
9.64051
13.7095
0.423699
4.38659
3.46909
4.03694
4.17926
4.46749
4.71925
4.98937
5.25846
5.53056
5.80283
6.07506
6.34672
6.6178
6.88846
7.15903
7.42988
7.70134
7.97355
8.24646
8.5195
8.79241
9.0623
9.3332
9.58558
9.87447
10.0169
10.5856
9.66701
13.6315
0.506809
4.36089
3.48433
4.03774
4.18394
4.46934
4.72036
4.98906
5.25719
5.52856
5.8005
6.07278
6.34482
6.61656
6.88804
7.1595
7.43118
7.70329
7.97587
8.24882
8.52151
8.79367
9.06259
9.33204
9.58366
9.86969
10.016
10.5703
9.6926
13.5482
0.595191
4.33601
3.50051
4.03996
4.19
4.47273
4.72304
4.99036
5.25749
5.52803
5.79948
6.07157
6.34373
6.61582
6.88781
7.15982
7.432
7.70445
7.97714
8.24989
8.52206
8.79338
9.06127
9.32931
9.5802
9.86355
10.0136
10.554
9.71739
13.4595
0.688717
4.31181
3.51757
4.04348
4.19732
4.47753
4.72718
4.99314
5.25923
5.52885
5.79966
6.07137
6.3434
6.61555
6.88774
7.16
7.43237
7.70488
7.97743
8.24977
8.52128
8.79166
9.05848
9.32514
9.57533
9.85616
10.01
10.5369
9.74149
13.3658
0.787298
4.28819
3.53546
4.04819
4.2058
4.48363
4.73265
4.99728
5.2623
5.53092
5.80094
6.07209
6.34376
6.61573
6.88784
7.16004
7.43233
7.70464
7.97681
8.24857
8.51928
8.78862
9.05435
9.31965
9.56918
9.84762
10.0052
10.5189
9.76504
13.267
0.890876
4.26499
3.55415
4.05398
4.21533
4.49091
4.73933
5.00265
5.26658
5.53413
5.80325
6.07366
6.34477
6.61631
6.88807
7.15997
7.43191
7.70378
7.97537
8.24636
8.51614
8.78438
9.04898
9.31295
9.56186
9.83803
9.99934
10.5002
9.78817
13.1633
0.999422
4.24208
3.57359
4.06075
4.22583
4.49927
4.74712
5.00916
5.27197
5.53839
5.8065
6.07602
6.34637
6.61725
6.88844
7.15979
7.43114
7.70235
7.97316
8.24323
8.51197
8.77905
9.0425
9.30516
9.55348
9.82749
9.9925
10.4807
9.81103
13.0546
1.11293
4.21932
3.59376
4.06841
4.23721
4.50859
4.75591
5.01669
5.27837
5.5436
5.8106
6.07909
6.34851
6.61854
6.88894
7.1595
7.43005
7.70039
7.97025
8.23927
8.50686
8.77272
9.035
9.29638
9.54414
9.81608
9.9848
10.4605
9.83375
12.941
1.23141
4.19655
3.61463
4.07685
4.24937
4.51879
4.7656
5.02516
5.28568
5.54967
5.81547
6.08281
6.35114
6.62014
6.88954
7.15912
7.42866
7.69795
7.96669
8.23453
8.5009
8.76549
9.02659
9.28671
9.53394
9.8039
9.97633
10.4396
9.8565
12.8224
1.35488
4.17362
3.63617
4.08598
4.26224
4.52977
4.77611
5.03446
5.29382
5.55654
5.82106
6.08713
6.35423
6.62203
6.89024
7.15865
7.427
7.69508
7.96256
8.2291
8.49416
8.75744
9.01735
9.27623
9.52297
9.79103
9.96718
10.4181
9.87943
12.6989
1.48335
4.15037
3.65835
4.09571
4.27573
4.54143
4.78733
5.0445
5.3027
5.56411
5.82729
6.09199
6.35772
6.62417
6.89104
7.15809
7.42509
7.69179
7.95789
8.22304
8.48672
8.74865
9.00737
9.26505
9.51133
9.77755
9.95745
10.3959
9.90269
12.5704
1.61683
4.12666
3.68113
4.10593
4.28974
4.55369
4.79918
5.05522
5.31225
5.57233
5.8341
6.09735
6.3616
6.62655
6.89191
7.15746
7.42295
7.68814
7.95273
8.21639
8.47864
8.73921
8.99673
9.25325
9.4991
9.76355
9.94725
10.3731
9.92644
12.437
1.75525
4.10234
3.70443
4.11655
4.3042
4.56645
4.81158
5.06651
5.3224
5.58112
5.84145
6.10315
6.36581
6.62914
6.89286
7.15676
7.4206
7.68415
7.94712
8.20922
8.46998
8.72917
8.98552
9.24091
9.48638
9.74912
9.93666
10.3498
9.95081
12.2986
1.89851
4.07729
3.7282
4.12745
4.319
4.57963
4.82445
5.07832
5.33308
5.59044
5.84927
6.10937
6.37034
6.63193
6.89388
7.15599
7.41805
7.67984
7.9411
8.20157
8.46081
8.71861
8.9738
9.22811
9.47325
9.73436
9.9258
10.3261
9.97593
12.1554
2.04636
4.05142
3.75232
4.13854
4.33404
4.59313
4.8377
5.09058
5.34423
5.60023
5.85754
6.11597
6.37517
6.6349
6.89496
7.15515
7.41531
7.67523
7.9347
8.19347
8.45116
8.70757
8.96163
9.21492
9.45981
9.71936
9.91477
10.302
10.0019
12.0076
2.19833
4.02466
3.77663
4.14969
4.34923
4.60688
4.85127
5.10322
5.35581
5.61046
5.86622
6.12292
6.38026
6.63804
6.89609
7.15425
7.41239
7.67035
7.92794
8.18496
8.44107
8.69611
8.94909
9.20143
9.44613
9.70423
9.90369
10.2777
10.0288
11.8557
2.35367
3.99706
3.80095
4.16079
4.36444
4.62077
4.8651
5.11619
5.36777
5.62109
5.87528
6.13021
6.38562
6.64135
6.89727
7.15329
7.40929
7.66519
7.92083
8.17605
8.43058
8.68426
8.93621
9.18769
9.43231
9.68908
9.89268
10.2534
10.0565
11.7005
2.51108
3.96876
3.825
4.1717
4.37957
4.63474
4.87911
5.12947
5.3801
5.63211
5.88473
6.13784
6.39124
6.64482
6.89851
7.15226
7.40602
7.65976
7.91337
8.16676
8.41969
8.67205
8.92303
9.17376
9.41842
9.67402
9.88186
10.2294
10.085
11.5432
2.66854
3.94011
3.84845
4.18231
4.39449
4.64871
4.89327
5.14301
5.39277
5.64351
5.89455
6.14579
6.39711
6.64844
6.89979
7.15116
7.40258
7.65405
7.90557
8.15708
8.40841
8.65948
8.90958
9.15968
9.40453
9.65917
9.87136
10.206
10.1138
11.3859
2.82296
3.91164
3.87092
4.19245
4.40908
4.66258
4.90752
5.15678
5.40577
5.65528
5.90473
6.15407
6.40323
6.65223
6.90112
7.14999
7.39895
7.64808
7.89743
8.14702
8.39675
8.64659
8.8959
9.14552
9.39075
9.64466
9.86133
10.1836
10.1424
11.2317
2.96979
3.88437
3.89206
4.202
4.42329
4.67637
4.92191
5.17087
5.41918
5.66751
5.91536
6.16275
6.40966
6.6562
6.9025
7.14874
7.39511
7.64178
7.88887
8.1365
8.38463
8.63327
8.8819
9.1312
9.37704
9.63054
9.85191
10.1626
10.1698
11.085
3.09946
3.86262
3.91088
4.21124
4.43733
4.69049
4.93692
5.18577
5.4335
5.68066
5.92685
6.17215
6.41664
6.66051
6.90399
7.14736
7.39091
7.6349
7.87957
8.1251
8.37157
8.61903
8.86708
9.11627
9.36301
9.61658
9.8428
10.1438
10.1918
10.9556
3.18776
3.86337
3.92161
4.22309
4.45139
4.70613
4.95344
5.20245
5.44961
5.69552
5.93988
6.18284
6.42458
6.66541
6.90567
7.14577
7.3861
7.62705
7.86897
8.11215
8.35678
8.603
8.85048
9.09983
9.34746
9.60262
9.83106
10.1333
10.1912
10.8675
72.1484
-40.5842
42.86
5.46019
18.1449
14.1822
15.3002
14.9056
14.9713
14.9103
14.8905
14.8633
14.8412
14.8199
14.8
14.7808
14.7623
14.7437
14.7255
14.7053
14.6889
14.6585
14.6605
14.5708
14.7015
14.2766
15.1963
13.0332
15.6837
14.072
62.3931
-24.388
31.9555
10.0779
16.7114
14.6276
15.1951
14.9521
14.9716
14.9203
14.8956
14.8679
14.8443
14.8222
14.8015
14.7816
14.7624
14.7433
14.7245
14.704
14.6861
14.6577
14.6515
14.5808
14.6566
14.3665
14.9253
13.3043
15.7362
14.0912
56.5382
-14.5829
26.7389
11.7671
16.3158
14.7635
15.1767
14.9749
14.9777
14.9283
14.9007
14.872
14.8473
14.8242
14.8028
14.7823
14.7626
14.743
14.7238
14.7029
14.6842
14.6562
14.6466
14.5816
14.6369
14.3886
14.7829
13.5335
15.7901
14.0833
51.6982
-7.77675
23.7612
12.6581
16.0956
14.8617
15.1667
14.9957
14.984
14.936
14.9056
14.8757
14.8499
14.826
14.8039
14.7829
14.7627
14.7427
14.7231
14.702
14.6827
14.6548
14.6427
14.5807
14.6227
14.3943
14.7148
13.7395
15.8236
14.07
47.3775
-2.71888
21.9263
13.2061
15.9665
14.9332
15.1638
15.0145
14.9909
14.9433
14.9102
14.8793
14.8523
14.8276
14.8049
14.7833
14.7627
14.7424
14.7225
14.7012
14.6814
14.6537
14.6395
14.5794
14.6126
14.3996
14.6947
13.9269
15.8373
14.0553
43.5746
1.0226
20.7954
13.5965
15.8797
14.997
15.163
15.0322
14.998
14.9503
14.9146
14.8825
14.8544
14.8289
14.8056
14.7836
14.7627
14.7422
14.722
14.7007
14.6805
14.653
14.6371
14.5791
14.6075
14.411
14.7096
14.0896
15.8366
14.0407
40.2287
3.74277
20.0921
13.9139
15.8189
15.0577
15.1649
15.0486
15.0051
14.9568
14.9186
14.8853
14.8561
14.8299
14.806
14.7837
14.7626
14.7419
14.7217
14.7004
14.68
14.653
14.6361
14.5811
14.6081
14.4315
14.748
14.2247
15.827
14.0272
37.2645
5.70849
19.6045
14.2024
15.7736
15.1177
15.1696
15.0637
15.0119
14.9626
14.922
14.8875
14.8573
14.8305
14.8061
14.7836
14.7623
14.7417
14.7215
14.7005
14.6802
14.6539
14.637
14.5862
14.6152
14.4617
14.7993
14.3331
15.8126
14.0158
34.6194
7.13321
19.1964
14.4713
15.738
15.1759
15.1771
15.0776
15.0183
14.9675
14.9247
14.889
14.8578
14.8305
14.8058
14.7832
14.762
14.7415
14.7217
14.7011
14.6813
14.6562
14.6401
14.5952
14.6286
14.5002
14.855
14.4178
15.797
14.0068
32.2429
8.17808
18.7918
14.7125
15.7066
15.2295
15.1865
15.0902
15.0238
14.9714
14.9264
14.8897
14.8577
14.8299
14.8051
14.7825
14.7615
14.7414
14.7221
14.7022
14.6833
14.66
14.6459
14.6081
14.6478
14.5447
14.9093
14.483
15.7829
14.0007
30.0933
8.96177
18.3556
14.9127
15.6731
15.2749
15.1959
15.1009
15.028
14.9737
14.9269
14.8892
14.8566
14.8286
14.8038
14.7815
14.7609
14.7414
14.7228
14.704
14.6864
14.6656
14.6545
14.6249
14.6718
14.5924
14.9584
14.5333
15.7717
13.9976
28.1365
9.56929
17.8791
15.0602
15.6311
15.3081
15.2025
15.1087
15.0303
14.9743
14.9259
14.8875
14.8545
14.8265
14.8019
14.78
14.7601
14.7415
14.724
14.7066
14.6908
14.673
14.6658
14.6452
14.6995
14.641
15.0004
14.5729
15.7643
13.9978
26.3451
10.0594
17.3691
15.148
15.5744
15.3251
15.2035
15.1121
15.0297
14.9725
14.923
14.8841
14.8511
14.8234
14.7993
14.7781
14.7591
14.7417
14.7255
14.71
14.6965
14.6824
14.6798
14.6684
14.7294
14.6887
15.0352
14.6059
15.7608
14.0015
24.6972
10.4708
16.8398
15.1748
15.4982
15.3228
15.1956
15.1094
15.0253
14.9676
14.9177
14.8789
14.8462
14.8191
14.7959
14.7757
14.758
14.742
14.7275
14.7142
14.7035
14.6937
14.6961
14.6937
14.7605
14.734
15.0632
14.6355
15.7611
14.0091
23.1753
10.8278
16.3074
15.1442
15.3997
15.2989
15.1763
15.0989
15.0159
14.9591
14.9097
14.8715
14.8397
14.8136
14.7915
14.7727
14.7565
14.7423
14.73
14.7193
14.7118
14.7066
14.7144
14.7206
14.7918
14.7764
15.0857
14.6642
15.7646
14.0208
21.7659
11.1446
15.787
15.0637
15.278
15.2522
15.1433
15.0791
15.0002
14.9461
14.8983
14.8616
14.8312
14.8066
14.7861
14.7691
14.7548
14.7428
14.7329
14.7252
14.7213
14.721
14.7341
14.7483
14.8226
14.8158
15.1042
14.6938
15.771
14.0371
20.4583
11.4285
15.2904
14.9428
15.1345
15.1827
15.0954
15.0484
14.9774
14.9279
14.8832
14.8488
14.8205
14.798
14.7796
14.7648
14.7528
14.7433
14.7363
14.7319
14.732
14.7367
14.7551
14.7765
14.8525
14.8523
15.1202
14.7255
15.7799
14.0585
19.244
11.6831
14.8259
14.7916
14.972
15.0917
15.032
15.0062
14.9464
14.9039
14.8638
14.8329
14.8075
14.7876
14.7719
14.7596
14.7504
14.7438
14.74
14.7394
14.7436
14.7535
14.7769
14.8047
14.8814
14.8866
15.1351
14.7603
15.7908
14.0855
18.1162
11.9096
14.3979
14.62
14.7945
14.9812
14.9534
14.952
14.9068
14.8735
14.8397
14.8135
14.7919
14.7754
14.7628
14.7537
14.7476
14.7443
14.7441
14.7474
14.7561
14.7711
14.7994
14.8328
14.9093
14.9193
15.1501
14.7985
15.8037
14.1187
17.0694
12.1086
14.0082
14.4365
14.6064
14.8542
14.8606
14.8859
14.8582
14.8364
14.8107
14.7903
14.7736
14.7612
14.7524
14.7469
14.7444
14.7448
14.7485
14.7561
14.7694
14.7895
14.8223
14.8607
14.9366
14.9513
15.1663
14.8405
15.8184
14.1588
16.0989
12.2803
13.6561
14.2481
14.4124
14.7138
14.7552
14.8087
14.8008
14.7925
14.7765
14.7634
14.7524
14.7449
14.7405
14.7392
14.7407
14.7453
14.7532
14.7654
14.7834
14.8085
14.8456
14.8886
14.9636
14.9834
15.1843
14.8865
15.8349
14.2064
15.2006
12.4254
13.3396
14.0601
14.2165
14.5635
14.6391
14.7212
14.7349
14.7419
14.7371
14.7325
14.7283
14.7265
14.7272
14.7305
14.7366
14.7457
14.7582
14.7751
14.798
14.8281
14.8693
14.9165
14.9908
15.0162
15.2048
14.9367
15.8535
14.2622
14.3707
12.545
13.0555
13.8761
14.0224
14.4067
14.5147
14.6249
14.6611
14.6848
14.6927
14.6977
14.7013
14.706
14.7124
14.721
14.7321
14.746
14.7635
14.7854
14.8132
14.8483
14.8936
14.9449
15.0187
15.0503
15.2284
14.991
15.8744
14.3269
13.6058
12.6407
12.8006
13.6987
13.8331
14.2465
14.3841
14.5213
14.5805
14.6218
14.6435
14.6592
14.6714
14.6834
14.6962
14.7106
14.7271
14.7464
14.7691
14.7962
14.8291
14.8692
14.9185
14.9738
15.0478
15.0864
15.2553
15.0498
15.8977
14.4011
12.9026
12.7144
12.5717
13.529
13.6507
14.0857
14.2496
14.412
14.4939
14.5535
14.5898
14.6171
14.6389
14.6589
14.6786
14.6994
14.7218
14.7468
14.775
14.8076
14.8458
14.8909
14.9443
15.0038
15.0786
15.125
15.286
15.1132
15.9239
14.4855
12.2577
12.7682
12.3657
13.3678
13.4766
13.9265
14.1133
14.2987
14.4028
14.4806
14.5322
14.5718
14.6038
14.6325
14.6598
14.6874
14.7162
14.7472
14.7813
14.8196
14.8632
14.9135
14.9712
15.0352
15.1114
15.1664
15.3208
15.1814
15.9533
14.5808
11.668
12.8044
12.18
13.215
13.3117
13.7709
13.9771
14.1831
14.3081
14.4041
14.4712
14.5237
14.5665
14.6044
14.6399
14.6748
14.7104
14.7478
14.788
14.8323
14.8815
14.9372
14.9994
15.0683
15.1468
15.211
15.3599
15.2546
15.986
14.6874
11.1303
12.8252
12.0123
13.0706
13.1565
13.6202
13.8426
14.0665
14.2111
14.3248
14.4074
14.4732
14.5273
14.5749
14.619
14.6617
14.7045
14.7487
14.7953
14.8458
14.9009
14.9621
15.0293
15.1034
15.185
15.2591
15.4035
15.3329
16.0225
14.806
10.6417
12.8326
11.861
12.9342
13.011
13.4755
13.7109
13.9503
14.113
14.2435
14.3415
14.4207
14.4864
14.5443
14.5974
14.6482
14.6986
14.7499
14.8033
14.8602
14.9215
14.9885
15.061
15.1408
15.2264
15.3109
15.452
15.4167
16.063
14.9369
10.1992
12.8288
11.7243
12.8055
12.875
13.3375
13.5833
13.8357
14.0148
14.1613
14.2743
14.3668
14.4444
14.5127
14.5752
14.6346
14.6928
14.7515
14.812
14.8757
14.9434
15.0166
15.0948
15.1808
15.2712
15.3668
15.5055
15.5059
16.1078
15.0807
9.79972
12.8155
11.6011
12.6842
12.7483
13.2065
13.4605
13.7237
13.9175
14.0788
14.2062
14.3119
14.4015
14.4805
14.5526
14.6209
14.6873
14.7538
14.8216
14.8923
14.9668
15.0466
15.131
15.2238
15.3198
15.4268
15.5643
15.6008
16.157
15.2377
9.44062
12.7942
11.4902
12.57
12.6304
13.0828
13.343
13.6151
13.8218
13.9968
14.1381
14.2567
14.3581
14.4479
14.53
14.6073
14.6823
14.7567
14.8322
14.9103
14.9918
15.0785
15.1696
15.2698
15.3722
15.4912
15.6284
15.7013
16.211
15.4079
9.11914
12.7664
11.3907
12.4626
12.521
12.9665
13.2314
13.5104
13.7285
13.9161
14.0704
14.2015
14.3147
14.4153
14.5074
14.5941
14.6778
14.7605
14.844
14.9297
15.0186
15.1127
15.211
15.3191
15.4287
15.56
15.6982
15.8076
16.2698
15.5915
8.83269
12.7332
11.3018
12.362
12.4196
12.8575
13.1257
13.4102
13.6383
13.8372
14.0037
14.1469
14.2716
14.383
14.4852
14.5814
14.674
14.7653
14.857
14.9506
15.0474
15.1492
15.2553
15.3718
15.4893
15.6334
15.7735
15.9194
16.3336
15.7883
8.57879
12.6958
11.2226
12.2679
12.3259
12.7557
13.0262
13.3149
13.5515
13.7607
13.9385
14.0932
14.2291
14.3513
14.4636
14.5694
14.6712
14.7712
14.8713
14.9733
15.0781
15.1881
15.3025
15.4279
15.5542
15.7113
15.8545
16.0367
16.4024
15.9981
8.35507
12.655
11.1524
12.1802
12.2394
12.6609
12.9329
13.2246
13.4685
13.6869
13.8753
14.0409
14.1877
14.3204
14.4428
14.5582
14.6693
14.7783
14.8872
14.9976
15.111
15.2296
15.3527
15.4876
15.6233
15.7938
15.9411
16.1593
16.4763
16.2203
8.15931
12.6116
11.0905
12.0986
12.1599
12.573
12.8458
13.1395
13.3897
13.6162
13.8143
13.9903
14.1475
14.2906
14.423
14.5481
14.6686
14.7867
14.9045
15.0238
15.146
15.2736
15.406
15.5509
15.6965
15.8807
16.0332
16.2868
16.5551
16.4544
7.98939
12.5663
11.0362
12.0229
12.0869
12.4916
12.7647
13.0597
13.3151
13.5489
13.7559
13.9416
14.1089
14.262
14.4044
14.5392
14.6691
14.7965
14.9234
15.0518
15.1832
15.3201
15.4623
15.6176
15.7738
15.9718
16.1304
16.4188
16.6388
16.6994
7.84332
12.5197
10.9889
11.9531
12.0202
12.4165
12.6896
12.9853
13.245
13.4852
13.7004
13.8951
14.072
14.2349
14.3871
14.5315
14.6709
14.8077
14.944
15.0818
15.2226
15.3693
15.5215
15.6877
15.855
16.0671
16.2327
16.555
16.7271
16.9541
7.71923
12.4723
10.948
11.8887
11.9594
12.3475
12.6202
12.916
13.1795
13.4253
13.6478
13.8511
14.0372
14.2095
14.3712
14.5252
14.6742
14.8204
14.9662
15.1135
15.2641
15.4208
15.5836
15.761
15.9398
16.166
16.3395
16.6946
16.8197
17.2173
7.61537
12.4245
10.9129
11.8297
11.9041
12.2844
12.5564
12.852
13.1184
13.3691
13.5984
13.8096
14.0044
14.1859
14.3569
14.5204
14.6788
14.8346
14.99
15.1471
15.3077
15.4747
15.6483
15.8373
16.028
16.2683
16.4504
16.8371
16.9162
17.4874
7.53011
12.3767
10.8832
11.7757
11.8541
12.2267
12.498
12.7929
13.0618
13.3169
13.5523
13.7708
13.9738
14.1641
14.3443
14.5171
14.6849
14.8503
15.0154
15.1824
15.3532
15.5308
15.7155
15.9162
16.1191
16.3736
16.5648
16.9817
17.0161
17.7627
7.46193
12.3291
10.8582
11.7265
11.8091
12.1743
12.4446
12.7388
13.0097
13.2685
13.5094
13.7348
13.9456
14.1443
14.3333
14.5152
14.6925
14.8674
15.0422
15.2192
15.4004
15.5888
15.7848
15.9974
16.2127
16.4812
16.682
17.1276
17.1188
18.0413
7.40943
12.2821
10.8376
11.6819
11.7687
12.1269
12.3962
12.6893
12.9618
13.2239
13.4699
13.7015
13.9197
14.1265
14.3241
14.5149
14.7014
14.8859
15.0705
15.2576
15.4492
15.6485
15.8559
16.0805
16.3083
16.5905
16.8014
17.2739
17.2236
18.3211
7.37131
12.2358
10.8209
11.6415
11.7327
12.0842
12.3524
12.6444
12.9182
13.1831
13.4336
13.6711
13.8961
14.1106
14.3165
14.5161
14.7117
14.9056
15.0999
15.2971
15.4993
15.7095
15.9285
16.1651
16.4054
16.701
16.9221
17.4196
17.3299
18.6
7.34637
12.1903
10.8077
11.6051
11.7008
12.0458
12.313
12.6038
12.8785
13.1459
13.4004
13.6433
13.8749
14.0967
14.3106
14.5187
14.7233
14.9265
15.1305
15.3378
15.5504
15.7716
16.002
16.2505
16.5032
16.8118
17.0433
17.5639
17.4368
18.8759
7.3335
12.146
10.7978
11.5725
11.6726
12.0116
12.2777
12.5672
12.8427
13.1122
13.3704
13.6183
13.8559
14.0847
14.3063
14.5227
14.736
14.9483
15.1619
15.3792
15.6022
15.8343
16.0761
16.3363
16.6011
16.9222
17.1641
17.7058
17.5436
19.1464
7.33164
12.1027
10.7906
11.5433
11.6479
11.9813
12.2464
12.5345
12.8106
13.0819
13.3434
13.5959
13.8392
14.0746
14.3035
14.5279
14.7496
14.9709
15.194
15.421
15.6544
15.8971
16.1501
16.4218
16.6985
17.0315
17.2835
17.8441
17.6494
19.4094
7.34014
12.0607
10.786
11.5174
11.6265
11.9546
12.2186
12.5055
12.7819
13.0548
13.3193
13.576
13.8246
14.0662
14.3021
14.5342
14.7642
14.9942
15.2264
15.4631
15.7065
15.9598
16.2237
16.5065
16.7945
17.1388
17.4005
17.978
17.7533
19.6628
7.35815
12.0198
10.7837
11.4946
11.6081
11.9312
12.1943
12.4798
12.7565
13.0307
13.2979
13.5584
13.8119
14.0594
14.302
14.5414
14.7793
15.0178
15.2589
15.505
15.7582
16.0217
16.2961
16.5896
16.8885
17.2432
17.5144
18.1065
17.8544
19.9045
7.38471
11.9801
10.7834
11.4745
11.5925
11.9109
12.1731
12.4573
12.7341
13.0094
13.2791
13.543
13.8012
14.0541
14.303
14.5494
14.7949
15.0415
15.2913
15.5464
15.8091
16.0823
16.3669
16.6705
16.9797
17.344
17.6241
18.2287
17.9521
20.1327
7.41926
11.9417
10.785
11.457
11.5794
11.8935
12.1548
12.4378
12.7146
12.9909
13.2626
13.5298
13.7921
14.0502
14.305
14.558
14.8107
15.0651
15.3232
15.587
15.8587
16.1413
16.4354
16.7485
17.0673
17.4404
17.7288
18.3438
18.0455
20.3456
7.46122
11.9046
10.7881
11.4419
11.5686
11.8786
12.1392
12.4209
12.6977
12.9748
13.2483
13.5184
13.7845
14.0474
14.3077
14.5669
14.8266
15.0883
15.3542
15.6263
15.9067
16.198
16.5011
16.8231
17.1508
17.5316
17.8278
18.4511
18.134
20.5417
7.5101
11.8686
10.7927
11.4289
11.5599
11.8662
12.126
12.4066
12.6832
12.9609
13.2361
13.5087
13.7784
14.0455
14.3111
14.5761
14.8421
15.1109
15.3842
15.664
15.9525
16.2521
16.5635
16.8936
17.2293
17.617
17.9201
18.5497
18.2168
20.7198
7.56546
11.8338
10.7986
11.418
11.5532
11.856
12.1152
12.3945
12.6709
12.9491
13.2256
13.5005
13.7734
14.0445
14.3148
14.5852
14.8572
15.1325
15.4126
15.6998
15.9957
16.3029
16.622
16.9594
17.3023
17.6959
18.0053
18.6393
18.2936
20.8787
7.62692
11.8
10.8057
11.4089
11.5483
11.8478
12.1063
12.3845
12.6606
12.9391
13.2168
13.4937
13.7693
14.0441
14.3187
14.594
14.8716
15.1528
15.4394
15.7332
16.036
16.3501
16.6761
17.02
17.3693
17.7677
18.0826
18.7192
18.3637
21.0175
7.69416
11.7672
10.8137
11.4014
11.5449
11.8414
12.0993
12.3764
12.6522
12.9308
13.2095
13.488
13.7661
14.0441
14.3225
14.6024
14.885
15.1716
15.464
15.7639
16.0729
16.3933
16.7254
17.075
17.4297
17.8321
18.1517
18.7891
18.4269
21.1355
7.76692
11.7354
10.8228
11.3955
11.543
11.8366
12.094
12.37
12.6453
12.924
13.2034
13.4833
13.7636
14.0443
14.3262
14.6101
14.8971
15.1887
15.4863
15.7916
16.1062
16.432
16.7695
17.1238
17.4832
17.8885
18.2122
18.8488
18.4828
21.2321
7.84498
11.7043
10.8327
11.391
11.5424
11.8333
12.0901
12.365
12.6398
12.9184
13.1983
13.4794
13.7614
14.0445
14.3294
14.6168
14.9078
15.2037
15.5059
15.816
16.1354
16.466
16.8079
17.1663
17.5293
17.9367
18.2637
18.898
18.5314
21.3071
7.92817
11.6739
10.8434
11.3877
11.543
11.8313
12.0876
12.3614
12.6356
12.914
13.1941
13.4761
13.7595
14.0446
14.332
14.6224
14.9168
15.2164
15.5226
15.8368
16.1603
16.4948
16.8405
17.202
17.5679
17.9764
18.3061
18.9366
18.5724
21.3604
8.01638
11.6441
10.8548
11.3855
11.5446
11.8305
12.0863
12.359
12.6325
12.9104
13.1906
13.4731
13.7576
14.0443
14.3337
14.6266
14.9238
15.2266
15.5361
15.8537
16.1806
16.5183
16.8669
17.2307
17.5986
18.0075
18.3393
18.9648
18.6059
21.392
8.10952
11.6147
10.8669
11.3844
11.5472
11.8307
12.086
12.3575
12.6303
12.9077
13.1877
13.4704
13.7556
14.0435
14.3345
14.6293
14.9288
15.2341
15.5463
15.8666
16.1961
16.5362
16.8869
17.2523
17.6215
18.0299
18.3633
18.9826
18.632
21.4023
8.20753
11.5856
10.8796
11.3841
11.5507
11.8319
12.0866
12.3569
12.6288
12.9055
13.1851
13.4678
13.7533
14.0419
14.334
14.6303
14.9315
15.2387
15.5529
15.8751
16.2066
16.5484
16.9005
17.2666
17.6364
18.0437
18.3781
18.9901
18.6509
21.3916
8.31039
11.5568
10.893
11.3847
11.5548
11.8338
12.0879
12.3571
12.628
12.9037
13.1828
13.4651
13.7506
14.0395
14.3322
14.6294
14.9317
15.2402
15.5557
15.8793
16.2119
16.5547
16.9075
17.2737
17.6434
18.049
18.3839
18.9876
18.6628
21.3605
8.41811
11.5279
10.9069
11.3859
11.5597
11.8365
12.09
12.3578
12.6276
12.9023
13.1805
13.4622
13.7473
14.0361
14.329
14.6265
14.9294
15.2385
15.5547
15.8789
16.2121
16.5551
16.9079
17.2735
17.6425
18.0458
18.381
18.9754
18.6679
21.3095
8.5307
11.499
10.9214
11.3878
11.5651
11.8397
12.0925
12.359
12.6276
12.9011
13.1781
13.4589
13.7433
14.0315
14.3241
14.6214
14.9242
15.2334
15.5496
15.8739
16.2069
16.5496
16.9016
17.2661
17.6339
18.0344
18.3696
18.954
18.6668
21.2397
8.6482
11.4698
10.9365
11.3902
11.5709
11.8435
12.0956
12.3606
12.6278
12.8999
13.1756
13.4551
13.7384
14.0257
14.3174
14.6141
14.9163
15.2248
15.5405
15.8641
16.1963
16.538
16.8889
17.2517
17.6178
18.0151
18.3501
18.9237
18.6598
21.1517
8.77063
11.4402
10.952
11.393
11.5772
11.8476
12.0989
12.3625
12.6282
12.8987
13.1729
13.4508
13.7326
14.0185
14.3089
14.6043
14.9054
15.2128
15.5272
15.8496
16.1804
16.5205
16.8696
17.2303
17.5943
17.9881
18.3229
18.8851
18.6475
21.0467
8.89802
11.4101
10.9681
11.3962
11.5839
11.8521
12.1026
12.3645
12.6287
12.8974
13.1697
13.4459
13.7258
14.0099
14.2985
14.5922
14.8915
15.1971
15.5098
15.8303
16.1592
16.4972
16.844
17.2022
17.5638
17.9538
18.2883
18.8386
18.6303
20.9257
9.03032
11.3794
10.9847
11.3997
11.5907
11.8568
12.1064
12.3667
12.6292
12.8959
13.1662
13.4401
13.7179
13.9998
14.2861
14.5775
14.8745
15.1778
15.4882
15.8062
16.1326
16.468
16.8122
17.1674
17.5265
17.9126
18.2469
18.7848
18.6088
20.7899
9.16744
11.3479
11.0016
11.4034
11.5978
11.8617
12.1104
12.3689
12.6295
12.8942
13.1621
13.4336
13.7088
13.988
14.2716
14.5602
14.8544
15.1549
15.4623
15.7774
16.1008
16.4331
16.7743
17.1264
17.4826
17.8648
18.1991
18.7244
18.5836
20.6406
9.30915
11.3157
11.0189
11.4072
11.605
11.8667
12.1144
12.3712
12.6298
12.8921
13.1576
13.4263
13.6986
13.9747
14.2551
14.5404
14.8312
15.1283
15.4322
15.7438
16.0637
16.3926
16.7304
17.0791
17.4325
17.8107
18.1454
18.6577
18.5553
20.4793
9.45502
11.2825
11.0364
11.411
11.6122
11.8717
12.1185
12.3734
12.6299
12.8898
13.1524
13.4181
13.6871
13.9597
14.2365
14.518
14.8049
15.098
15.398
15.7056
16.0215
16.3466
16.6807
17.0259
17.3764
17.7508
18.086
18.5855
18.5244
20.3077
9.60431
11.2486
11.0539
11.4147
11.6193
11.8768
12.1225
12.3756
12.6299
12.8871
13.1468
13.4091
13.6744
13.9432
14.2158
14.493
14.7755
15.0641
15.3596
15.6627
15.9743
16.2952
16.6254
16.9668
17.3144
17.6851
18.0215
18.5083
18.4913
20.1274
9.75578
11.214
11.0712
11.4182
11.6264
11.8818
12.1265
12.3777
12.6298
12.8842
13.1406
13.3993
13.6606
13.925
14.1931
14.4655
14.7431
15.0266
15.317
15.6152
15.922
16.2383
16.5644
16.9021
17.2468
17.6141
17.9521
18.4266
18.4563
19.9406
9.9074
11.1792
11.088
11.4216
11.6332
11.8867
12.1305
12.3798
12.6295
12.881
13.134
13.3887
13.6457
13.9053
14.1684
14.4355
14.7076
14.9856
15.2705
15.5633
15.8648
16.1763
16.498
16.8317
17.1738
17.5379
17.8779
18.3408
18.4191
19.7496
10.0561
11.1448
11.1039
11.4245
11.6398
11.8915
12.1345
12.3819
12.6292
12.8776
13.1269
13.3775
13.6297
13.8843
14.1418
14.4031
14.6693
14.9412
15.2201
15.5069
15.8029
16.1091
16.4262
16.756
17.0954
17.4567
17.7992
18.2513
18.3794
19.5572
10.1975
11.1117
11.1187
11.427
11.646
11.8963
12.1385
12.384
12.6289
12.8742
13.1196
13.3656
13.6128
13.8617
14.1133
14.3683
14.6279
14.8932
15.1654
15.4459
15.7357
16.0364
16.3486
16.6744
17.0112
17.3698
17.7154
18.1576
18.3348
19.365
10.3217
11.0843
11.1312
11.4292
11.652
11.9011
12.1429
12.3866
12.6289
12.8707
13.1119
13.3529
13.5944
13.8371
14.0819
14.3299
14.5821
14.84
15.1047
15.3779
15.661
15.9554
16.2623
16.5837
16.9178
17.2741
17.623
18.0571
18.2769
19.175
10.4047
11.0794
11.1357
11.434
11.658
11.9074
12.1484
12.3904
12.63
12.868
13.1046
13.3401
13.5753
13.811
14.0482
14.2882
14.5322
14.7816
15.038
15.3032
15.5786
15.8662
16.1673
16.4843
16.8155
17.1709
17.5208
17.957
18.1907
19.006
)
;

boundaryField
{
    movingWall
    {
        type            zeroGradient;
    }
    Inlet
    {
        type            zeroGradient;
    }
    Outlet
    {
        type            zeroGradient;
    }
    Bottom
    {
        type            zeroGradient;
    }
    frontAndBack
    {
        type            empty;
    }
}


// ************************************************************************* //
