/*--------------------------------*- C++ -*----------------------------------*\
| =========                 |                                                 |
| \\      /  F ield         | OpenFOAM: The Open Source CFD Toolbox           |
|  \\    /   O peration     | Version:  2.4.0                                 |
|   \\  /    A nd           | Web:      www.OpenFOAM.org                      |
|    \\/     M anipulation  |                                                 |
\*---------------------------------------------------------------------------*/
FoamFile
{
    version     2.0;
    format      ascii;
    class       volVectorField;
    location    "0.01";
    object      wallShearStress;
}
// * * * * * * * * * * * * * * * * * * * * * * * * * * * * * * * * * * * * * //

dimensions      [0 2 -2 0 0 0 0];

internalField   uniform (0 0 0);

boundaryField
{
    movingWall
    {
        type            calculated;
        value           nonuniform List<vector> 
90
(
(8.48308 -0.0269901 0)
(8.4708 -0.0592413 5.57938e-20)
(8.23217 -0.0392333 5.00873e-20)
(8.11092 -0.0462573 9.13796e-20)
(7.94773 -0.0458448 -4.04722e-20)
(7.80333 -0.0462353 0)
(7.66059 -0.0451653 -3.04951e-20)
(7.52695 -0.0434249 0)
(7.40234 -0.0409746 2.20021e-20)
(7.28787 -0.0381214 0)
(7.18354 -0.0349456 1.39637e-20)
(7.08977 -0.0315327 -1.95353e-20)
(7.00659 -0.0280198 -4.05131e-21)
(6.93369 -0.024511 0)
(6.87069 -0.0211001 0)
(6.81691 -0.0178461 0)
(6.77186 -0.0148327 0)
(6.73447 -0.0120828 0)
(6.70434 -0.00961686 0)
(6.68046 -0.00754653 0)
(6.6617 -0.00585637 1.58151e-20)
(6.64727 -0.00455852 0)
(6.63625 -0.0036906 -4.74133e-20)
(6.62686 -0.00330493 7.36707e-20)
(6.62027 -0.00316187 2.93022e-20)
(6.60846 -0.00408191 0)
(6.61217 -0.00323547 -1.11486e-19)
(6.5646 -0.00984791 3.89767e-20)
(6.65046 0.0126977 -2.35874e-20)
(6.45066 -0.0309484 2.38895e-20)
(6.44606 0.0283804 -6.20142e-20)
(6.63595 -0.0152506 -2.49804e-20)
(6.54055 0.00696028 5.70345e-20)
(6.5776 3.22842e-05 6.05975e-20)
(6.5622 0.000350061 0)
(6.56114 -0.00118231 -6.36408e-20)
(6.55285 -0.00185655 0)
(6.54512 -0.00243157 -6.89442e-20)
(6.53625 -0.00268931 0)
(6.52776 -0.0027146 0)
(6.51973 -0.00252733 0)
(6.51287 -0.00217955 0)
(6.50715 -0.00166832 0)
(6.50338 -0.001029 -4.33599e-20)
(6.5014 -0.000353739 4.32977e-20)
(6.5014 0.000323273 0)
(6.50312 0.00102749 0)
(6.50715 0.00166566 0)
(6.51261 0.00214558 0)
(6.51946 0.00249132 0)
(6.52722 0.00267619 -1.08885e-19)
(6.5357 0.00267676 0)
(6.54456 0.00238705 -1.17335e-19)
(6.55199 0.00180581 0)
(6.56025 0.00116439 1.26578e-19)
(6.56128 -0.000420799 0)
(6.57635 -9.82424e-05 1.38404e-19)
(6.53892 -0.00708481 2.32185e-21)
(6.63427 0.0152352 -1.44195e-19)
(6.44397 -0.0285298 0)
(6.44819 0.0307459 2.94723e-19)
(6.64709 -0.012717 -1.57839e-19)
(6.56136 0.00971614 -2.28087e-21)
(6.60839 0.00317135 1.56262e-19)
(6.60451 0.00400615 0)
(6.61613 0.00307705 -1.6095e-19)
(6.62225 0.0032138 0)
(6.63147 0.00363297 1.63996e-19)
(6.6423 0.00450184 0)
(6.65655 0.00577179 1.67367e-19)
(6.67486 0.00749334 0)
(6.6988 0.00959594 -8.5628e-20)
(6.72872 0.0120052 1.75396e-19)
(6.76563 0.0147881 -1.74896e-19)
(6.8107 0.0178646 0)
(6.86448 0.0211236 0)
(6.92746 0.0245404 -1.87114e-19)
(7.00032 0.0280863 9.34469e-20)
(7.08371 0.031609 0)
(7.1774 0.0350636 0)
(7.28218 0.0383146 0)
(7.39709 0.0412169 0)
(7.52244 0.0437247 0)
(7.65684 0.045556 0)
(7.80095 0.0467756 -2.33379e-19)
(7.94708 0.0465473 4.64648e-19)
(8.11308 0.0472508 0)
(8.23683 0.0407945 7.54098e-19)
(8.48453 0.0626055 -2.56203e-19)
(8.49823 0.0351196 0)
)
;
    }
    Inlet
    {
        type            calculated;
        value           nonuniform List<vector> 
80
(
(0.177391 0.0206095 -8.55971e-22)
(0.206419 0.0305912 -4.80361e-21)
(0.23108 0.0396973 0)
(0.252691 0.0483461 -1.70864e-20)
(0.272036 0.0570575 -1.14617e-18)
(0.289672 0.0660751 1.09854e-18)
(0.305986 0.0756136 -1.69798e-18)
(0.321235 0.0858307 -4.44583e-19)
(0.335578 0.0968187 1.87567e-18)
(0.34912 0.108613 -2.54654e-18)
(0.361922 0.121207 5.42336e-18)
(0.373996 0.134556 -2.8007e-18)
(0.385342 0.148602 7.30903e-18)
(0.395953 0.163276 -7.0896e-18)
(0.405819 0.178502 -0)
(0.414898 0.194207 -1.30692e-19)
(0.423137 0.210315 0)
(0.430506 0.226757 1.56051e-19)
(0.436927 0.243436 0)
(0.442319 0.260246 1.33536e-17)
(0.446597 0.277084 -1.2722e-17)
(0.449652 0.293784 0)
(0.451372 0.310157 -0)
(0.451619 0.325987 -1.72401e-17)
(0.450256 0.341013 1.64889e-17)
(0.447138 0.354904 -0)
(0.442115 0.367314 -2.88012e-19)
(0.435039 0.377832 -3.03439e-19)
(0.425752 0.385972 -0)
(0.414117 0.391219 -0)
(0.400004 0.392991 -3.4825e-19)
(0.383201 0.390676 -3.62212e-19)
(0.363694 0.383578 -0)
(0.341447 0.370973 -3.87599e-19)
(0.316231 0.352119 -2.64838e-17)
(0.2881 0.326187 5.24354e-17)
(0.257053 0.292374 -2.67784e-17)
(0.223148 0.249876 -0)
(0.186555 0.197881 -2.79523e-17)
(0.147336 0.13561 2.69579e-17)
(0.105661 0.0623363 2.65802e-17)
(0.0618188 -0.022597 -5.77938e-20)
(0.0161561 -0.119751 -2.63064e-17)
(-0.0309788 -0.229611 -3.97093e-19)
(-0.0792373 -0.352502 0)
(-0.128041 -0.488621 2.09789e-17)
(-0.177042 -0.638059 -2.12832e-17)
(-0.225772 -0.800699 -2.99553e-19)
(-0.273597 -0.976302 0)
(-0.320105 -1.1645 -1.10653e-17)
(-0.364831 -1.36475 1.08789e-17)
(-0.407253 -1.5764 -1.14991e-19)
(-0.446905 -1.79867 5.77952e-19)
(-0.483434 -2.03073 -5.80422e-18)
(-0.516398 -2.27158 5.25455e-18)
(-0.545498 -2.52016 0)
(-0.570512 -2.77539 0)
(-0.591204 -3.0362 3.48054e-19)
(-0.607394 -3.30148 4.4729e-19)
(-0.618978 -3.57009 5.52603e-19)
(-0.625881 -3.84104 0)
(-0.628054 -4.11318 0)
(-0.625523 -4.38544 0)
(-0.618328 -4.65704 0)
(-0.606542 -4.92703 -1.16387e-18)
(-0.590264 -5.19435 -1.30147e-18)
(-0.569624 -5.45821 -1.44355e-18)
(-0.544784 -5.71819 5.46156e-17)
(-0.515904 -5.9733 -5.39097e-17)
(-0.483171 -6.22304 6.43996e-17)
(-0.446801 -6.46696 5.85164e-18)
(-0.407014 -6.70445 -6.85758e-17)
(-0.36404 -6.93533 3.98853e-17)
(-0.318137 -7.15942 3.12057e-18)
(-0.269589 -7.37663 3.1765e-18)
(-0.218738 -7.58722 -4.17764e-17)
(-0.165805 -7.79195 0)
(-0.11076 -7.99179 0)
(-0.0529178 -8.18836 0)
(-0.0115557 -8.38353 0)
)
;
    }
    Outlet
    {
        type            calculated;
        value           nonuniform List<vector> 
80
(
(0.17874 -0.0207616 1.82482e-19)
(0.207965 -0.0308131 -1.69728e-19)
(0.232787 -0.0399837 6.39558e-19)
(0.254533 -0.0486916 -5.70643e-19)
(0.273993 -0.0574612 0)
(0.291723 -0.0665392 1.42712e-18)
(0.308117 -0.076141 -1.33427e-18)
(0.32344 -0.0864238 2.00437e-18)
(0.337844 -0.0974819 -1.88898e-18)
(0.35144 -0.109351 0)
(0.364278 -0.122023 0)
(0.376383 -0.135455 -6.6304e-18)
(0.387763 -0.149588 6.32014e-18)
(0.398401 -0.164349 0)
(0.408273 -0.179665 -1.1955e-19)
(0.417356 -0.195461 0)
(0.425604 -0.211671 -1.441e-19)
(0.432959 -0.228207 -1.1442e-17)
(0.439372 -0.244975 1.1024e-17)
(0.444749 -0.261882 -1.32574e-17)
(0.449006 -0.278815 1.2806e-17)
(0.452035 -0.295612 -1.53675e-17)
(0.453711 -0.312073 1.46711e-17)
(0.453914 -0.327991 1.73516e-17)
(0.4525 -0.343096 -1.68543e-17)
(0.44932 -0.357075 1.93602e-17)
(0.44423 -0.369546 -1.85463e-17)
(0.437068 -0.3801 0)
(0.427685 -0.388275 0)
(0.415917 -0.393533 -2.25754e-17)
(0.401673 -0.395288 2.26797e-17)
(0.384823 -0.392914 3.64469e-19)
(0.365144 -0.385738 -3.77725e-19)
(0.342612 -0.373003 3.89991e-19)
(0.317222 -0.353933 -4.0104e-19)
(0.288917 -0.32775 -4.10625e-19)
(0.257638 -0.293633 0)
(0.223445 -0.250745 -2.76605e-17)
(0.186565 -0.198281 2.70766e-17)
(0.147055 -0.135462 -2.70982e-17)
(0.105033 -0.0615541 2.39701e-19)
(0.0609009 0.0240921 2.61959e-17)
(0.0149482 0.122038 2.52902e-17)
(-0.0324761 0.23275 -2.52116e-17)
(-0.0809684 0.356546 3.81855e-19)
(-0.13012 0.493623 0)
(-0.179352 0.64401 0)
(-0.228258 0.807591 1.69748e-17)
(-0.276257 0.984108 -1.64158e-17)
(-0.322825 1.17313 0)
(-0.367496 1.37408 7.56886e-18)
(-0.409861 1.58628 -7.44349e-18)
(-0.449455 1.8089 0)
(-0.485776 2.04105 -5.32522e-18)
(-0.518613 2.28177 -5.1764e-18)
(-0.547609 2.53002 1.02557e-17)
(-0.572461 2.78472 0)
(-0.592974 3.0448 -2.77027e-17)
(-0.608995 3.30917 2.76365e-17)
(-0.6204 3.57665 -4.22638e-17)
(-0.627117 3.84619 -7.96877e-18)
(-0.629132 4.11684 7.59883e-17)
(-0.626456 4.38762 -6.04082e-17)
(-0.619144 4.65748 3.19649e-17)
(-0.607282 4.92546 -1.16681e-18)
(-0.590962 5.19086 4.40732e-17)
(-0.570338 5.45307 -4.47755e-17)
(-0.545561 5.71121 -5.46903e-17)
(-0.516797 5.96467 1.13504e-16)
(-0.484241 6.21301 -6.06571e-17)
(-0.448097 6.4557 0)
(-0.408575 6.69249 -3.73e-17)
(-0.365915 6.92311 -3.05484e-18)
(-0.320362 7.14755 3.94121e-17)
(-0.272175 7.36572 0)
(-0.221677 7.57822 4.50019e-17)
(-0.169059 7.78584 -5.03642e-17)
(-0.114242 7.98969 0)
(-0.0566363 8.19185 -3.39336e-18)
(-0.0154967 8.39473 0)
)
;
    }
    Bottom
    {
        type            calculated;
        value           nonuniform List<vector> 
90
(
(0.328517 -4.53636 2.83484e-21)
(-0.112 0.339502 -6.3775e-19)
(0.221285 -0.229512 1.53879e-18)
(-0.150981 -0.0492831 -6.01853e-36)
(0.151781 -0.143044 7.18022e-21)
(0.00743174 -0.0609524 8.0769e-19)
(0.066792 -0.0674901 3.00927e-36)
(0.0374547 -0.0428521 1.37827e-36)
(0.0460844 -0.0360032 0)
(0.038737 -0.0255987 1.19065e-20)
(0.0376544 -0.0189857 -3.91843e-19)
(0.0341811 -0.0129552 -4.09307e-19)
(0.0316134 -0.0081767 -4.07127e-19)
(0.0287705 -0.00416685 6.48064e-21)
(0.0260776 -0.000860048 -6.94252e-23)
(0.0234017 0.00187261 -4.34345e-36)
(0.0207496 0.00410092 -7.17152e-21)
(0.0182718 0.00593559 1.33248e-22)
(0.0153479 0.00721891 -4.82102e-19)
(0.0142967 0.00887023 7.35384e-21)
(0.0068059 0.00751857 1.66448e-20)
(0.0218836 0.0158901 1.08651e-18)
(-0.0379532 -0.0102068 -9.99516e-19)
(0.144592 0.0771597 -1.5387e-18)
(-0.440981 -0.194269 -7.48336e-20)
(1.39759 0.635089 2.91117e-18)
(-3.83205 -1.6209 -8.33092e-20)
(7.63731 2.99844 6.32941e-19)
(-9.64633 -1.69333 -3.85031e-17)
(10.646 -1.38423 1.93128e-17)
(10.6547 1.26747 -2.10649e-35)
(-9.65524 1.75258 -3.436e-17)
(7.62911 -2.96478 6.2943e-19)
(-3.84932 1.65664 -4.3969e-20)
(1.38169 -0.602719 6.71031e-18)
(-0.462422 0.225993 -3.86921e-18)
(0.120263 -0.047556 -9.68903e-18)
(-0.0658927 0.0376874 4.34623e-21)
(-0.00921012 0.00902285 1.82629e-17)
(-0.0274721 0.014581 4.29242e-18)
(-0.0230123 0.0101012 -6.69114e-20)
(-0.0249255 0.00832064 3.71953e-22)
(-0.0248831 0.00583325 -6.9477e-22)
(-0.0252233 0.00352199 1.0094e-19)
(-0.0253269 0.00117482 -3.35301e-20)
(-0.0253541 -0.00116491 4.41751e-35)
(-0.0253047 -0.00352316 -2.3698e-35)
(-0.0250189 -0.00585704 6.49666e-20)
(-0.0251142 -0.00837941 -4.28851e-18)
(-0.0232549 -0.0102091 4.21307e-18)
(-0.0277641 -0.0147546 -1.30869e-19)
(-0.00954949 -0.00927785 1.31497e-19)
(-0.066311 -0.0380728 4.81482e-35)
(0.119965 0.0471229 7.98203e-18)
(-0.463472 -0.226964 5.01445e-18)
(1.3833 0.602767 -1.79628e-18)
(-3.85647 -1.66071 -1.11281e-17)
(7.64385 2.96926 -8.42594e-35)
(-9.67569 -1.75436 -4.34632e-17)
(10.6747 -1.30706 1.16311e-17)
(10.6708 1.34721 2.22686e-34)
(-9.66504 1.69743 -2.95393e-17)
(7.6527 -3.00751 -1.20371e-34)
(-3.83842 1.62154 2.64759e-18)
(1.40119 -0.638331 2.33274e-17)
(-0.440518 0.192861 -8.37858e-18)
(0.145972 -0.0786862 -3.83091e-17)
(-0.0367987 0.00905792 -1.84526e-17)
(0.023111 -0.016856 2.88255e-19)
(0.00801794 -0.00828671 -2.86979e-19)
(0.0155066 -0.00947221 4.81482e-35)
(0.0165488 -0.00766828 8.93459e-18)
(0.0194605 -0.00624522 1.41696e-19)
(0.0219238 -0.00428007 -4.50788e-18)
(0.0245587 -0.00192829 1.12453e-18)
(0.0272153 0.000923003 -1.12307e-18)
(0.0298865 0.00434548 4.5139e-35)
(0.0327061 0.00847003 1.3979e-19)
(0.0352463 0.0133637 -1.20302e-22)
(0.0386946 0.0195137 8.86506e-18)
(0.0397345 0.0262477 8.74698e-18)
(0.0470739 0.0367948 2.82961e-19)
(0.0383371 0.0437641 3.85186e-34)
(0.0677985 0.0686331 1.81525e-17)
(0.00800442 0.0621294 2.83393e-19)
(0.153238 0.144838 -1.82288e-17)
(-0.15165 0.0504976 -3.85186e-34)
(0.223094 0.232075 2.40741e-35)
(-0.112591 -0.340983 -5.11878e-18)
(0.331016 4.5712 -2.39998e-18)
)
;
    }
    frontAndBack
    {
        type            empty;
    }
}


// ************************************************************************* //
