/*--------------------------------*- C++ -*----------------------------------*\
| =========                 |                                                 |
| \\      /  F ield         | OpenFOAM: The Open Source CFD Toolbox           |
|  \\    /   O peration     | Version:  2.4.0                                 |
|   \\  /    A nd           | Web:      www.OpenFOAM.org                      |
|    \\/     M anipulation  |                                                 |
\*---------------------------------------------------------------------------*/
FoamFile
{
    version     2.0;
    format      ascii;
    class       volScalarField;
    location    "0.04";
    object      p;
}
// * * * * * * * * * * * * * * * * * * * * * * * * * * * * * * * * * * * * * //

dimensions      [0 2 -2 0 0 0 0];

internalField   nonuniform List<scalar> 
7200
(
1.93191e-06
-0.0842615
-0.0203433
0.322177
0.745886
1.10791
1.41439
1.68581
1.90263
2.01697
1.98354
1.77913
1.40993
0.906311
0.316593
-0.302025
-0.888834
-1.38729
-1.75022
-1.94853
-1.9771
-1.85968
-1.64149
-1.36981
-1.06348
-0.701464
-0.277575
0.0650386
0.128926
0.0446624
-0.0156664
-0.0938791
0.0498439
0.44415
0.847543
1.16477
1.42989
1.66086
1.83546
1.91156
1.8533
1.64464
1.29379
0.82808
0.289236
-0.274084
-0.810293
-1.27128
-1.61631
-1.81914
-1.87258
-1.79319
-1.61691
-1.38544
-1.12035
-0.803145
-0.399589
-0.00514172
0.138566
0.0603291
-0.0355556
-0.08793
0.14104
0.563381
0.929707
1.20141
1.42817
1.62127
1.75759
1.80109
1.72383
1.51509
1.18401
0.754929
0.263774
-0.248098
-0.736852
-1.1616
-1.48724
-1.69043
-1.76292
-1.716
-1.57774
-1.38387
-1.15701
-0.885328
-0.518861
-0.0963414
0.132642
0.0802167
-0.0582838
-0.0620846
0.247572
0.673341
0.993425
1.22283
1.41521
1.57464
1.67856
1.69624
1.60568
1.3997
1.0877
0.691298
0.241706
-0.225602
-0.672984
-1.06537
-1.37227
-1.57294
-1.65881
-1.63762
-1.53154
-1.37112
-1.17849
-0.949067
-0.628862
-0.202892
0.106814
0.102949
-0.0816357
-0.0126963
0.366512
0.772835
1.04156
1.23198
1.3928
1.52179
1.59783
1.59466
1.49484
1.29364
1.00029
0.633981
0.22189
-0.205419
-0.615463
-0.978032
-1.26657
-1.46268
-1.5579
-1.55749
-1.47912
-1.34894
-1.18772
-0.99723
-0.728397
-0.321864
0.0574326
0.126312
-0.101841
0.0626439
0.49216
0.858527
1.07485
1.23009
1.36189
1.46351
1.51565
1.49572
1.38982
1.19491
0.919845
0.581571
0.203822
-0.187028
-0.562871
-0.89764
-1.16816
-1.35819
-1.45958
-1.4759
-1.42129
-1.3183
-1.18594
-1.03055
-0.814132
-0.447554
-0.0179132
0.146532
-0.113731
0.164281
0.617263
0.9272
1.09378
1.21795
1.32337
1.40086
1.43293
1.39991
1.2906
1.10313
0.845826
0.533643
0.187345
-0.170262
-0.514778
-0.823667
-1.07666
-1.25944
-1.36434
-1.39373
-1.35908
-1.28006
-1.17393
-1.04954
-0.882849
-0.572708
-0.119569
0.158432
-0.110988
0.289974
0.734166
0.977059
1.09945
1.1965
1.27825
1.33493
1.35053
1.30763
1.19715
1.01795
0.777779
0.489831
0.172323
-0.154978
-0.470812
-0.755653
-0.991724
-1.16642
-1.27259
-1.31186
-1.29359
-1.23523
-1.15264
-1.05527
-0.932756
-0.689666
-0.245291
0.155696
-0.0864946
0.434737
0.835598
1.00781
1.0933
1.16673
1.22759
1.26677
1.26915
1.21916
1.10931
0.938929
0.715204
0.449752
0.158615
-0.14103
-0.43059
-0.693102
-0.912922
-1.07896
-1.1846
-1.23098
-1.22585
-1.18488
-1.12305
-1.04921
-0.963559
-0.791158
-0.390093
0.131203
-0.0327865
0.59095
0.915382
1.02048
1.07685
1.1296
1.17245
1.19728
1.18938
1.13465
1.02686
0.86565
0.657633
0.413053
0.146094
-0.128287
-0.393756
-0.635545
-0.839832
-0.996862
-1.10053
-1.15166
-1.15678
-1.13005
-1.08611
-1.03286
-0.976288
-0.871006
-0.546355
0.0774885
0.0573805
0.748739
0.969068
1.01716
1.05151
1.08606
1.11388
1.12732
1.11168
1.05419
0.949602
0.797713
0.604644
0.379424
0.134646
-0.116632
-0.359996
-0.582561
-0.772061
-0.919909
-1.02047
-1.0744
-1.08721
-1.07179
-1.04278
-1.00764
-0.973035
-0.924761
-0.704201
-0.0126914
0.190421
0.896611
0.994414
1.00064
1.0185
1.03708
1.05289
1.05759
1.03643
0.977813
0.877288
0.734744
0.555853
0.348583
0.12417
-0.105961
-0.32903
-0.533768
-0.709237
-0.847875
-0.944469
-0.999554
-1.01785
-1.01111
-0.994008
-0.974751
-0.956595
-0.950181
-0.85214
-0.145752
0.371317
1.02231
0.991648
0.974005
0.978773
0.983642
0.990429
0.988717
0.963933
0.905511
0.809687
0.676393
0.510913
0.320282
0.114578
-0.0961811
-0.300605
-0.488819
-0.651014
-0.780529
-0.87251
-0.92743
-0.949342
-0.948946
-0.940792
-0.935165
-0.930049
-0.947493
-0.977911
-0.326676
0.60309
1.11377
0.963463
0.940201
0.933089
0.926795
0.927361
0.921228
0.894395
0.837233
0.746561
0.622335
0.469507
0.294293
0.105788
-0.0872113
-0.274496
-0.447398
-0.597068
-0.717636
-0.80455
-0.858246
-0.882194
-0.886167
-0.884163
-0.889626
-0.896338
-0.919392
-1.06946
-0.558488
0.886396
1.16015
0.914764
0.901656
0.882051
0.867608
0.864443
0.855542
0.827974
0.772899
0.687675
0.572263
0.431346
0.270416
0.0977292
-0.0789778
-0.2505
-0.409217
-0.547096
-0.658963
-0.740513
-0.79216
-0.816833
-0.82353
-0.825192
-0.838738
-0.857891
-0.870781
-1.11594
-0.841844
1.2193
1.15275
0.852175
0.860014
0.82624
0.807163
0.802316
0.792001
0.764768
0.712405
0.632796
0.525896
0.39617
0.248468
0.0903358
-0.0714148
-0.228433
-0.374015
-0.500816
-0.604282
-0.680298
-0.729271
-0.753603
-0.761674
-0.764959
-0.783078
-0.816352
-0.80828
-1.10865
-1.17481
1.59725
1.08579
0.783366
0.815994
0.766332
0.746509
0.741495
0.73087
0.704828
0.65563
0.581698
0.482968
0.363738
0.228283
0.0835503
-0.0644633
-0.208131
-0.341553
-0.457967
-0.553369
-0.623787
-0.669635
-0.692772
-0.701117
-0.704514
-0.723321
-0.772435
-0.73956
-1.0418
-1.55284
2.01327
0.95692
0.716295
0.769385
0.70321
0.686607
0.682378
0.672357
0.648164
0.602437
0.534164
0.443235
0.333834
0.209714
0.0773203
-0.0580704
-0.189445
-0.311615
-0.418304
-0.506008
-0.570846
-0.613263
-0.63455
-0.642257
-0.644816
-0.66035
-0.72593
-0.672574
-0.913045
-1.96895
2.4583
0.767413
0.658424
0.719201
0.63803
0.62827
0.625262
0.616613
0.594753
0.552685
0.489983
0.40647
0.306259
0.192626
0.0715988
-0.0521884
-0.17224
-0.284002
-0.381601
-0.461989
-0.521335
-0.560134
-0.57909
-0.585394
-0.586682
-0.595319
-0.675848
-0.614783
-0.723656
-2.41409
2.92179
0.522093
0.616029
0.663926
0.572239
0.572111
0.570365
0.563747
0.544541
0.506221
0.448953
0.37246
0.280831
0.176897
0.0663433
-0.0467744
-0.156393
-0.258533
-0.347648
-0.421114
-0.475105
-0.510199
-0.526504
-0.530747
-0.530724
-0.529677
-0.620675
-0.572462
-0.47845
-2.87768
3.39227
0.228899
0.593653
0.601852
0.507532
0.518505
0.517851
0.513821
0.497454
0.462895
0.410884
0.34101
0.257384
0.162416
0.0615153
-0.0417896
-0.141796
-0.235042
-0.316248
-0.383192
-0.432005
-0.463384
-0.476856
-0.478484
-0.47732
-0.46512
-0.558703
-0.550153
-0.185362
-3.34828
3.85808
-0.101769
0.593776
0.531423
0.445751
0.467573
0.467862
0.466859
0.453399
0.422553
0.375591
0.311938
0.235767
0.149084
0.0570801
-0.0371989
-0.128346
-0.213378
-0.28722
-0.34804
-0.391884
-0.419598
-0.430173
-0.42875
-0.426594
-0.403491
-0.488376
-0.550336
0.145209
-3.81421
4.30803
-0.457878
0.616717
0.451557
0.388747
0.4192
0.420537
0.422842
0.412271
0.38504
0.342901
0.285074
0.215841
0.136808
0.0530059
-0.0329706
-0.115952
-0.193402
-0.260396
-0.315485
-0.354589
-0.37874
-0.386437
-0.381684
-0.378432
-0.346644
-0.408616
-0.573333
0.501235
-4.26427
4.73196
-0.826681
0.660764
0.361894
0.338214
0.373073
0.376029
0.381711
0.373962
0.350207
0.31265
0.260262
0.197478
0.125505
0.0492642
-0.0290757
-0.104531
-0.174987
-0.235618
-0.285364
-0.319968
-0.340699
-0.34559
-0.337442
-0.332524
-0.296276
-0.319064
-0.617434
0.869965
-4.68829
5.1212
-1.1956
0.722502
0.26294
0.295533
0.328742
0.334506
0.343364
0.338358
0.317903
0.284683
0.237355
0.180561
0.115099
0.0458288
-0.025488
-0.0940069
-0.158016
-0.212742
-0.257522
-0.287874
-0.305364
-0.307533
-0.296195
-0.288423
-0.25377
-0.220229
-0.679229
1.23882
-5.07762
5.4689
-1.55302
0.797284
0.156086
0.261638
0.285704
0.296152
0.307662
0.305349
0.287981
0.258855
0.216218
0.164983
0.105521
0.0426758
-0.0221837
-0.0843096
-0.142381
-0.191631
-0.231814
-0.258158
-0.272626
-0.272127
-0.258128
-0.245628
-0.220064
-0.113506
-0.754074
1.59619
-5.42539
5.77015
-1.88892
0.879771
0.0435219
0.236929
0.243478
0.261146
0.274434
0.27483
0.260295
0.235027
0.196725
0.150645
0.096706
0.0397836
-0.0191409
-0.0753755
-0.127983
-0.172159
-0.208101
-0.230676
-0.242379
-0.239202
-0.22342
-0.20366
-0.195559
-0.00108629
-0.836635
1.93203
-5.7267
6.02199
-2.19525
0.964476
-0.0719538
0.221238
0.201683
0.229642
0.243487
0.246704
0.234703
0.213073
0.178757
0.137456
0.0885961
0.0371323
-0.0163397
-0.067146
-0.114733
-0.154209
-0.186256
-0.205283
-0.214524
-0.208564
-0.192229
-0.16214
-0.18009
0.114229
-0.92143
2.23831
-5.97858
6.22326
-2.46616
1.04625
-0.187184
0.213859
0.160095
0.201748
0.214614
0.220877
0.211065
0.192871
0.162204
0.125332
0.0811375
0.0347036
-0.0137618
-0.0595673
-0.102545
-0.137669
-0.166158
-0.18184
-0.18897
-0.180006
-0.16466
-0.120845
-0.172956
0.22928
-1.00332
2.50917
-6.17989
6.3744
-2.698
1.12068
-0.298932
0.213631
0.118679
0.177499
0.187611
0.197261
0.189245
0.17431
0.146965
0.114196
0.0742805
0.0324808
-0.0113906
-0.0525901
-0.0913427
-0.122439
-0.147696
-0.16021
-0.165626
-0.153324
-0.14075
-0.0797414
-0.172995
0.340827
-1.07789
2.74094
-6.33106
6.47712
-2.88912
1.18431
-0.404144
0.219058
0.0776017
0.156841
0.162285
0.17577
0.169111
0.157284
0.132944
0.103976
0.0679798
0.0304486
-0.00921073
-0.0461688
-0.0810547
-0.108423
-0.130764
-0.140261
-0.144406
-0.128324
-0.120445
-0.0389942
-0.178714
0.445816
-1.14168
2.93198
-6.43382
6.53415
-3.03957
1.23479
-0.50018
0.228455
0.0372059
0.139624
0.138472
0.156318
0.150537
0.141697
0.120052
0.0946068
0.0621933
0.0285928
-0.00720798
-0.0402614
-0.071615
-0.0955305
-0.115264
-0.121866
-0.125222
-0.10484
-0.103592
0.00105228
-0.18843
0.541606
-1.19236
3.08233
-6.49089
6.54889
-3.15082
1.27082
-0.584973
0.240099
-0.00202276
0.125599
0.116041
0.138811
0.133404
0.127455
0.108204
0.0860264
0.0568823
0.0269003
-0.00536938
-0.0348294
-0.0629625
-0.0836794
-0.101104
-0.104906
-0.107979
-0.0827394
-0.0899431
0.0399136
-0.20042
0.626127
-1.22863
3.19344
-6.50569
6.52521
-3.2253
1.29211
-0.657116
0.252364
-0.0395127
0.114435
0.0948986
0.123149
0.117603
0.114473
0.0973252
0.0781784
0.0520112
0.0253591
-0.00368287
-0.0298371
-0.0550407
-0.0727923
-0.0881965
-0.0892695
-0.0925761
-0.061928
-0.0791628
0.0770197
-0.213059
0.697973
-1.25019
3.26778
-6.4821
6.46718
-3.26616
1.29915
-0.715883
0.263831
-0.0746661
0.105728
0.0749954
0.109222
0.103031
0.102666
0.0873424
0.0710102
0.047547
0.023958
-0.00213732
-0.0252517
-0.047797
-0.0627976
-0.0764593
-0.0748558
-0.0789022
-0.0423532
-0.0708478
0.111774
-0.224926
0.756415
-1.25755
3.30845
-6.4242
6.37897
-3.27689
1.29302
-0.761176
0.273364
-0.106917
0.0990368
0.0563175
0.0969087
0.0896004
0.0919572
0.0781895
0.0644728
0.0434593
0.0226866
-0.000722372
-0.0210428
-0.0411824
-0.0536289
-0.0658131
-0.0615741
-0.0668348
-0.0239996
-0.0645525
0.143614
-0.234885
0.80136
-1.25178
3.31896
-6.33614
6.26464
-3.26114
1.27522
-0.793443
0.280146
-0.135781
0.0939029
0.0388825
0.0860782
0.0772305
0.0822689
0.0698054
0.0585204
0.0397201
0.0215352
0.000571583
-0.0171825
-0.0351514
-0.0452253
-0.0561816
-0.049345
-0.0562416
-0.00688293
-0.0598164
0.172058
-0.242117
0.833252
-1.23437
3.30296
-6.22201
6.12813
-3.22254
1.24744
-0.813554
0.283683
-0.160895
0.0898811
0.0227299
0.0765907
0.0658533
0.0735277
0.062134
0.05311
0.0363037
0.0204947
0.00175355
-0.0136452
-0.0296611
-0.0375306
-0.0474913
-0.0381
-0.0469821
0.0089593
-0.0561915
0.196745
-0.246124
0.852965
-1.20702
3.26408
-6.08575
5.97317
-3.1646
1.21143
-0.822676
0.283777
-0.182032
0.0865626
0.00791038
0.068301
0.0554107
0.065662
0.0551237
0.0482016
0.0331862
0.0195567
0.0028319
-0.0104072
-0.0246716
-0.0304937
-0.0396705
-0.027781
-0.0389105
0.0234779
-0.0532663
0.217453
-0.246706
0.861667
-1.17149
3.20582
-5.93109
5.80324
-3.09059
1.16892
-0.822154
0.280485
-0.199116
0.0835937
-0.00552439
0.0610627
0.0458539
0.058602
0.0487277
0.0437574
0.0303459
0.0187132
0.00381453
-0.0074467
-0.0201452
-0.0240679
-0.0326498
-0.018339
-0.0318798
0.0366226
-0.0506843
0.234106
-0.243914
0.860705
-1.12948
3.13147
-5.7615
5.62155
-3.00358
1.12149
-0.813403
0.274058
-0.212206
0.0806881
-0.0175316
0.054732
0.0371413
0.05228
0.0429034
0.0397419
0.0277625
0.0179568
0.00470882
-0.00474378
-0.0160467
-0.0182108
-0.0263617
-0.00973291
-0.0257461
0.0483516
-0.0481569
0.246771
-0.237995
0.851498
-1.08258
3.04406
-5.5802
5.43102
-2.90632
1.07058
-0.797829
0.264883
-0.221485
0.0776325
-0.0280849
0.0491721
0.0292375
0.0466308
0.0376121
0.0361217
0.0254178
0.0172803
0.00552171
-0.00228007
-0.0123427
-0.0128839
-0.0207411
-0.00192723
-0.0203722
0.0586396
-0.0454684
0.25563
-0.229333
0.835455
-1.03224
2.9464
-5.39011
5.23428
-2.80134
1.01745
-0.776763
0.253431
-0.227231
0.0742855
-0.0371796
0.0442567
0.0221107
0.0415918
0.0328186
0.0328653
0.0232946
0.0166772
0.00625975
-3.87858e-05
-0.00900194
-0.00805221
-0.0157258
0.00510924
-0.015632
0.0674822
-0.0424757
0.260966
-0.218392
0.81391
-0.97969
2.84098
-5.19385
5.03366
-2.69087
0.963187
-0.751426
0.240206
-0.229793
0.0705724
-0.044836
0.039873
0.0157315
0.0371034
0.0284907
0.0299431
0.0213776
0.0161412
0.00692909
0.00199552
-0.00599496
-0.00368391
-0.0112564
0.0114056
-0.0114129
0.0748998
-0.0391025
0.26313
-0.205674
0.78809
-0.926021
2.73003
-4.99376
4.83119
-2.57685
0.908693
-0.722906
0.22571
-0.229563
0.0664755
-0.0510986
0.0359239
0.0100711
0.0331099
0.0245992
0.0273273
0.0196523
0.0156664
0.00753547
0.00383705
-0.00329421
0.000250192
-0.00727759
0.0169905
-0.00761786
0.080937
-0.0353303
0.262516
-0.191674
0.759085
-0.872133
2.61553
-4.79185
4.62861
-2.46098
0.854727
-0.692148
0.210413
-0.226949
0.062023
-0.0560356
0.0323284
0.00509967
0.0295595
0.0211167
0.0249921
0.0181056
0.0152474
0.00808429
0.00549885
-0.000873873
0.003777
-0.00373768
0.021893
-0.00416648
0.0856616
-0.0311865
0.259533
-0.176858
0.727846
-0.818776
2.49916
-4.58984
4.42736
-2.3447
0.801898
-0.65996
0.194734
-0.222357
0.0572769
-0.0597346
0.0290223
0.000785977
0.0264047
0.0180181
0.0229132
0.0167253
0.014879
0.00858059
0.00699295
0.00129005
0.00692156
-0.000589561
0.026144
-0.000994855
0.0891608
-0.0267326
0.254589
-0.161646
0.695184
-0.766553
2.38237
-4.38921
4.22864
-2.2292
0.750689
-0.627016
0.179038
-0.216175
0.0523207
-0.0622985
0.0259569
-0.00290367
0.0236027
0.0152797
0.0210683
0.0155001
0.0145565
0.00902906
0.00833047
0.00321985
0.00970734
0.00220928
0.0297769
0.00194524
0.091537
-0.0220524
0.248071
-0.146396
0.661777
-0.715942
2.26635
-4.19112
4.03342
-2.11544
0.701468
-0.593869
0.163625
-0.208761
0.0472495
-0.0638408
0.0230977
-0.00600529
0.0211154
0.0128789
0.0194366
0.0144197
0.0142754
0.00943402
0.00952172
0.00493602
0.0121566
0.0046967
0.0328272
0.00468793
0.092903
-0.0172411
0.240338
-0.131408
0.62818
-0.667305
2.15208
-3.99652
3.84242
-2.00421
0.6545
-0.560963
0.148733
-0.200432
0.0421612
-0.0644806
0.0204221
-0.00855724
0.0189095
0.0107943
0.0179992
0.0134744
0.0140316
0.00979945
0.0105763
0.00645736
0.0142908
0.00690584
0.0353329
0.00725525
0.0933771
-0.0123971
0.231707
-0.11692
0.59484
-0.620904
2.04033
-3.80616
3.6562
-1.89606
0.609962
-0.528648
0.134545
-0.191468
0.0371492
-0.0643378
0.0179177
-0.0105998
0.0169561
0.00900502
0.0167389
0.0126549
0.0138214
0.010129
0.0115032
0.00780096
0.0161302
0.00886528
0.0373339
0.00965928
0.0930788
-0.0076142
0.222457
-0.103114
0.562107
-0.57691
1.93167
-3.62058
3.47515
-1.79142
0.567954
-0.497187
0.121192
-0.182105
0.0322977
-0.0635298
0.0155794
-0.0121745
0.0152305
0.00749119
0.01564
0.0119529
0.0136415
0.0104258
0.0123108
0.00898228
0.0176948
0.0105994
0.0388714
0.0119046
0.0921245
-0.00297746
0.212824
-0.0901192
0.530248
-0.535423
1.82654
-3.44014
3.29951
-1.69058
0.528512
-0.466776
0.10876
-0.172539
0.0276786
-0.0621676
0.0134075
-0.0133234
0.013712
0.00623336
0.0146887
0.0113602
0.0134889
0.010693
0.013007
0.0100152
0.0190037
0.0121288
0.039987
0.0139905
0.0906249
0.0014404
0.203003
-0.0780232
0.499457
-0.496475
1.72521
-3.26511
3.1294
-1.59369
0.491619
-0.437549
0.097295
-0.16293
0.0233501
-0.0603541
0.0114059
-0.0140885
0.0123835
0.00521278
0.0138724
0.0108695
0.0133609
0.010933
0.0135993
0.010912
0.0200755
0.0134703
0.0407226
0.0159126
0.0886822
0.00558065
0.193152
-0.066874
0.469868
-0.460049
1.62786
-3.09558
2.96486
-1.50082
0.457214
-0.40959
0.086815
-0.153402
0.0193558
-0.0581823
0.00958011
-0.0145107
0.0112306
0.00441138
0.0131802
0.0104735
0.0132551
0.0111482
0.0140947
0.0116836
0.0209281
0.0146381
0.0411187
0.0176653
0.0863889
0.0093989
0.183395
-0.0566891
0.441566
-0.426082
1.53454
-2.9316
2.80583
-1.41196
0.425203
-0.382942
0.0773107
-0.144051
0.0157255
-0.0557344
0.00793579
-0.0146294
0.0102419
0.00381175
0.0126022
0.0101656
0.0131695
0.0113405
0.0144997
0.0123396
0.0215788
0.0156434
0.0412143
0.0192423
0.0838267
0.0128647
0.173829
-0.0474604
0.414592
-0.394481
1.44526
-2.77311
2.65219
-1.32703
0.395466
-0.357615
0.0687534
-0.134949
0.0124761
-0.0530817
0.00647812
-0.0144817
0.00940771
0.00339734
0.0121302
0.00993962
0.0131025
0.0115117
0.0148205
0.0128883
0.022044
0.0164956
0.0410465
0.0206381
0.0810666
0.0159602
0.164522
-0.0391603
0.388957
-0.365126
1.35993
-2.61998
2.50379
-1.24593
0.367866
-0.333596
0.0610993
-0.126145
0.00961368
-0.0502848
0.00521083
-0.0141022
0.00872035
0.00315252
0.0117568
0.00978956
0.0130525
0.011663
0.0150631
0.013337
0.0223392
0.0172022
0.0406495
0.0218486
0.0781686
0.018679
0.155525
-0.031746
0.364646
-0.337879
1.27843
-2.47205
2.3604
-1.16847
0.342251
-0.31085
0.0542937
-0.117673
0.00713448
-0.0473942
0.00413588
-0.0135223
0.00817344
0.00306262
0.0114757
0.00970997
0.0130184
0.0117957
0.0152328
0.0136918
0.0224789
0.0177695
0.0400544
0.0228715
0.0751829
0.0210242
0.146869
-0.0251639
0.341623
-0.312592
1.20061
-2.32911
2.2218
-1.09448
0.318463
-0.289329
0.0482743
-0.109551
0.00502714
-0.0444511
0.00325332
-0.0127703
0.00776173
0.00311408
0.0112818
0.00969582
0.0129994
0.0119106
0.0153346
0.0139578
0.0224766
0.0182025
0.0392894
0.0237065
0.0721503
0.0230064
0.138574
-0.0193524
0.319839
-0.289107
1.12628
-2.19093
2.08773
-1.02376
0.296342
-0.268974
0.0429739
-0.101789
0.00327431
-0.0414882
0.00256125
-0.0118711
0.00748077
0.00329455
0.0111705
0.00974246
0.0129946
0.0120084
0.0153733
0.0141396
0.0223445
0.0185055
0.0383792
0.0243552
0.0691034
0.0246426
0.130648
-0.0142452
0.299234
-0.267263
1.05522
-2.05724
1.95791
-0.956075
0.275724
-0.24972
0.0383228
-0.0943871
0.00185417
-0.0385311
0.00205614
-0.0108462
0.00732686
0.00359288
0.0111383
0.00984568
0.0130036
0.0120897
0.0153529
0.0142406
0.0220938
0.018682
0.037345
0.0248206
0.0660673
0.025954
0.123092
-0.0097735
0.279744
-0.246899
0.987225
-1.92778
1.83208
-0.89121
0.256448
-0.2315
0.0342505
-0.087341
0.000741945
-0.035599
0.00173304
-0.00971386
0.00729688
0.00399924
0.0111823
0.0100017
0.0130261
0.0121549
0.0152773
0.0142637
0.0217341
0.0187351
0.036205
0.0251075
0.0630609
0.026965
0.115899
-0.00586737
0.261301
-0.227855
0.922063
-1.80228
1.70994
-0.828939
0.238357
-0.214247
0.0306869
-0.0806417
-8.88401e-05
-0.0327058
0.00158598
-0.00848912
0.00738818
0.00450515
0.0113
0.0102073
0.0130619
0.012204
0.0151498
0.0142113
0.0212739
0.0186671
0.034974
0.0252216
0.0600978
0.0277014
0.109061
-0.00245753
0.243836
-0.209974
0.85951
-1.68044
1.59121
-0.769043
0.221299
-0.197895
0.0275638
-0.0742783
-0.000665265
-0.0298607
0.00160847
-0.00718399
0.00759872
0.00510344
0.0114901
0.0104596
0.0131111
0.0122372
0.0149732
0.0140849
0.0207204
0.0184801
0.0336639
0.0251691
0.057187
0.02819
0.102567
0.00052369
0.227282
-0.193105
0.799346
-1.56199
1.47564
-0.711309
0.205127
-0.182381
0.0248155
-0.0682385
-0.00101408
-0.0270695
0.00179382
-0.00580762
0.00792698
0.00578835
0.0117513
0.0107562
0.0131737
0.0122543
0.0147499
0.0138855
0.0200793
0.0181755
0.0322838
0.0249563
0.054334
0.0284571
0.0964031
0.00314144
0.211577
-0.177102
0.741358
-1.44667
1.36296
-0.655542
0.189703
-0.167652
0.0223794
-0.0625102
-0.00116085
-0.0243345
0.00213565
-0.00436645
0.00837201
0.00655546
0.0120833
0.0110954
0.01325
0.0122553
0.014482
0.0136138
0.019355
0.0177541
0.0308398
0.0245895
0.0515408
0.0285278
0.0905574
0.00545751
0.196667
-0.161828
0.68535
-1.33422
1.25294
-0.601565
0.174898
-0.15366
0.0201974
-0.0570818
-0.00112926
-0.0216559
0.00262834
-0.00286442
0.00893365
0.00740169
0.0124862
0.0114757
0.0133405
0.0122398
0.0141707
0.0132695
0.0185506
0.0172159
0.0293358
0.024074
0.0488074
0.0284254
0.0850181
0.00752954
0.182502
-0.147155
0.631143
-1.2244
1.14536
-0.549229
0.160595
-0.140369
0.0182162
-0.0519435
-0.00094037
-0.0190315
0.00326742
-0.00130316
0.00961253
0.0083253
0.0129606
0.0118964
0.0134454
0.0122074
0.0138171
0.012852
0.0176678
0.0165604
0.0277734
0.023414
0.0461312
0.0281704
0.0797748
0.00941024
0.169048
-0.132966
0.578591
-1.117
1.04005
-0.498426
0.14669
-0.127757
0.0163883
-0.0470876
-0.000612091
-0.0164571
0.00404996
0.000317949
0.0104102
0.00932589
0.0135077
0.012357
0.0135656
0.0121578
0.0134215
0.0123603
0.0167071
0.0157859
0.0261519
0.0226122
0.0435079
0.0277805
0.0748195
0.0111464
0.156282
-0.119159
0.527581
-1.01186
0.936913
-0.449099
0.1331
-0.115821
0.0146735
-0.042509
-0.000158494
-0.0139273
0.004975
0.00200161
0.0113293
0.0104043
0.0141296
0.0128577
0.0137015
0.0120903
0.012984
0.0117924
0.0156677
0.0148897
0.0244684
0.0216694
0.0409318
0.0272692
0.0701467
0.0127775
0.144199
-0.105652
0.47806
-0.908862
0.835902
-0.401265
0.119766
-0.104575
0.0130399
-0.0382058
0.00041083
-0.0114348
0.00604385
0.00375255
0.0123738
0.0115627
0.0148287
0.0133992
0.0138542
0.0120043
0.0125041
0.011146
0.0145475
0.0138679
0.0227182
0.0205841
0.0383954
0.0266457
0.065754
0.0143346
0.132814
-0.0923866
0.430042
-0.807972
0.737104
-0.35504
0.106663
-0.0940612
0.0114657
-0.0341791
0.00109136
-0.0089709
0.00726051
0.00557749
0.0135488
0.0128045
0.0156081
0.0139828
0.0140243
0.0118991
0.0119806
0.010418
0.0133432
0.0127153
0.0208945
0.0193521
0.0358898
0.025914
0.0616425
0.0158388
0.122169
-0.0793392
0.383645
-0.709277
0.640774
-0.310679
0.0938064
-0.0843507
0.00994105
-0.0304333
0.00188436
-0.00652514
0.00863205
0.00748519
0.0148613
0.0141345
0.016472
0.0146101
0.0142131
0.0117738
0.0114121
0.00960451
0.0120501
0.0114251
0.0189885
0.017966
0.0334042
0.0250723
0.0578159
0.0172988
0.112335
-0.0665274
0.339126
-0.613033
0.547417
-0.268631
0.0812683
-0.0755482
0.00846979
-0.0269754
0.00279729
-0.00408541
0.0101686
0.00948612
0.0163193
0.0155583
0.0174248
0.0152832
0.0144216
0.0116275
0.0107966
0.00870113
0.0106626
0.00998895
0.0169897
0.0164157
0.0309264
0.0241126
0.054281
0.0187099
0.103416
-0.0540248
0.296931
-0.519745
0.45789
-0.22958
0.0691827
-0.0677894
0.00706903
-0.0238141
0.00384236
-0.00163893
0.0118816
0.0115908
0.0179311
0.0170816
0.0184707
0.0160042
0.0146508
0.0114594
0.0101323
0.00770386
0.00917521
0.00839889
0.0148875
0.0146893
0.0284433
0.0230222
0.0510462
0.0200535
0.0955497
-0.0419678
0.257751
-0.430272
0.373478
-0.194453
0.0576998
-0.0612145
0.00575463
-0.02095
0.00503273
0.000831526
0.0137836
0.0138125
0.0197056
0.0187114
0.0196144
0.0167757
0.0149017
0.0112687
0.00941664
0.00660823
0.00758105
0.00664606
0.0126688
0.0127744
0.0259375
0.0217873
0.0481118
0.0213128
0.0888752
-0.0305092
0.222514
-0.345899
0.295981
-0.164602
0.0469181
-0.0559612
0.00453865
-0.0183585
0.00640627
0.00337678
0.0159203
0.0161972
0.0216807
0.0204792
0.0208784
0.0176119
0.015179
0.0110515
0.00863632
0.00539218
0.00584907
0.00469271
0.0102874
0.0106248
0.0233576
0.0203692
0.0454519
0.0224739
0.0835298
-0.0197501
0.192574
-0.268428
0.229577
-0.143467
0.0375427
-0.052509
0.00362696
-0.0160666
0.00811826
0.00608374
0.0184306
0.018845
0.0239633
0.0224594
0.0223257
0.0185462
0.0154978
0.0107948
0.00775985
0.00399467
0.00390623
0.00243261
0.0076434
0.00810074
0.0206153
0.0186098
0.0430913
0.0233261
0.079992
-0.0104026
0.17138
-0.202037
0.18665
-0.140495
0.0345583
-0.0530442
0.00428863
-0.0146889
0.0104604
0.00866711
0.021309
0.0215525
0.0264689
0.0245067
0.0238867
0.0195064
0.0158501
0.0105044
0.00685743
0.00248308
0.0018966
-5.10267e-05
0.00494071
0.00520683
0.0179988
0.016215
0.0416509
0.0225923
0.0804608
-0.00746988
0.16839
-0.159117
0.000105054
-0.0841509
-0.0202707
0.322181
0.745859
1.10787
1.41434
1.68576
1.90256
2.01691
1.98347
1.77906
1.40985
0.906238
0.31652
-0.302099
-0.88891
-1.38737
-1.75029
-1.94861
-1.97718
-1.85975
-1.64155
-1.36987
-1.06354
-0.701521
-0.277631
0.0649833
0.12887
0.0446067
-0.0155583
-0.093786
0.0498833
0.444139
0.84751
1.16473
1.42984
1.6608
1.83539
1.91149
1.85323
1.64457
1.29371
0.828007
0.289163
-0.274158
-0.810369
-1.27136
-1.61638
-1.81922
-1.87265
-1.79327
-1.61697
-1.3855
-1.12041
-0.803203
-0.399645
-0.00519694
0.13851
0.0602731
-0.0354427
-0.0878615
0.141048
0.563359
0.929669
1.20136
1.42811
1.62121
1.75752
1.80101
1.72376
1.51502
1.18394
0.754856
0.263702
-0.248172
-0.736927
-1.16168
-1.48732
-1.69051
-1.763
-1.71607
-1.57781
-1.38394
-1.15707
-0.885387
-0.518918
-0.0963967
0.132586
0.0801604
-0.0581739
-0.0620408
0.247558
0.67331
0.993384
1.22278
1.41515
1.57458
1.6785
1.69617
1.60561
1.39963
1.08763
0.691226
0.241634
-0.225675
-0.67306
-1.06545
-1.37235
-1.57302
-1.65888
-1.63769
-1.53161
-1.37118
-1.17855
-0.949126
-0.628919
-0.202947
0.106758
0.102893
-0.0815399
-0.0126754
0.366482
0.772799
1.04152
1.23193
1.39274
1.52173
1.59776
1.59458
1.49476
1.29356
1.00022
0.63391
0.221818
-0.205492
-0.615538
-0.978109
-1.26665
-1.46276
-1.55798
-1.55757
-1.47919
-1.34901
-1.18778
-0.99729
-0.728455
-0.32192
0.0573767
0.126256
-0.101765
0.0626464
0.492121
0.858487
1.0748
1.23004
1.36183
1.46344
1.51558
1.49565
1.38974
1.19484
0.919773
0.5815
0.203751
-0.1871
-0.562945
-0.897717
-1.16824
-1.35827
-1.45966
-1.47598
-1.42136
-1.31836
-1.186
-1.03061
-0.81419
-0.447611
-0.0179692
0.146475
-0.113675
0.164271
0.61722
0.927157
1.09373
1.21789
1.32331
1.40079
1.43286
1.39983
1.29052
1.10306
0.845755
0.533573
0.187275
-0.170333
-0.514851
-0.823743
-1.07674
-1.25952
-1.36442
-1.39381
-1.35915
-1.28012
-1.17399
-1.0496
-0.882908
-0.572765
-0.119625
0.158376
-0.110953
0.289955
0.73412
0.977014
1.0994
1.19644
1.27819
1.33487
1.35045
1.30756
1.19707
1.01787
0.777709
0.489762
0.172254
-0.155048
-0.470885
-0.755729
-0.991802
-1.1665
-1.27267
-1.31193
-1.29367
-1.2353
-1.1527
-1.05533
-0.932816
-0.689724
-0.245347
0.15564
-0.0864754
0.434713
0.835551
1.00776
1.09325
1.16667
1.22752
1.2667
1.26908
1.21909
1.10923
0.938856
0.715135
0.449684
0.158547
-0.1411
-0.430662
-0.693177
-0.912999
-1.07904
-1.18468
-1.23105
-1.22593
-1.18495
-1.12311
-1.04927
-0.963619
-0.791216
-0.39015
0.131147
-0.0327802
0.590924
0.915335
1.02043
1.0768
1.12954
1.17238
1.19721
1.1893
1.13457
1.02679
0.865579
0.657565
0.412986
0.146026
-0.128356
-0.393827
-0.635619
-0.83991
-0.996941
-1.10061
-1.15174
-1.15686
-1.13012
-1.08618
-1.03292
-0.976349
-0.871065
-0.546412
0.0774323
0.0573771
0.748711
0.969021
1.0171
1.05146
1.086
1.11381
1.12724
1.1116
1.05411
0.949528
0.797643
0.604577
0.379358
0.134579
-0.1167
-0.360066
-0.582635
-0.772137
-0.919988
-1.02055
-1.07448
-1.08728
-1.07187
-1.04285
-1.0077
-0.973096
-0.92482
-0.704258
-0.0127478
0.19041
0.896583
0.994367
1.00059
1.01844
1.03701
1.05282
1.05751
1.03636
0.977737
0.877215
0.734675
0.555788
0.348519
0.124106
-0.106027
-0.329099
-0.533841
-0.709312
-0.847954
-0.944549
-0.999633
-1.01793
-1.01118
-0.994077
-0.974815
-0.956657
-0.95024
-0.852198
-0.145808
0.371301
1.02228
0.9916
0.973952
0.978714
0.983577
0.990358
0.988641
0.963855
0.905435
0.809615
0.676326
0.510849
0.320219
0.114515
-0.0962465
-0.300673
-0.48889
-0.651089
-0.780607
-0.87259
-0.92751
-0.94942
-0.94902
-0.940861
-0.935231
-0.930111
-0.947553
-0.977969
-0.326733
0.60307
1.11374
0.963414
0.940146
0.933028
0.926729
0.927288
0.921151
0.894317
0.837158
0.746491
0.622269
0.469444
0.294232
0.105726
-0.0872754
-0.274563
-0.447468
-0.597142
-0.717713
-0.80463
-0.858326
-0.882272
-0.886242
-0.884233
-0.889693
-0.896401
-0.919453
-1.06952
-0.558545
0.886373
1.16012
0.914715
0.901599
0.881988
0.86754
0.864369
0.855465
0.827896
0.772825
0.687606
0.5722
0.431286
0.270357
0.0976687
-0.0790405
-0.250566
-0.409286
-0.547169
-0.65904
-0.740592
-0.79224
-0.816912
-0.823605
-0.825263
-0.838805
-0.857955
-0.870842
-1.116
-0.841902
1.21927
1.15272
0.852124
0.859957
0.826175
0.807093
0.802241
0.791923
0.764691
0.712332
0.632729
0.525834
0.396111
0.24841
0.0902769
-0.071476
-0.228498
-0.374083
-0.500888
-0.604358
-0.680377
-0.729351
-0.753682
-0.76175
-0.765031
-0.783146
-0.816417
-0.808342
-1.10871
-1.17487
1.59723
1.08576
0.783315
0.815935
0.766266
0.746438
0.74142
0.730793
0.704752
0.655559
0.581634
0.482909
0.363682
0.228227
0.083493
-0.064523
-0.208194
-0.34162
-0.458038
-0.553444
-0.623865
-0.669714
-0.692852
-0.701193
-0.704587
-0.72339
-0.7725
-0.739622
-1.04186
-1.5529
2.01324
0.956882
0.716242
0.769325
0.703142
0.686535
0.682302
0.67228
0.64809
0.602369
0.534102
0.443178
0.33378
0.20966
0.0772648
-0.0581285
-0.189506
-0.31168
-0.418374
-0.506081
-0.570924
-0.613342
-0.634629
-0.642334
-0.64489
-0.66042
-0.725996
-0.672637
-0.913106
-1.96901
2.45827
0.767374
0.658371
0.719139
0.63796
0.628197
0.625186
0.616537
0.59468
0.552618
0.489923
0.406415
0.306207
0.192574
0.071545
-0.0522449
-0.172299
-0.284066
-0.381669
-0.462062
-0.521411
-0.560213
-0.57917
-0.585472
-0.586756
-0.59539
-0.675915
-0.614847
-0.723717
-2.41415
2.92175
0.522052
0.615974
0.663864
0.572169
0.572037
0.570288
0.563672
0.54447
0.506157
0.448897
0.372408
0.280781
0.176847
0.0662913
-0.0468292
-0.156452
-0.258595
-0.347714
-0.421185
-0.47518
-0.510277
-0.526583
-0.530825
-0.530799
-0.529749
-0.620743
-0.572526
-0.478511
-2.87774
3.39223
0.228856
0.593597
0.601788
0.507461
0.518431
0.517775
0.513747
0.497385
0.462834
0.41083
0.340961
0.257337
0.162368
0.0614652
-0.0418427
-0.141852
-0.235103
-0.316312
-0.383262
-0.432079
-0.463462
-0.476935
-0.478563
-0.477396
-0.465192
-0.558771
-0.550218
-0.185424
-3.34833
3.85804
-0.101812
0.593719
0.531358
0.44568
0.467499
0.467787
0.466787
0.453332
0.422495
0.37554
0.311892
0.235722
0.149038
0.0570319
-0.0372503
-0.128401
-0.213437
-0.287283
-0.348108
-0.391957
-0.419675
-0.430251
-0.428828
-0.42667
-0.403565
-0.488445
-0.550402
0.145147
-3.81427
4.30799
-0.457924
0.616659
0.451491
0.388675
0.419126
0.420463
0.422772
0.412208
0.384986
0.342853
0.285031
0.215798
0.136764
0.0529597
-0.0330201
-0.116005
-0.193459
-0.260457
-0.315552
-0.35466
-0.378816
-0.386515
-0.381763
-0.378509
-0.346718
-0.408686
-0.573399
0.501172
-4.26433
4.73192
-0.826728
0.660704
0.361828
0.338142
0.372999
0.375955
0.381643
0.373902
0.350156
0.312606
0.260222
0.197438
0.125463
0.0492199
-0.0291234
-0.104583
-0.175043
-0.235678
-0.285429
-0.320038
-0.340774
-0.345668
-0.33752
-0.332601
-0.29635
-0.319135
-0.617501
0.869901
-4.68836
5.12116
-1.19565
0.722441
0.262873
0.295461
0.328669
0.334435
0.343299
0.338301
0.317856
0.284643
0.237318
0.180524
0.11506
0.0457864
-0.0255339
-0.0940566
-0.158069
-0.2128
-0.257585
-0.287943
-0.305437
-0.307609
-0.296273
-0.288501
-0.253845
-0.220301
-0.679296
1.23876
-5.07768
5.46885
-1.55307
0.797223
0.156019
0.261566
0.285632
0.296083
0.3076
0.305297
0.287938
0.258818
0.216184
0.164948
0.105484
0.0426355
-0.0222278
-0.0843576
-0.142433
-0.191688
-0.231875
-0.258225
-0.272697
-0.272203
-0.258205
-0.245706
-0.220139
-0.113578
-0.754142
1.59612
-5.42545
5.7701
-1.88897
0.879709
0.0434552
0.236858
0.243407
0.261079
0.274377
0.274783
0.260256
0.234994
0.196693
0.150613
0.0966712
0.0397453
-0.0191831
-0.0754217
-0.128034
-0.172214
-0.20816
-0.23074
-0.242449
-0.239276
-0.223497
-0.203738
-0.195634
-0.0011586
-0.836704
1.93197
-5.72676
6.02194
-2.1953
0.964414
-0.0720201
0.221168
0.201614
0.229579
0.243434
0.246661
0.234669
0.213043
0.178729
0.137427
0.0885635
0.0370959
-0.01638
-0.0671904
-0.114781
-0.154261
-0.186313
-0.205346
-0.214593
-0.208637
-0.192305
-0.162217
-0.180166
0.114156
-0.9215
2.23824
-5.97865
6.22322
-2.46622
1.04619
-0.18725
0.213791
0.160029
0.201689
0.214565
0.220838
0.211035
0.192845
0.162179
0.125305
0.081107
0.0346692
-0.0138004
-0.05961
-0.102592
-0.137721
-0.166214
-0.181901
-0.189036
-0.180078
-0.164735
-0.120921
-0.173031
0.229207
-1.00339
2.5091
-6.17996
6.37435
-2.69806
1.12062
-0.298996
0.213565
0.118617
0.177444
0.187567
0.197228
0.189219
0.174288
0.146943
0.114172
0.0742523
0.0324484
-0.0114273
-0.0526309
-0.0913876
-0.122489
-0.14775
-0.160269
-0.165691
-0.153394
-0.140824
-0.079817
-0.17307
0.340754
-1.07796
2.74088
-6.33113
6.47708
-2.88917
1.18425
-0.404207
0.218994
0.0775434
0.156791
0.162247
0.175742
0.16909
0.157266
0.132925
0.103954
0.0679537
0.0304181
-0.00924558
-0.0462078
-0.0810979
-0.10847
-0.130816
-0.140318
-0.144469
-0.128392
-0.120517
-0.0390688
-0.178789
0.445743
-1.14175
2.93191
-6.43388
6.5341
-3.03963
1.23473
-0.500241
0.228395
0.0371522
0.139579
0.13844
0.156295
0.15052
0.141682
0.120035
0.0945871
0.0621693
0.0285642
-0.00724102
-0.0402987
-0.0716564
-0.0955761
-0.115314
-0.121921
-0.125282
-0.104906
-0.103663
0.000978801
-0.188504
0.541533
-1.19243
3.08226
-6.49095
6.54884
-3.15087
1.27076
-0.585031
0.240043
-0.00207117
0.125561
0.116014
0.138793
0.133392
0.127444
0.108191
0.086009
0.0568604
0.0268736
-0.00540062
-0.034865
-0.0630023
-0.0837233
-0.101152
-0.104959
-0.108037
-0.0828034
-0.0900119
0.0398415
-0.200493
0.626054
-1.2287
3.19338
-6.50576
6.52516
-3.22536
1.29206
-0.657171
0.252313
-0.0395552
0.114403
0.0948782
0.123136
0.117595
0.114465
0.0973143
0.0781633
0.0519913
0.0253343
-0.00371235
-0.029871
-0.0550788
-0.0728345
-0.0882429
-0.0893206
-0.0926324
-0.0619898
-0.0792296
0.0769492
-0.213131
0.697901
-1.25026
3.26771
-6.48216
6.46714
-3.26621
1.2991
-0.715933
0.263785
-0.0747021
0.105703
0.0749811
0.109215
0.103027
0.102662
0.0873341
0.0709974
0.0475291
0.0239351
-0.00216506
-0.0252838
-0.0478334
-0.062838
-0.0765039
-0.0749049
-0.0789563
-0.0424127
-0.0709125
0.111706
-0.224997
0.756344
-1.25762
3.30838
-6.42426
6.37893
-3.27693
1.29297
-0.761222
0.273325
-0.106946
0.0990187
0.0563095
0.0969068
0.0896004
0.0919554
0.0781838
0.0644621
0.0434433
0.0226654
-0.000748409
-0.0210733
-0.0412172
-0.0536677
-0.0658559
-0.0616212
-0.0668868
-0.0240569
-0.0646149
0.143548
-0.234955
0.80129
-1.25185
3.31889
-6.33621
6.2646
-3.26118
1.27518
-0.793483
0.280113
-0.135803
0.0938919
0.0388806
0.0860812
0.0772343
0.0822701
0.0698022
0.0585117
0.039706
0.0215158
0.000547218
-0.0172114
-0.0351845
-0.0452624
-0.0562227
-0.0493902
-0.0562915
-0.00693787
-0.0598765
0.171994
-0.242184
0.833183
-1.23444
3.3029
-6.22208
6.1281
-3.22258
1.2474
-0.813587
0.283658
-0.160909
0.0898772
0.022734
0.0765983
0.0658606
0.0735317
0.062133
0.0531034
0.0362914
0.020477
0.00173082
-0.0136725
-0.0296926
-0.0375661
-0.0475306
-0.0381433
-0.0470298
0.00890669
-0.0562492
0.196683
-0.246189
0.852897
-1.20709
3.26402
-6.08582
5.97314
-3.16463
1.2114
-0.822702
0.283761
-0.182038
0.0865658
0.00792024
0.0683131
0.0554215
0.0656687
0.055125
0.048197
0.0331758
0.0195407
0.00281077
-0.010433
-0.0247016
-0.0305276
-0.0397082
-0.0278225
-0.0389562
0.0234276
-0.0533215
0.217393
-0.246769
0.861601
-1.17155
3.20576
-5.93115
5.80321
-3.09063
1.16889
-0.822172
0.280477
-0.199114
0.0836039
-0.00550903
0.061079
0.0458679
0.0586112
0.0487312
0.0437547
0.0303371
0.0186988
0.00379496
-0.00747096
-0.0201737
-0.0241002
-0.0326858
-0.0183788
-0.0319235
0.0365745
-0.050737
0.234049
-0.243975
0.860641
-1.12954
3.1314
-5.76156
5.62152
-3.0036
1.12147
-0.813413
0.274058
-0.212196
0.080705
-0.017511
0.0547522
0.0371583
0.0522917
0.042909
0.0397411
0.0277555
0.017944
0.00469077
-0.00476655
-0.0160737
-0.0182416
-0.0263961
-0.00977092
-0.0257878
0.0483058
-0.0482071
0.246716
-0.238054
0.851437
-1.08265
3.044
-5.58026
5.431
-2.90634
1.07057
-0.79783
0.264892
-0.221468
0.0776557
-0.0280595
0.049196
0.0292573
0.0466448
0.0376196
0.0361226
0.0254124
0.017269
0.00550514
-0.0023014
-0.0123683
-0.0129133
-0.020774
-0.00196358
-0.020412
0.0585959
-0.0455162
0.255578
-0.229389
0.835395
-1.0323
2.94634
-5.39017
5.23427
-2.80135
1.01745
-0.776756
0.253448
-0.227206
0.0743146
-0.0371497
0.044284
0.0221331
0.041608
0.032828
0.0328679
0.0232908
0.0166674
0.00624462
-5.87165e-05
-0.00902612
-0.0080802
-0.0157572
0.00507451
-0.01567
0.0674406
-0.0425211
0.260917
-0.218446
0.813853
-0.979749
2.84092
-5.19391
5.03366
-2.69087
0.963195
-0.75141
0.240232
-0.229762
0.0706069
-0.0448019
0.0399035
0.0157564
0.0371217
0.028502
0.0299474
0.0213753
0.0161328
0.00691535
0.00197695
-0.00601779
-0.00371053
-0.0112865
0.0113725
-0.0114492
0.0748602
-0.0391456
0.263083
-0.205725
0.788036
-0.926077
2.72998
-4.99381
4.8312
-2.57684
0.908711
-0.722881
0.225744
-0.229525
0.0665151
-0.0510608
0.0359572
0.0100983
0.0331302
0.0246122
0.0273332
0.0196515
0.0156595
0.00752308
0.0038198
-0.00331573
0.000224908
-0.00730622
0.0169588
-0.00765247
0.0808994
-0.0353712
0.262471
-0.191722
0.759033
-0.872187
2.61547
-4.7919
4.62862
-2.46096
0.854753
-0.692115
0.210453
-0.226905
0.0620672
-0.0559944
0.0323644
0.00512905
0.0295816
0.0211314
0.0249995
0.0181062
0.0152419
0.00807321
0.00548289
-0.000894118
0.00375302
-0.00376496
0.0218627
-0.00419948
0.0856259
-0.0312252
0.259491
-0.176904
0.727798
-0.818827
2.49911
-4.5899
4.42738
-2.34467
0.801933
-0.659919
0.194782
-0.222308
0.0573251
-0.0596903
0.0290607
0.000817386
0.0264285
0.0180344
0.0229221
0.0167273
0.0148748
0.00857078
0.00697823
0.00127104
0.00689882
-0.000615535
0.0261152
-0.00102631
0.0891268
-0.0267693
0.254549
-0.161688
0.695138
-0.766602
2.38232
-4.38926
4.22867
-2.22916
0.750732
-0.626967
0.179092
-0.216121
0.0523725
-0.0622514
0.0259975
-0.00287038
0.0236282
0.0152975
0.0210786
0.0155035
0.0145536
0.00902048
0.00831695
0.00320204
0.00968583
0.00218457
0.0297494
0.00191527
0.0915047
-0.0220872
0.248034
-0.146436
0.661734
-0.715988
2.2663
-4.19116
4.03346
-2.1154
0.701519
-0.593813
0.163684
-0.208702
0.0473046
-0.0637912
0.0231404
-0.00597023
0.0211425
0.0128982
0.0194482
0.0144244
0.0142737
0.00942663
0.00950937
0.00491938
0.0121363
0.00467322
0.032801
0.00465938
0.0928722
-0.0172741
0.240303
-0.131446
0.628139
-0.667348
2.15203
-3.99657
3.84247
-2.00416
0.654558
-0.560902
0.148797
-0.20037
0.0422191
-0.0644288
0.0204667
-0.00852055
0.0189381
0.0108149
0.0180121
0.0134802
0.0140311
0.0097932
0.0105651
0.00644184
0.0142716
0.00688354
0.035308
0.00722806
0.0933479
-0.0124283
0.231674
-0.116956
0.594802
-0.620944
2.04028
-3.80621
3.65626
-1.896
0.610026
-0.528581
0.134613
-0.191403
0.0372095
-0.064284
0.0179639
-0.0105616
0.0169861
0.00902696
0.0167531
0.012662
0.013822
0.0101238
0.0114931
0.00778653
0.0161121
0.00884413
0.0373102
0.00963339
0.093051
-0.00764375
0.222426
-0.103147
0.562072
-0.576948
1.93163
-3.62062
3.47521
-1.79136
0.568024
-0.497116
0.121264
-0.182037
0.0323601
-0.0634742
0.0156272
-0.0121349
0.0152618
0.00751436
0.0156554
0.0119611
0.0136432
0.0104218
0.0123017
0.00896891
0.0176777
0.0105794
0.0388488
0.01188
0.0920981
-0.00300546
0.212794
-0.0901505
0.530215
-0.535458
1.8265
-3.44018
3.29957
-1.69051
0.528587
-0.466701
0.108834
-0.172469
0.027743
-0.0621104
0.0134568
-0.0132824
0.0137446
0.00625771
0.0147053
0.0113695
0.0134917
0.01069
0.012999
0.0100028
0.0189877
0.0121098
0.0399656
0.013967
0.0905998
0.00141386
0.202975
-0.0780525
0.499426
-0.496508
1.72518
-3.26514
3.12947
-1.59361
0.491698
-0.43747
0.0973716
-0.162858
0.0234161
-0.0602955
0.0114565
-0.0140463
0.0124172
0.00523826
0.01389
0.0108798
0.0133646
0.010931
0.0135922
0.0109006
0.0200605
0.0134524
0.0407023
0.0158904
0.0886584
0.0055555
0.193125
-0.0669016
0.469839
-0.460079
1.62783
-3.09562
2.96493
-1.50074
0.457297
-0.409508
0.0868937
-0.153328
0.0194232
-0.0581225
0.00963182
-0.0144674
0.0112654
0.0044379
0.0131988
0.0104849
0.0132598
0.0111472
0.0140885
0.0116732
0.0209141
0.0146211
0.0410994
0.0176441
0.0863663
0.00937507
0.18337
-0.056715
0.441539
-0.42611
1.53451
-2.93163
2.80591
-1.41187
0.425288
-0.382858
0.0773911
-0.143976
0.015794
-0.0556735
0.00798856
-0.014585
0.0102777
0.00383926
0.0126218
0.010178
0.0131752
0.0113404
0.0144945
0.0123301
0.0215658
0.0156274
0.041196
0.0192222
0.0838052
0.0128421
0.173805
-0.0474847
0.414567
-0.394507
1.44523
-2.77313
2.65228
-1.32695
0.395553
-0.35753
0.0688351
-0.134873
0.0125457
-0.0530198
0.00653184
-0.0144365
0.00944445
0.00342579
0.0121507
0.00995284
0.0131091
0.0115124
0.0148162
0.0128797
0.0220319
0.0164806
0.0410292
0.020619
0.0810462
0.0159388
0.1645
-0.0391832
0.388934
-0.36515
1.3599
-2.62
2.50387
-1.24584
0.367954
-0.33351
0.0611821
-0.126068
0.00968412
-0.0502221
0.00526541
-0.0140561
0.00875796
0.00318183
0.0117782
0.00980364
0.01306
0.0116646
0.0150596
0.0133293
0.0223279
0.0171881
0.0406331
0.0218305
0.0781492
0.0186588
0.155504
-0.0317675
0.364624
-0.337902
1.27841
-2.47207
2.36049
-1.16838
0.342341
-0.310762
0.0543774
-0.117595
0.00720566
-0.0473307
0.00419123
-0.0134754
0.00821185
0.00309274
0.011498
0.00972488
0.0130267
0.0117981
0.0152301
0.0136849
0.0224685
0.0177563
0.0400389
0.0228544
0.0751645
0.021005
0.146849
-0.0251841
0.341602
-0.312613
1.20059
-2.32913
2.22189
-1.09439
0.318555
-0.28924
0.0483586
-0.109472
0.00509894
-0.0443869
0.00330934
-0.0127227
0.00780088
0.00314496
0.0113048
0.00971151
0.0130084
0.0119138
0.0153328
0.0139517
0.022467
0.0181901
0.0392748
0.0236903
0.0721329
0.0229882
0.138556
-0.0193714
0.319819
-0.289127
1.12626
-2.19095
2.08782
-1.02366
0.296434
-0.268884
0.0430588
-0.10171
0.00334663
-0.0414235
0.00261786
-0.0118229
0.00752059
0.00332613
0.0111943
0.00975889
0.0130044
0.0120124
0.0153722
0.0141342
0.0223357
0.0184939
0.0383654
0.0243398
0.0690869
0.0246253
0.130631
-0.0142632
0.299216
-0.267282
1.0552
-2.05726
1.95801
-0.95598
0.275816
-0.24963
0.0384081
-0.0943076
0.00192692
-0.0384659
0.00211327
-0.0107974
0.00736729
0.00362511
0.0111627
0.0098628
0.0130141
0.0120944
0.0153525
0.014236
0.0220857
0.0186712
0.037332
0.0248061
0.0660516
0.0259376
0.123075
-0.00979044
0.279727
-0.246916
0.987208
-1.9278
1.83217
-0.891115
0.256541
-0.23141
0.034336
-0.0872612
0.000815019
-0.0355334
0.00179062
-0.00966456
0.00733786
0.00403207
0.0112073
0.0100195
0.0130373
0.0121602
0.0152776
0.0142598
0.0217267
0.018725
0.0361928
0.0250938
0.0630461
0.0269494
0.115883
-0.00588335
0.261285
-0.227871
0.922047
-1.80229
1.71003
-0.828844
0.238451
-0.214157
0.0307726
-0.0805617
-1.54929e-05
-0.0326399
0.00164396
-0.00843936
0.00742967
0.00453853
0.0113257
0.0102257
0.0130738
0.01221
0.0151508
0.0142081
0.0212673
0.0186577
0.0349625
0.0252086
0.0600837
0.0276867
0.109046
-0.00247261
0.243821
-0.209989
0.859496
-1.68045
1.59131
-0.768947
0.221393
-0.197804
0.0276497
-0.0741981
-0.000591721
-0.0297945
0.00166677
-0.00713384
0.00764066
0.00513732
0.0115163
0.0104786
0.0131235
0.0122438
0.0149748
0.0140823
0.0207144
0.0184714
0.0336531
0.0251568
0.0571737
0.0281761
0.102553
0.00050944
0.227268
-0.193119
0.799333
-1.56201
1.47574
-0.711214
0.205221
-0.182291
0.0249013
-0.0681583
-0.000940397
-0.0270031
0.0018524
-0.00575713
0.00796932
0.00582268
0.011778
0.0107757
0.0131867
0.0122615
0.0147522
0.0138836
0.0200739
0.0181674
0.0322736
0.0249447
0.0543213
0.0284439
0.0963896
0.00312797
0.211564
-0.177115
0.741346
-1.44669
1.36306
-0.655446
0.189797
-0.167561
0.0224652
-0.0624299
-0.00108709
-0.024268
0.00219445
-0.00431566
0.00841471
0.0065902
0.0121104
0.0111154
0.0132635
0.0122631
0.0144848
0.0136124
0.0193502
0.0177466
0.0308302
0.0245785
0.0515288
0.0285152
0.0905446
0.00544475
0.196654
-0.16184
0.685338
-1.33423
1.25303
-0.601469
0.174992
-0.153569
0.0202832
-0.0570015
-0.00105545
-0.0215893
0.00268732
-0.0028134
0.00897665
0.0074368
0.0125137
0.0114962
0.0133545
0.0122481
0.014174
0.0132686
0.0185464
0.017209
0.0293269
0.0240636
0.048796
0.0284134
0.085006
0.00751745
0.182491
-0.147166
0.631133
-1.22441
1.14545
-0.549134
0.160688
-0.140279
0.0183018
-0.0518633
-0.000866576
-0.0189648
0.00332653
-0.00125194
0.00965579
0.00836073
0.0129885
0.0119172
0.0134599
0.0122162
0.0138209
0.0128517
0.0176641
0.0165541
0.0277651
0.0234041
0.0461204
0.0281591
0.0797633
0.00939877
0.169037
-0.132976
0.57858
-1.11701
1.04015
-0.498331
0.146783
-0.127667
0.0164738
-0.0470075
-0.000538345
-0.0163904
0.00410916
0.000369333
0.0104537
0.0093616
0.013536
0.0123782
0.0135804
0.012167
0.0134258
0.0123605
0.0167039
0.0157801
0.026144
0.0226029
0.0434977
0.0277697
0.0748085
0.0111354
0.156272
-0.119169
0.527572
-1.01187
0.937009
-0.449004
0.133193
-0.115731
0.0147588
-0.0424291
-8.48324e-05
-0.0138606
0.00503425
0.0020531
0.011373
0.0104403
0.0141581
0.0128793
0.0137168
0.0120999
0.0129888
0.0117931
0.015665
0.0148843
0.024461
0.0216606
0.0409221
0.0272589
0.0701362
0.0127671
0.144189
-0.105661
0.478051
-0.90887
0.835997
-0.40117
0.119859
-0.104485
0.013125
-0.0381261
0.000484374
-0.0113681
0.0061031
0.00380412
0.0124176
0.0115989
0.0148575
0.0134211
0.0138698
0.0120143
0.0125092
0.0111471
0.0145453
0.013863
0.0227113
0.0205758
0.0383861
0.0266359
0.065744
0.0143247
0.132804
-0.0923957
0.430033
-0.807979
0.737199
-0.354945
0.106755
-0.093972
0.0115506
-0.0340996
0.00116476
-0.00890434
0.00731973
0.00562909
0.0135927
0.0128408
0.0156371
0.0140049
0.0140403
0.0119095
0.0119862
0.0104195
0.0133413
0.0127108
0.020888
0.0193441
0.0358809
0.0259046
0.0616329
0.0158293
0.12216
-0.0793479
0.383637
-0.709284
0.64087
-0.310585
0.0938987
-0.0842618
0.0100256
-0.030354
0.00195758
-0.00645869
0.00869122
0.00753679
0.0149052
0.0141709
0.0165012
0.0146325
0.0142293
0.0117845
0.011418
0.00960633
0.0120486
0.0114209
0.0189824
0.0179585
0.0333957
0.0250632
0.0578066
0.0172897
0.112326
-0.0665357
0.339118
-0.61304
0.547513
-0.268536
0.0813602
-0.0754595
0.00855412
-0.0268963
0.00287032
-0.00401912
0.0102277
0.00953768
0.0163633
0.0155948
0.0174541
0.0153058
0.0144381
0.0116385
0.0108028
0.00870328
0.0106614
0.00998518
0.0169839
0.0164085
0.0309182
0.0241039
0.0542722
0.0187011
0.103408
-0.0540328
0.296924
-0.519752
0.457985
-0.229486
0.0692744
-0.0677011
0.0071531
-0.0237352
0.00391516
-0.00157281
0.0119405
0.0116423
0.0179751
0.0171181
0.0185001
0.0160269
0.0146675
0.0114706
0.0101387
0.00770632
0.00917437
0.00839543
0.014882
0.0146824
0.0284355
0.0230138
0.0510376
0.020045
0.0955415
-0.0419755
0.257744
-0.430279
0.373572
-0.194359
0.0577913
-0.0611264
0.00583842
-0.0208714
0.0051053
0.000897435
0.0138424
0.0138638
0.0197495
0.0187479
0.0196438
0.0167985
0.0149185
0.0112802
0.00942335
0.00661095
0.00758049
0.00664288
0.0126636
0.0127678
0.0259299
0.0217792
0.0481035
0.0213045
0.0888672
-0.0305167
0.222507
-0.345905
0.296076
-0.164508
0.0470093
-0.0558734
0.00462217
-0.0182802
0.00647859
0.00344246
0.0159789
0.0162484
0.0217245
0.0205157
0.0209079
0.0176348
0.0151959
0.0110631
0.00864324
0.00539514
0.00584875
0.00468978
0.0102824
0.0106184
0.0233502
0.0203613
0.0454437
0.0224658
0.083522
-0.0197574
0.192567
-0.268434
0.229671
-0.143374
0.0376337
-0.0524214
0.00371021
-0.0159885
0.00819031
0.00614917
0.018489
0.018896
0.024007
0.0224958
0.0223551
0.0185692
0.0155149
0.0108065
0.00776695
0.00399782
0.00390613
0.0024299
0.00763867
0.00809455
0.0206081
0.018602
0.0430833
0.0233182
0.0799844
-0.0104098
0.171373
-0.202043
0.186744
-0.140402
0.0346491
-0.0529568
0.00437165
-0.0146111
0.0105322
0.00873229
0.0213671
0.0216034
0.0265124
0.024543
0.0239161
0.0195294
0.0158672
0.0105163
0.00686467
0.00248639
0.00189666
-5.358e-05
0.00493614
0.00520079
0.0179917
0.0162073
0.041643
0.0225845
0.0804532
-0.00747699
0.168383
-0.159123
4.93864e-05
-0.0842058
-0.0203268
0.322125
0.745803
1.10782
1.41429
1.68571
1.90252
2.01687
1.98345
1.77905
1.40987
0.906266
0.316563
-0.30204
-0.888838
-1.38728
-1.7502
-1.94851
-1.97708
-1.85965
-1.64147
-1.3698
-1.06348
-0.701477
-0.277618
0.0649328
0.128753
0.0445128
-0.0156137
-0.0938411
0.0498268
0.444082
0.847455
1.16467
1.42979
1.66075
1.83535
1.91146
1.85321
1.64457
1.29373
0.828035
0.289207
-0.2741
-0.810298
-1.27128
-1.61629
-1.81912
-1.87255
-1.79317
-1.61689
-1.38542
-1.12034
-0.803152
-0.399616
-0.00521823
0.138418
0.0601785
-0.035498
-0.087917
0.140992
0.563303
0.929614
1.20131
1.42806
1.62117
1.75748
1.80098
1.72374
1.51502
1.18395
0.754885
0.263746
-0.248113
-0.736856
-1.1616
-1.48723
-1.69042
-1.7629
-1.71598
-1.57772
-1.38386
-1.157
-0.885329
-0.518877
-0.0963922
0.132527
0.0800735
-0.0582292
-0.0620966
0.247501
0.673255
0.993329
1.22272
1.4151
1.57454
1.67846
1.69614
1.60559
1.39963
1.08764
0.691256
0.241679
-0.225616
-0.672989
-1.06536
-1.37226
-1.57293
-1.65879
-1.6376
-1.53152
-1.3711
-1.17847
-0.949063
-0.628867
-0.202922
0.106731
0.102821
-0.0815953
-0.0127313
0.366426
0.772743
1.04146
1.23188
1.39269
1.52168
1.59773
1.59456
1.49475
1.29356
1.00024
0.633941
0.221864
-0.205433
-0.615468
-0.978029
-1.26656
-1.46267
-1.55788
-1.55748
-1.47911
-1.34892
-1.18771
-0.997221
-0.728395
-0.321879
0.0573777
0.126206
-0.101821
0.0625905
0.492065
0.858432
1.07475
1.22998
1.36179
1.4634
1.51555
1.49562
1.38973
1.19484
0.91979
0.581532
0.203797
-0.187041
-0.562875
-0.897637
-1.16815
-1.35818
-1.45957
-1.47588
-1.42127
-1.31828
-1.18592
-1.03054
-0.814124
-0.447558
-0.0179465
0.146449
-0.113731
0.164215
0.617164
0.927102
1.09367
1.21784
1.32326
1.40075
1.43282
1.39981
1.29051
1.10306
0.845774
0.533606
0.187321
-0.170274
-0.514781
-0.823663
-1.07665
-1.25944
-1.36433
-1.39372
-1.35906
-1.28004
-1.17391
-1.04952
-0.882837
-0.572704
-0.119587
0.158373
-0.111009
0.289899
0.734065
0.976959
1.09934
1.19639
1.27814
1.33482
1.35042
1.30754
1.19707
1.01788
0.777729
0.489795
0.172301
-0.154989
-0.470815
-0.755649
-0.991716
-1.16641
-1.27258
-1.31185
-1.29358
-1.23522
-1.15262
-1.05525
-0.93274
-0.689657
-0.245298
0.155657
-0.0865314
0.434657
0.835496
1.00771
1.09319
1.16662
1.22748
1.26666
1.26905
1.21907
1.10922
0.938864
0.715156
0.449718
0.158594
-0.14104
-0.430591
-0.693097
-0.912914
-1.07895
-1.18459
-1.23096
-1.22584
-1.18486
-1.12303
-1.04919
-0.96354
-0.791144
-0.390094
0.131179
-0.0328363
0.590868
0.91528
1.02037
1.07674
1.12949
1.17234
1.19717
1.18927
1.13456
1.02678
0.865588
0.657587
0.413022
0.146075
-0.128296
-0.393756
-0.63554
-0.839824
-0.996853
-1.10052
-1.15165
-1.15677
-1.13004
-1.08609
-1.03284
-0.976266
-0.870989
-0.546351
0.0774775
0.057321
0.748655
0.968966
1.01705
1.0514
1.08595
1.11377
1.1272
1.11158
1.0541
0.949524
0.797653
0.6046
0.379394
0.134629
-0.116639
-0.359995
-0.582555
-0.772052
-0.919899
-1.02046
-1.07439
-1.08719
-1.07178
-1.04276
-1.00761
-0.973011
-0.92474
-0.704193
-0.0126936
0.190354
0.896527
0.994312
1.00053
1.01839
1.03696
1.05278
1.05747
1.03633
0.977721
0.877213
0.734686
0.555812
0.348556
0.124155
-0.105965
-0.329027
-0.533761
-0.709227
-0.847865
-0.94446
-0.999544
-1.01784
-1.01109
-0.993985
-0.974724
-0.956569
-0.950158
-0.852129
-0.145748
0.371245
1.02222
0.991545
0.973897
0.978661
0.983528
0.990314
0.988605
0.963829
0.905421
0.809614
0.676339
0.510874
0.320257
0.114565
-0.096184
-0.300601
-0.48881
-0.651003
-0.780518
-0.8725
-0.92742
-0.94933
-0.948929
-0.940768
-0.935137
-0.930021
-0.947468
-0.977897
-0.326668
0.603014
1.11368
0.963359
0.940092
0.932975
0.92668
0.927245
0.921116
0.894293
0.837145
0.746491
0.622283
0.469471
0.294271
0.105778
-0.0872122
-0.27449
-0.447387
-0.597055
-0.717624
-0.80454
-0.858236
-0.882181
-0.88615
-0.884139
-0.889597
-0.896308
-0.919365
-1.06944
-0.558476
0.886316
1.16006
0.91466
0.901545
0.881936
0.867492
0.864327
0.855431
0.827873
0.772814
0.687608
0.572215
0.431314
0.270397
0.097721
-0.0789766
-0.250492
-0.409204
-0.547082
-0.65895
-0.740502
-0.792149
-0.816821
-0.823512
-0.825168
-0.838708
-0.857861
-0.870751
-1.11592
-0.84183
1.21922
1.15266
0.852069
0.859902
0.826123
0.807046
0.8022
0.791891
0.764669
0.712323
0.632732
0.52585
0.39614
0.248451
0.0903301
-0.0714114
-0.228423
-0.374
-0.500801
-0.604268
-0.680286
-0.72926
-0.75359
-0.761657
-0.764935
-0.783048
-0.81632
-0.808249
-1.10862
-1.1748
1.59717
1.0857
0.783259
0.81588
0.766214
0.746391
0.741379
0.730761
0.704732
0.65555
0.581638
0.482926
0.363712
0.228269
0.0835471
-0.0644576
-0.208119
-0.341537
-0.45795
-0.553353
-0.623774
-0.669623
-0.692759
-0.701099
-0.70449
-0.723291
-0.772402
-0.739527
-1.04178
-1.55282
2.01318
0.956825
0.716187
0.769271
0.703091
0.686488
0.682263
0.672249
0.648071
0.602361
0.534107
0.443197
0.333811
0.209703
0.0773197
-0.0580623
-0.18943
-0.311597
-0.418285
-0.50599
-0.570832
-0.61325
-0.634536
-0.64224
-0.644793
-0.66032
-0.725897
-0.67254
-0.913016
-1.96893
2.45821
0.767317
0.658315
0.719085
0.637909
0.628151
0.625147
0.616508
0.594662
0.552612
0.48993
0.406435
0.306239
0.192618
0.0716008
-0.0521779
-0.172223
-0.283982
-0.38158
-0.46197
-0.521319
-0.560121
-0.579076
-0.585376
-0.586659
-0.595289
-0.675815
-0.614749
-0.723624
-2.41406
2.92169
0.521995
0.615918
0.663809
0.572118
0.571992
0.57025
0.563643
0.544453
0.506153
0.448905
0.372429
0.280814
0.176892
0.066348
-0.0467615
-0.156374
-0.25851
-0.347625
-0.421094
-0.475088
-0.510184
-0.526489
-0.530729
-0.530701
-0.529648
-0.620642
-0.572427
-0.478415
-2.87765
3.39217
0.228799
0.593541
0.601734
0.50741
0.518386
0.517738
0.51372
0.497369
0.462831
0.410839
0.340983
0.25737
0.162414
0.0615227
-0.0417742
-0.141774
-0.235017
-0.316223
-0.38317
-0.431987
-0.463368
-0.476841
-0.478467
-0.477297
-0.465091
-0.55867
-0.550118
-0.185325
-3.34825
3.85798
-0.10187
0.593663
0.531304
0.445629
0.467454
0.46775
0.466761
0.453318
0.422493
0.375551
0.311915
0.235757
0.149084
0.0570901
-0.0371811
-0.128322
-0.213351
-0.287193
-0.348016
-0.391864
-0.419582
-0.430157
-0.428732
-0.426571
-0.403463
-0.488343
-0.550301
0.145248
-3.81418
4.30793
-0.457982
0.616602
0.451437
0.388625
0.419082
0.420428
0.422747
0.412195
0.384985
0.342865
0.285055
0.215834
0.136811
0.0530186
-0.0329503
-0.115926
-0.193373
-0.260367
-0.315459
-0.354567
-0.378722
-0.38642
-0.381666
-0.37841
-0.346617
-0.408583
-0.573298
0.501274
-4.26423
4.73186
-0.826786
0.660647
0.361774
0.338092
0.372956
0.375921
0.38162
0.37389
0.350157
0.312619
0.260247
0.197475
0.125512
0.0492796
-0.0290529
-0.104503
-0.174956
-0.235588
-0.285337
-0.319946
-0.34068
-0.345573
-0.337424
-0.332502
-0.296249
-0.319032
-0.617399
0.870005
-4.68826
5.1211
-1.19571
0.722385
0.262819
0.295412
0.328627
0.334402
0.343276
0.338291
0.317858
0.284657
0.237344
0.180561
0.115109
0.0458468
-0.0254628
-0.0939762
-0.157982
-0.212709
-0.257493
-0.28785
-0.305344
-0.307515
-0.296177
-0.288402
-0.253744
-0.220197
-0.679194
1.23886
-5.07759
5.46879
-1.55313
0.797166
0.155966
0.261518
0.28559
0.296051
0.307579
0.305288
0.287942
0.258834
0.216211
0.164987
0.105534
0.0426964
-0.0221561
-0.0842768
-0.142345
-0.191596
-0.231783
-0.258133
-0.272605
-0.272109
-0.25811
-0.245608
-0.220039
-0.113475
-0.75404
1.59623
-5.42535
5.77004
-1.88903
0.879652
0.0434021
0.23681
0.243367
0.261048
0.274357
0.274775
0.260261
0.235011
0.196722
0.150652
0.0967215
0.0398067
-0.019111
-0.0753405
-0.127946
-0.172123
-0.208068
-0.230649
-0.242358
-0.239184
-0.223403
-0.203641
-0.195535
-0.00105606
-0.836601
1.93207
-5.72666
6.02188
-2.19536
0.964357
-0.072073
0.221121
0.201575
0.22955
0.243415
0.246655
0.234675
0.213061
0.178758
0.137467
0.0886145
0.0371579
-0.0163076
-0.0671089
-0.114693
-0.15417
-0.186222
-0.205255
-0.214503
-0.208546
-0.192212
-0.162122
-0.180068
0.114258
-0.921398
2.23835
-5.97854
6.22316
-2.46627
1.04613
-0.187302
0.213744
0.159991
0.201661
0.214549
0.220834
0.211043
0.192864
0.162209
0.125346
0.0811585
0.0347316
-0.0137276
-0.0595283
-0.102504
-0.137629
-0.166123
-0.181811
-0.188948
-0.179989
-0.164644
-0.120827
-0.172934
0.229308
-1.00329
2.50921
-6.17985
6.37429
-2.69812
1.12056
-0.299048
0.213519
0.11858
0.177417
0.187552
0.197224
0.189228
0.174307
0.146974
0.114213
0.0743042
0.0325111
-0.0113543
-0.0525491
-0.0912996
-0.122398
-0.147659
-0.160181
-0.165604
-0.153307
-0.140735
-0.0797251
-0.172975
0.340853
-1.07785
2.74098
-6.33102
6.47702
-2.88923
1.18419
-0.404258
0.21895
0.0775073
0.156766
0.162233
0.175741
0.1691
0.157287
0.132956
0.103996
0.068006
0.030481
-0.00917248
-0.046126
-0.08101
-0.10838
-0.130726
-0.140231
-0.144384
-0.128308
-0.120431
-0.0389795
-0.178696
0.445841
-1.14165
2.93201
-6.43377
6.53404
-3.03969
1.23467
-0.500292
0.228351
0.0371174
0.139555
0.138427
0.156295
0.150531
0.141704
0.120067
0.0946292
0.0622219
0.0286273
-0.0071679
-0.040217
-0.0715688
-0.095486
-0.115225
-0.121835
-0.125199
-0.104825
-0.10358
0.00106502
-0.188414
0.541628
-1.19233
3.08236
-6.49084
6.54878
-3.15093
1.27071
-0.585081
0.24
-0.00210457
0.125539
0.116003
0.138794
0.133404
0.127467
0.108223
0.0860516
0.0569132
0.0269368
-0.00532759
-0.0347835
-0.062915
-0.0836338
-0.101064
-0.104875
-0.107957
-0.0827249
-0.0899328
0.0399241
-0.200407
0.626147
-1.2286
3.19348
-6.50565
6.5251
-3.22541
1.292
-0.65722
0.252271
-0.0395871
0.114382
0.0948691
0.123139
0.117608
0.114488
0.0973475
0.0782062
0.0520442
0.0253974
-0.00363952
-0.0297899
-0.054992
-0.0727456
-0.0881557
-0.0892377
-0.0925543
-0.0619147
-0.0791545
0.0770275
-0.213048
0.69799
-1.25017
3.26781
-6.48205
6.46708
-3.26627
1.29904
-0.715981
0.263745
-0.0747324
0.105684
0.0749737
0.109218
0.103042
0.102686
0.0873677
0.0710405
0.0475821
0.023998
-0.00209255
-0.0252032
-0.0477472
-0.06275
-0.0764177
-0.0748236
-0.0788807
-0.0423411
-0.0708417
0.111779
-0.224919
0.75643
-1.25752
3.30848
-6.42416
6.37887
-3.27699
1.29292
-0.761269
0.273286
-0.106974
0.0990014
0.0563036
0.0969118
0.0896156
0.0919801
0.0782178
0.0645054
0.0434963
0.0227282
-0.000676346
-0.0209933
-0.0411318
-0.0535805
-0.0657709
-0.0615416
-0.0668137
-0.023989
-0.0645489
0.143616
-0.234881
0.80137
-1.25176
3.31899
-6.3361
6.26454
-3.26124
1.27512
-0.793529
0.280076
-0.13583
0.0938764
0.0388763
0.0860875
0.0772503
0.0822953
0.0698364
0.0585551
0.0397588
0.0215782
0.000618712
-0.0171322
-0.0351001
-0.0451763
-0.056139
-0.0493124
-0.056221
-0.0068737
-0.0598154
0.172056
-0.242117
0.833259
-1.23435
3.30299
-6.22198
6.12804
-3.22264
1.24735
-0.813631
0.283622
-0.160934
0.0898635
0.0227311
0.0766057
0.0658774
0.0735574
0.0621675
0.0531468
0.036344
0.0205389
0.00180161
-0.0135942
-0.0296093
-0.0374813
-0.0474484
-0.0380674
-0.046962
0.00896706
-0.0561931
0.196739
-0.246128
0.852966
-1.20701
3.2641
-6.08572
5.97308
-3.16469
1.21135
-0.822745
0.283727
-0.182061
0.0865539
0.00791886
0.0683215
0.055439
0.0656948
0.0551595
0.0482403
0.033228
0.019602
0.00288074
-0.0103557
-0.0246195
-0.0304442
-0.0396276
-0.0277485
-0.038891
0.0234841
-0.0532705
0.217443
-0.246715
0.861663
-1.17148
3.20584
-5.93106
5.80315
-3.09068
1.16884
-0.822213
0.280446
-0.199135
0.0835937
-0.00550905
0.0610884
0.0458859
0.0586376
0.0487658
0.0437978
0.0303889
0.0187595
0.00386397
-0.00739491
-0.0200931
-0.0240184
-0.032607
-0.0183068
-0.031861
0.0366274
-0.0506912
0.234093
-0.243928
0.860696
-1.12947
3.13148
-5.76147
5.62146
-3.00366
1.12142
-0.813452
0.274029
-0.212215
0.0806965
-0.0175098
0.0547625
0.0371769
0.0523183
0.0429435
0.0397839
0.0278068
0.0180038
0.00475869
-0.00469186
-0.0159946
-0.0181616
-0.0263192
-0.0097011
-0.025728
0.048355
-0.0481663
0.246753
-0.238014
0.851484
-1.08259
3.04407
-5.58017
5.43094
-2.90639
1.07053
-0.797867
0.264864
-0.221484
0.0776488
-0.028057
0.049207
0.0292763
0.0466715
0.0376541
0.0361651
0.025463
0.0173279
0.00557184
-0.00222822
-0.0122909
-0.0128351
-0.0206991
-0.001896
-0.020355
0.0586415
-0.0454802
0.255609
-0.229357
0.835434
-1.03225
2.9464
-5.39009
5.23421
-2.8014
1.01741
-0.77679
0.253423
-0.227221
0.0743092
-0.0371462
0.0442957
0.0221525
0.0416347
0.0328623
0.0329099
0.0233408
0.0167253
0.00630997
1.28085e-05
-0.0089507
-0.00800413
-0.0156845
0.00513972
-0.0156157
0.0674827
-0.0424899
0.260941
-0.218421
0.813883
-0.979708
2.84097
-5.19384
5.03361
-2.69092
0.963154
-0.751442
0.240209
-0.229775
0.070603
-0.0447975
0.0399157
0.015776
0.0371484
0.028536
0.0299888
0.0214244
0.0161896
0.00697923
0.00204668
-0.00594444
-0.00363671
-0.0112161
0.0114352
-0.0113976
0.0748989
-0.0391189
0.263102
-0.205708
0.788057
-0.926045
2.73002
-4.99376
4.83115
-2.57688
0.908672
-0.722911
0.225723
-0.229536
0.0665124
-0.0510555
0.0359699
0.010118
0.0331568
0.0246458
0.0273741
0.0196997
0.015715
0.00758537
0.0038876
-0.0032446
0.000296295
-0.00723842
0.0170189
-0.00760373
0.0809347
-0.0353487
0.262484
-0.191712
0.759046
-0.872165
2.61551
-4.79185
4.62857
-2.461
0.854716
-0.692142
0.210435
-0.226914
0.0620657
-0.0559883
0.0323775
0.00514889
0.0296081
0.0211646
0.0250397
0.0181534
0.0152961
0.0081338
0.00554862
-0.000825356
0.00382182
-0.00369987
0.02192
-0.00415364
0.0856579
-0.0312068
0.259499
-0.176901
0.727802
-0.818814
2.49913
-4.58986
4.42733
-2.34471
0.801899
-0.659944
0.194765
-0.222316
0.0573247
-0.0596835
0.0290741
0.000837239
0.0264548
0.0180671
0.0229615
0.0167735
0.0149276
0.00862956
0.00704177
0.00133729
0.00696489
-0.000553306
0.0261696
-0.000983454
0.0891557
-0.0267548
0.254552
-0.161692
0.695134
-0.766598
2.38233
-4.38923
4.22863
-2.2292
0.750701
-0.62699
0.179077
-0.216128
0.052373
-0.0622441
0.0260112
-0.00285057
0.0236542
0.0153297
0.0211172
0.0155485
0.0146048
0.00907734
0.0083782
0.00326566
0.00974901
0.00224379
0.0298008
0.00195506
0.0915303
-0.0220762
0.248032
-0.146446
0.661722
-0.715994
2.2663
-4.19115
4.03341
-2.11544
0.70149
-0.593834
0.163671
-0.208708
0.047306
-0.0637835
0.0231542
-0.00595054
0.0211681
0.0129297
0.0194859
0.0144682
0.0143233
0.00948148
0.00956821
0.00498024
0.0121965
0.00472929
0.0328492
0.00469602
0.0928947
-0.0172667
0.240296
-0.131461
0.628121
-0.667363
2.15203
-3.99656
3.84243
-2.00419
0.654531
-0.560921
0.148785
-0.200375
0.0422212
-0.0644207
0.0204805
-0.00850103
0.0189633
0.0108458
0.0180489
0.0135227
0.014079
0.00984597
0.0106214
0.00649985
0.0143286
0.00693634
0.0353528
0.00726146
0.0933671
-0.0124242
0.231664
-0.116976
0.594777
-0.620966
2.04027
-3.80621
3.65622
-1.89603
0.610002
-0.528598
0.134603
-0.191406
0.0372122
-0.0642756
0.0179778
-0.0105423
0.0170108
0.00905715
0.0167888
0.0127031
0.0138682
0.0101744
0.0115468
0.0078416
0.0161659
0.00889355
0.0373517
0.00966348
0.093067
-0.00764297
0.222412
-0.103171
0.562041
-0.576978
1.93161
-3.62063
3.47518
-1.79139
0.568001
-0.497131
0.121255
-0.18204
0.0323633
-0.0634656
0.015641
-0.0121159
0.015286
0.00754379
0.0156901
0.0120008
0.0136877
0.0104701
0.0123529
0.00902096
0.0177283
0.0106254
0.0388868
0.0119067
0.0921109
-0.00300786
0.212777
-0.0901789
0.53018
-0.535494
1.82647
-3.44021
3.29954
-1.69053
0.528567
-0.466715
0.108826
-0.172471
0.0277466
-0.0621016
0.0134705
-0.0132638
0.0137682
0.00628632
0.0147388
0.0114078
0.0135342
0.0107361
0.0130474
0.0100518
0.0190349
0.0121523
0.0400001
0.0139903
0.0906093
0.00140836
0.202955
-0.0780846
0.499386
-0.49655
1.72514
-3.26518
3.12944
-1.59363
0.49168
-0.437483
0.0973651
-0.162859
0.0234201
-0.0602867
0.0114701
-0.014028
0.0124403
0.00526601
0.0139224
0.0109166
0.0134053
0.0109748
0.0136379
0.0109465
0.0201043
0.0134913
0.0407331
0.0159102
0.0886646
0.00554695
0.193102
-0.066937
0.469796
-0.460127
1.62778
-3.09566
2.96491
-1.50076
0.45728
-0.409519
0.0868881
-0.153329
0.0194274
-0.0581136
0.00964523
-0.0144495
0.0112879
0.00446478
0.01323
0.0105201
0.0132986
0.0111886
0.0141315
0.0117159
0.0209545
0.0146564
0.0411266
0.0176604
0.0863693
0.00936353
0.183344
-0.0567533
0.441491
-0.426162
1.53446
-2.93168
2.80588
-1.41189
0.425273
-0.382868
0.0773863
-0.143976
0.0157985
-0.0556646
0.00800174
-0.0145676
0.0102994
0.00386522
0.0126518
0.0102116
0.013212
0.0113795
0.0145346
0.0123697
0.0216027
0.0156591
0.0412196
0.019235
0.083805
0.0128276
0.173776
-0.0475258
0.414516
-0.394563
1.44517
-2.77319
2.65225
-1.32697
0.39554
-0.357539
0.0688311
-0.134873
0.0125503
-0.053011
0.00654477
-0.0144194
0.00946553
0.00345082
0.0121795
0.00998495
0.0131439
0.0115492
0.0148536
0.0129162
0.0220654
0.0165086
0.0410492
0.0206283
0.0810427
0.0159215
0.164469
-0.0392267
0.388881
-0.365209
1.35984
-2.62006
2.50385
-1.24585
0.367942
-0.333517
0.0611787
-0.126067
0.00968887
-0.0502134
0.00527805
-0.0140396
0.00877833
0.00320591
0.0118057
0.00983419
0.0130929
0.011699
0.0150943
0.0133627
0.0223581
0.0172127
0.0406495
0.0218364
0.0781426
0.0186386
0.15547
-0.0318134
0.364568
-0.337964
1.27835
-2.47214
2.36047
-1.1684
0.34233
-0.310769
0.0543745
-0.117594
0.00721048
-0.0473221
0.00420355
-0.0134594
0.00823151
0.00311586
0.0115242
0.00975386
0.0130577
0.0118302
0.0152621
0.0137152
0.0224953
0.0177773
0.0400519
0.0228569
0.0751548
0.020982
0.146813
-0.0252321
0.341545
-0.312678
1.20053
-2.3292
2.22188
-1.09441
0.318545
-0.289246
0.0483562
-0.109471
0.0051038
-0.0443785
0.00332133
-0.0127072
0.00781981
0.00316711
0.0113298
0.00973893
0.0130375
0.0119436
0.0153621
0.0139791
0.0224905
0.0182078
0.0392843
0.0236895
0.0721202
0.0229626
0.138517
-0.0194215
0.31976
-0.289193
1.12619
-2.19102
2.08781
-1.02368
0.296425
-0.26889
0.0430568
-0.101708
0.00335148
-0.0414152
0.00262951
-0.0118079
0.00753879
0.00334732
0.0112181
0.00978476
0.0130316
0.0120399
0.0153989
0.0141587
0.0223561
0.0185082
0.0383715
0.0243358
0.0690712
0.0245971
0.13059
-0.0143151
0.299155
-0.26735
1.05513
-2.05734
1.95799
-0.955992
0.275808
-0.249635
0.0384064
-0.094306
0.00193174
-0.0384579
0.00212456
-0.0107829
0.00738475
0.00364534
0.0111853
0.00988716
0.0130395
0.0121198
0.0153768
0.0142576
0.022103
0.0186823
0.037335
0.024799
0.0660331
0.0259069
0.123032
-0.00984421
0.279664
-0.246986
0.987134
-1.92788
1.83216
-0.891125
0.256534
-0.231414
0.0343347
-0.0872594
0.000819799
-0.0355256
0.00180153
-0.00965066
0.00735459
0.00405135
0.0112287
0.0100424
0.0130609
0.0121835
0.0152994
0.0142787
0.0217411
0.018733
0.0361926
0.0250837
0.0630248
0.0269163
0.115839
-0.00593881
0.261221
-0.227943
0.921971
-1.80237
1.71002
-0.828853
0.238444
-0.214161
0.0307716
-0.0805599
-1.07824e-05
-0.0326322
0.0016545
-0.008426
0.00744568
0.00455688
0.0113459
0.0102471
0.0130956
0.0122312
0.0151702
0.0142244
0.0212788
0.0186628
0.0349594
0.0251957
0.0600599
0.0276513
0.109
-0.00252966
0.243755
-0.210062
0.859419
-1.68053
1.5913
-0.768956
0.221387
-0.197808
0.0276488
-0.0741963
-0.000587096
-0.0297871
0.00167694
-0.00712101
0.00765596
0.00515476
0.0115353
0.0104986
0.0131437
0.0122631
0.014992
0.0140961
0.0207233
0.0184737
0.0336473
0.0251412
0.0571474
0.0281386
0.102504
0.000450906
0.227201
-0.193193
0.799254
-1.56209
1.47573
-0.711221
0.205215
-0.182294
0.0249007
-0.0681564
-0.000935869
-0.0269959
0.00186219
-0.00574483
0.00798393
0.00583924
0.011796
0.0107945
0.0132052
0.012279
0.0147673
0.013895
0.0200803
0.0181671
0.0322651
0.0249266
0.0542927
0.0284044
0.0963395
0.00306806
0.211496
-0.17719
0.741266
-1.44677
1.36305
-0.655454
0.189792
-0.167564
0.0224648
-0.0624279
-0.00108266
-0.0242611
0.00220388
-0.00430387
0.00842865
0.00660591
0.0121274
0.0111328
0.0132806
0.0122787
0.0144978
0.0136216
0.0193542
0.0177438
0.0308193
0.0245581
0.0514981
0.0284739
0.090493
0.00538358
0.196585
-0.161916
0.685258
-1.33432
1.25302
-0.601476
0.174987
-0.153572
0.0202828
-0.0569996
-0.00105114
-0.0215826
0.00269639
-0.00280209
0.00898995
0.00745169
0.0125296
0.0115124
0.0133701
0.012262
0.0141852
0.0132758
0.0185481
0.017204
0.0293136
0.024041
0.0487633
0.0283703
0.0849528
0.00745512
0.18242
-0.147243
0.631051
-1.2245
1.14545
-0.54914
0.160684
-0.140281
0.0183016
-0.0518614
-0.000862382
-0.0189583
0.00333526
-0.00124111
0.00966847
0.00837484
0.0130034
0.0119323
0.0134742
0.0122286
0.0138304
0.012857
0.0176638
0.0165469
0.0277497
0.0233795
0.0460859
0.0281145
0.0797089
0.00933539
0.168966
-0.133054
0.578498
-1.1171
1.04014
-0.498337
0.146779
-0.12767
0.0164736
-0.0470056
-0.000534269
-0.0163842
0.00411755
0.000379716
0.0104658
0.00937499
0.0135501
0.0123922
0.0135935
0.012178
0.0134337
0.012364
0.0167018
0.015771
0.0261268
0.0225765
0.0434615
0.0277237
0.0747529
0.0110711
0.1562
-0.119247
0.527489
-1.01196
0.937002
-0.449009
0.133189
-0.115733
0.0147587
-0.0424272
-8.08716e-05
-0.0138545
0.00504233
0.00206307
0.0113846
0.010453
0.0141714
0.0128923
0.0137287
0.0121096
0.0129952
0.011795
0.0156611
0.0148735
0.0244421
0.0216326
0.0408844
0.0272116
0.0700796
0.0127019
0.144116
-0.10574
0.477967
-0.908957
0.835991
-0.401175
0.119855
-0.104487
0.0131249
-0.0381242
0.000488223
-0.0113623
0.00611089
0.0038137
0.0124287
0.0116109
0.01487
0.0134333
0.0138806
0.0120228
0.0125143
0.0111475
0.0145399
0.0138506
0.0226908
0.0205463
0.0383472
0.0265875
0.0656865
0.0142589
0.132731
-0.0924749
0.42995
-0.808066
0.737193
-0.35495
0.106752
-0.0939737
0.0115506
-0.0340977
0.0011685
-0.00889867
0.00732726
0.00563831
0.0136033
0.0128523
0.015649
0.0140162
0.0140501
0.0119169
0.01199
0.0104186
0.0133346
0.0126971
0.0208662
0.0193134
0.0358409
0.0258552
0.0615746
0.0157628
0.122086
-0.0794274
0.383553
-0.709371
0.640864
-0.31059
0.0938955
-0.0842634
0.0100257
-0.0303522
0.00196123
-0.00645319
0.00869851
0.00754569
0.0149154
0.0141819
0.0165124
0.014643
0.0142384
0.011791
0.0114208
0.00960442
0.0120407
0.011406
0.0189594
0.0179267
0.0333548
0.0250131
0.0577477
0.0172228
0.112252
-0.0666155
0.339034
-0.613128
0.547507
-0.268541
0.0813572
-0.075461
0.00855418
-0.0268946
0.00287388
-0.00401376
0.0102347
0.0095463
0.0163731
0.0156054
0.0174648
0.0153157
0.0144464
0.0116442
0.0108048
0.00870045
0.0106526
0.00996931
0.01696
0.0163758
0.0308765
0.0240531
0.0542127
0.0186338
0.103334
-0.0541127
0.296839
-0.51984
0.45798
-0.22949
0.0692715
-0.0677025
0.00715318
-0.0237335
0.00391865
-0.00156758
0.0119474
0.0116507
0.0179846
0.0171283
0.0185103
0.0160363
0.0146752
0.0114756
0.01014
0.00770273
0.00916481
0.00837881
0.0148574
0.0146492
0.0283932
0.0229625
0.0509778
0.0199774
0.0954671
-0.0420557
0.25766
-0.430366
0.373567
-0.194363
0.0577884
-0.0611279
0.00583851
-0.0208697
0.00510873
0.000902573
0.0138491
0.013872
0.0197588
0.0187578
0.0196537
0.0168075
0.0149257
0.0112847
0.00942406
0.0066068
0.00757036
0.00662571
0.0126384
0.012734
0.0258872
0.0217276
0.0480434
0.0212368
0.0887927
-0.0305969
0.222422
-0.345993
0.296071
-0.164512
0.0470065
-0.0558748
0.00462227
-0.0182785
0.00648198
0.00344753
0.0159855
0.0162564
0.0217336
0.0205253
0.0209175
0.0176434
0.0152028
0.0110672
0.00864356
0.00539059
0.00583824
0.00467226
0.010257
0.0105844
0.0233073
0.0203095
0.0453835
0.022398
0.0834475
-0.0198376
0.192482
-0.268522
0.229666
-0.143378
0.0376309
-0.0524228
0.00371032
-0.0159868
0.00819367
0.00615419
0.0184956
0.018904
0.0240159
0.0225053
0.0223645
0.0185776
0.0155215
0.0108104
0.00776703
0.00399307
0.00389544
0.00241224
0.00761313
0.00806046
0.0205652
0.0185503
0.0430231
0.0232504
0.0799099
-0.0104899
0.171289
-0.202131
0.18674
-0.140406
0.0346464
-0.0529582
0.00437178
-0.0146093
0.0105356
0.00873731
0.0213737
0.0216113
0.0265213
0.0245524
0.0239253
0.0195377
0.0158737
0.01052
0.00686464
0.00248156
0.00188595
-7.12225e-05
0.00491065
0.00516679
0.0179489
0.0161557
0.041583
0.0225168
0.0803788
-0.007557
0.168299
-0.159211
)
;

boundaryField
{
    movingWall
    {
        type            zeroGradient;
    }
    Inlet
    {
        type            cyclic;
    }
    Outlet
    {
        type            cyclic;
    }
    Bottom
    {
        type            zeroGradient;
    }
    frontAndBack
    {
        type            empty;
    }
}


// ************************************************************************* //
