/*--------------------------------*- C++ -*----------------------------------*\
| =========                 |                                                 |
| \\      /  F ield         | OpenFOAM: The Open Source CFD Toolbox           |
|  \\    /   O peration     | Version:  2.4.0                                 |
|   \\  /    A nd           | Web:      www.OpenFOAM.org                      |
|    \\/     M anipulation  |                                                 |
\*---------------------------------------------------------------------------*/
FoamFile
{
    version     2.0;
    format      ascii;
    class       volVectorField;
    location    "0.04";
    object      wallShearStress;
}
// * * * * * * * * * * * * * * * * * * * * * * * * * * * * * * * * * * * * * //

dimensions      [0 2 -2 0 0 0 0];

internalField   uniform (0 0 0);

boundaryField
{
    movingWall
    {
        type            calculated;
        value           nonuniform List<vector> 
90
(
(3.02426 -0.0135785 0)
(2.93369 0.0177366 -8.85867e-22)
(3.00945 -0.00332155 2.30835e-21)
(2.97774 0.00409521 1.93159e-21)
(2.99675 -0.00122757 -5.17983e-23)
(2.98499 0.000457333 -3.8912e-23)
(2.98521 -0.00142698 -4.01827e-22)
(2.97571 -0.000903886 3.96434e-22)
(2.96965 -0.00159707 1.47844e-22)
(2.95975 -0.00127125 3.82413e-22)
(2.95227 -0.00136093 -1.80926e-22)
(2.94429 -0.00104835 -2.22921e-22)
(2.93795 -0.000883411 -2.79579e-22)
(2.93336 -0.000472063 -3.00575e-23)
(2.93142 -0.000185545 1.89806e-23)
(2.93142 0.000174092 1.68404e-23)
(2.93336 0.000461405 2.29547e-23)
(2.93795 0.000846277 -2.06012e-23)
(2.94375 0.00101272 0)
(2.95174 0.00136032 0)
(2.95923 0.00124208 -3.06227e-23)
(2.96864 0.00160579 0)
(2.97523 0.000941144 2.53061e-22)
(2.98474 0.0014483 -4.4574e-22)
(2.98454 -0.00042122 -6.54283e-22)
(2.99675 0.00129127 0)
(2.97773 -0.00407657 0)
(3.00984 0.00337446 6.93715e-22)
(2.93369 -0.017815 -1.23842e-21)
(3.02426 0.0135883 -5.02704e-23)
(3.02426 -0.0135785 7.51657e-21)
(2.93369 0.0177366 1.0378e-21)
(3.00945 -0.00332155 -2.30968e-21)
(2.97774 0.00409521 0)
(2.99675 -0.00122757 0)
(2.98499 0.000457351 -2.44091e-22)
(2.98521 -0.00142696 0)
(2.97571 -0.000903858 1.66333e-22)
(2.96965 -0.00159703 0)
(2.95975 -0.00127122 -3.83146e-22)
(2.95227 -0.0013609 1.81351e-22)
(2.94429 -0.00104833 2.04302e-22)
(2.93795 -0.000883393 -8.64562e-23)
(2.93336 -0.000472052 5.01294e-24)
(2.93142 -0.000185541 0)
(2.93142 0.000174091 1.68592e-23)
(2.93336 0.000461401 2.29851e-23)
(2.93795 0.00084627 -1.7293e-23)
(2.94375 0.00101272 0)
(2.95174 0.00136032 0)
(2.95923 0.00124207 3.05502e-23)
(2.96864 0.00160579 0)
(2.97523 0.000941143 2.44808e-22)
(2.98474 0.0014483 0)
(2.98454 -0.00042122 -6.54162e-22)
(2.99675 0.00129127 0)
(2.97773 -0.00407656 -5.25808e-22)
(3.00984 0.00337446 -9.0185e-23)
(2.93369 -0.017815 5.10311e-23)
(3.02426 0.0135883 -5.02261e-23)
(3.02426 -0.0135785 -7.8203e-21)
(2.93369 0.0177366 1.53251e-22)
(3.00945 -0.00332155 -1.52994e-21)
(2.97774 0.0040952 1.17349e-22)
(2.99675 -0.00122758 0)
(2.98499 0.000457334 -2.75004e-22)
(2.98521 -0.00142697 3.11966e-23)
(2.97571 -0.000903871 -1.6641e-22)
(2.96965 -0.00159705 0)
(2.95975 -0.00127123 -3.8273e-22)
(2.95227 -0.00136091 0)
(2.94429 -0.00104833 2.11995e-22)
(2.93795 -0.000883398 0)
(2.93336 -0.000472057 -8.16304e-23)
(2.93142 -0.000185549 0)
(2.93142 0.000174076 -9.92417e-24)
(2.93336 0.000461378 5.22293e-24)
(2.93795 0.000846237 1.72836e-23)
(2.94375 0.00101267 0)
(2.95174 0.00136026 0)
(2.95923 0.00124201 0)
(2.96864 0.00160572 0)
(2.97523 0.000941077 -2.52222e-22)
(2.98474 0.00144824 -1.90685e-22)
(2.98454 -0.000421268 -2.14694e-22)
(2.99675 0.00129123 0)
(2.97773 -0.00407658 0)
(3.00984 0.00337446 0)
(2.93369 -0.017815 0)
(3.02426 0.0135883 0)
)
;
    }
    Inlet
    {
        type            cyclic;
    }
    Outlet
    {
        type            cyclic;
    }
    Bottom
    {
        type            calculated;
        value           nonuniform List<vector> 
90
(
(-0.00393399 -0.00460536 3.14445e-37)
(-0.00579214 -0.00859178 -6.01976e-20)
(0.0298743 0.0512789 2.50399e-20)
(0.0883657 0.138946 4.64349e-21)
(0.108561 0.147212 -5.1985e-19)
(0.0443888 0.0401542 1.51505e-18)
(-0.131095 -0.157985 1.63763e-20)
(-0.444676 -0.412178 -1.57198e-20)
(-0.913129 -0.680395 -2.7995e-18)
(-1.52379 -0.909479 4.28751e-20)
(-2.22665 -1.04366 -1.3791e-18)
(-2.94264 -1.04089 -1.34344e-18)
(-3.58136 -0.885894 -1.06207e-18)
(-4.05928 -0.594445 7.52316e-36)
(-4.31383 -0.209335 2.39188e-21)
(-4.31194 0.208818 5.10605e-37)
(-4.0541 0.59335 -2.28383e-21)
(-3.57411 0.883915 8.83738e-20)
(-2.93494 1.03815 1.3063e-18)
(-2.21995 1.04065 -9.619e-20)
(-1.519 0.906822 1.91712e-20)
(-0.910401 0.678559 -5.29498e-18)
(-0.443544 0.411254 -1.22492e-19)
(-0.130831 0.157714 1.93829e-18)
(0.0443883 -0.0401668 7.31337e-19)
(0.108566 -0.147217 4.9404e-19)
(0.0883885 -0.138974 -4.13774e-36)
(0.0298811 -0.0512886 4.19029e-21)
(-0.00579369 0.00859682 -4.57222e-20)
(-0.00392747 0.00461083 1.30847e-20)
(-0.00392664 -0.00460523 -2.20405e-38)
(-0.00579097 -0.00859166 -3.10465e-20)
(0.029872 0.0512793 4.18844e-21)
(0.0883624 0.138946 0)
(0.10856 0.147213 5.05843e-19)
(0.0443886 0.0401552 7.78731e-19)
(-0.131095 -0.157984 1.99751e-18)
(-0.444674 -0.412177 -2.42353e-18)
(-0.913129 -0.680395 -2.58889e-18)
(-1.52379 -0.909479 -1.53271e-18)
(-2.22664 -1.04366 -9.92163e-20)
(-2.94264 -1.04089 8.99382e-21)
(-3.58136 -0.885894 8.03015e-20)
(-4.05928 -0.594445 2.33447e-21)
(-4.31383 -0.209335 -2.93874e-39)
(-4.31194 0.208818 2.27093e-36)
(-4.0541 0.59335 -7.6172e-36)
(-3.57411 0.883915 8.44369e-20)
(-2.93494 1.03815 -1.30634e-18)
(-2.21995 1.04065 1.3169e-18)
(-1.519 0.906822 4.20452e-20)
(-0.910401 0.678559 -2.16264e-20)
(-0.443544 0.411254 -2.37966e-18)
(-0.130831 0.157714 1.59148e-20)
(0.0443884 -0.0401668 7.16162e-19)
(0.108566 -0.147217 1.57391e-20)
(0.0883886 -0.138974 -1.98402e-19)
(0.0298811 -0.0512886 3.28985e-22)
(-0.00579369 0.00859682 1.6163e-38)
(-0.00392746 0.00461083 8.71344e-21)
(-0.00392659 -0.00460524 1.06529e-38)
(-0.00579097 -0.00859166 2.57139e-39)
(0.029872 0.0512793 -7.86982e-22)
(0.0883624 0.138946 -2.26033e-19)
(0.10856 0.147213 6.75939e-21)
(0.0443888 0.0401552 7.54694e-19)
(-0.131095 -0.157984 1.90089e-18)
(-0.444674 -0.412177 -1.07026e-19)
(-0.913129 -0.680395 2.20631e-20)
(-1.52379 -0.909479 -4.2873e-20)
(-2.22664 -1.04366 3.10445e-20)
(-2.94264 -1.04089 -1.34339e-18)
(-3.58136 -0.885894 8.82823e-20)
(-4.05928 -0.594445 3.12145e-19)
(-4.31383 -0.209335 -2.98431e-20)
(-4.31194 0.208818 -2.87032e-20)
(-4.0541 0.59335 2.28383e-21)
(-3.57411 0.883915 8.05003e-20)
(-2.93494 1.03815 -6.01853e-36)
(-2.21995 1.04065 1.32803e-18)
(-1.519 0.906822 1.40506e-18)
(-0.910401 0.678559 -2.16255e-20)
(-0.443546 0.411255 -2.36429e-18)
(-0.130833 0.157715 3.78417e-18)
(0.0443874 -0.0401662 1.23894e-20)
(0.108565 -0.147217 1.57372e-20)
(0.0883864 -0.138974 -5.96891e-22)
(0.0298777 -0.05129 3.29277e-22)
(-0.00579342 0.00859631 4.56699e-20)
(-0.00392607 0.00461037 8.69699e-21)
)
;
    }
    frontAndBack
    {
        type            empty;
    }
}


// ************************************************************************* //
